2019,'1496174',1317,,878,116,,,0
2019,'1496175',1447,,879,116,,,0
2019,'1496179',1417,,880,116,,,0
2019,'1496181',1547,,881,116,,,0
2019,'1496183',1047,,882,116,,,0
2019,'1496184',1617,,883,116,,,0
2019,'1496185',1017,,884,116,,,0
2019,'1496187',1217,,885,116,,,0
2019,'1496188',947,,886,116,,,0
2019,'1496189',917,,887,116,,,0
2019,'1496191',1117,,888,116,,,0
2019,'1496194',1647,,889,116,,,0
2019,'1496198',817,,890,116,,,0
2019,'1496200',1817,,891,116,,,0
2019,'1496204',1517,,892,116,,,0
2019,'1496206',1147,,893,116,,,0
2019,'1496208',1247,,894,116,,,0
2019,'1496209',1717,,895,116,,,0
2019,'1496210',1847,,896,116,,,0
2019,'1496211',1747,,897,116,,,0
2019,'1496215',847,,898,116,,,0
2019,'1496216',1347,,899,116,,,0
2019,'1496218',747,,900,116,,,0
2019,'1496219',617,,901,30,,,0
2019,'1496220',647,,902,84,,,0
2019,'1496223',2332,,903,116,,,0
2019,'1496224',1317,,904,116,,,0
2019,'1496225',1447,,905,116,,,0
2019,'1496227',2232,,906,116,,,0
2019,'1496228',1932,,907,116,,,0
2019,'1496232',1417,,908,116,,,0
2019,'1496234',1547,,909,116,,,0
2019,'1496236',1047,,910,116,,,0
2019,'1496237',1617,,911,116,,,0
2019,'1496238',1017,,912,116,,,0
2019,'1496240',1217,,913,116,,,0
2019,'1496242',947,,914,116,,,0
2019,'1496243',917,,915,116,,,0
2019,'1496245',1117,,916,116,,,0
2019,'1496248',1647,,917,116,,,0
2019,'1496253',2132,,918,116,,,0
2019,'1496255',817,,919,116,,,0
2019,'1496257',1817,,920,116,,,0
2019,'1496262',1517,,922,116,,,0
2019,'1496264',1147,,923,116,,,0
2019,'1496266',1247,,924,116,,,0
2019,'1496267',1717,,925,116,,,0
2019,'1496268',1847,,926,116,,,0
2019,'1496269',1747,,927,116,,,0
2019,'1496274',847,,928,116,,,0
2019,'1496275',1347,,929,116,,,0
2019,'1496277',747,,930,116,,,0
2019,'1496278',617,,931,30,,,0
2019,'1496279',647,,932,94,,,0
2019,'1496280',2032,,933,116,,,0
2019,'1496490',1832,,934,116,,,0
2019,'1496491',2232,,935,116,,,0
2019,'1496492',1432,,936,116,,,0
2019,'1496494',1232,,937,116,,,0
2019,'1496495',1532,,938,116,,,0
2019,'1496498',2132,,939,116,,,0
2019,'1496499',832,,940,116,,,0
2019,'1496505',1332,,941,116,,,0
2019,'1496507',2332,,942,116,,,0
2019,'1496510',1632,,943,116,,,0
2019,'1496511',1932,,944,116,,,0
2019,'1496512',1132,,945,116,,,0
2019,'1496516',1032,,946,116,,,0
2019,'1496518',932,,947,116,,,0
2019,'1496520',1732,,948,116,,,0
2019,'1496521',2032,,949,116,,,0
2019,'1496523',732,,950,116,,,0
2019,'1496524',702,,951,84,,,0
2019,'1496594',1832,,953,116,,,0
2019,'1496595',2232,,954,116,,,0
2019,'1496596',1432,,955,116,,,0
2019,'1496598',1232,,956,116,,,0
2019,'1496599',1532,,957,116,,,0
2019,'1496602',2132,,958,116,,,0
2019,'1496603',832,,959,116,,,0
2019,'1496609',1332,,960,116,,,0
2019,'1496613',1632,,961,116,,,0
2019,'1496614',1932,,962,116,,,0
2019,'1496615',1132,,963,116,,,0
2019,'1496619',1032,,964,116,,,0
2019,'1496621',932,,965,116,,,0
2019,'1496623',1732,,966,116,,,0
2019,'1496624',2032,,967,116,,,0
2019,'1496625',802,,968,84,,,0
