1029,'1496065',1428,,792,23,,,0
1029,'1496066',1528,,793,23,,,0
1029,'1496068',1628,,794,23,,,0
1029,'1496070',728,,795,23,,,0
1029,'1496073',1028,,796,23,,,0
1029,'1496077',858,,797,23,,,0
1029,'1496078',1658,,798,23,,,0
1029,'1496079',1558,,799,23,,,0
1029,'1496081',1158,,800,23,,,0
1029,'1496082',1228,,801,23,,,0
1029,'1496083',1358,,802,23,,,0
1029,'1496084',958,,803,23,,,0
1029,'1496086',658,,804,23,,,0
1029,'1496088',1728,,805,23,,,0
1029,'1496092',1328,,806,23,,,0
1029,'1496094',928,,807,23,,,0
1029,'1496096',1128,,808,23,,,0
1029,'1496098',828,,809,23,,,0
1029,'1496101',758,,810,23,,,0
1029,'1496105',1458,,811,23,,,0
1029,'1496106',1258,,812,23,,,0
1029,'1496108',1058,,813,23,,,0
1029,'1496294',1428,,815,23,,,0
1029,'1496295',1528,,816,23,,,0
1029,'1496297',1628,,817,23,,,0
1029,'1496299',728,,818,23,,,0
1029,'1496300',2058,,819,23,,,0
1029,'1496304',1028,,820,23,,,0
1029,'1496309',1958,,821,23,,,0
1029,'1496310',858,,822,23,,,0
1029,'1496311',1658,,823,23,,,0
1029,'1496312',1558,,824,23,,,0
1029,'1496316',1758,,825,23,,,0
1029,'1496317',1158,,826,23,,,0
1029,'1496318',1228,,827,23,,,0
1029,'1496319',1358,,828,23,,,0
1029,'1496320',958,,829,23,,,0
1029,'1496322',658,,830,23,,,0
1029,'1496324',1828,,831,23,,,0
1029,'1496325',1728,,832,23,,,0
1029,'1496329',1328,,833,23,,,0
1029,'1496332',928,,834,23,,,0
1029,'1496333',2158,,835,23,,,0
1029,'1496335',1128,,836,23,,,0
1029,'1496337',2258,,837,23,,,0
1029,'1496339',828,,838,23,,,0
1029,'1496342',758,,839,23,,,0
1029,'1496346',1458,,840,23,,,0
1029,'1496347',1258,,841,23,,,0
1029,'1496349',1058,,842,23,,,0
1029,'1496354',1858,,844,23,,,0
1029,'1496527',1858,,845,23,,,0
1029,'1496528',2058,,846,23,,,0
1029,'1496533',1758,,847,23,,,0
1029,'1496534',2158,,848,23,,,0
1029,'1496535',1258,,849,23,,,0
1029,'1496537',1058,,850,23,,,0
1029,'1496539',958,,851,23,,,0
1029,'1496540',1958,,852,23,,,0
1029,'1496542',658,,853,23,,,0
1029,'1496544',2258,,854,23,,,0
1029,'1496545',1458,,855,23,,,0
1029,'1496547',1558,,856,23,,,0
1029,'1496550',758,,857,23,,,0
1029,'1496551',1158,,858,23,,,0
1029,'1496552',858,,859,23,,,0
1029,'1496555',1658,,860,23,,,0
1029,'1496556',1358,,861,23,,,0
1029,'1496562',1858,,862,23,,,0
1029,'1496563',2058,,863,23,,,0
1029,'1496567',1758,,864,23,,,0
1029,'1496568',2158,,865,23,,,0
1029,'1496569',1258,,866,23,,,0
1029,'1496571',1058,,867,23,,,0
1029,'1496573',958,,868,23,,,0
1029,'1496574',1958,,869,23,,,0
1029,'1496577',2258,,870,23,,,0
1029,'1496578',1458,,871,23,,,0
1029,'1496580',1558,,872,23,,,0
1029,'1496583',758,,873,23,,,0
1029,'1496584',1158,,874,23,,,0
1029,'1496585',858,,875,23,,,0
1029,'1496588',1658,,876,23,,,0
1029,'1496589',1358,,877,23,,,0
2029,'1497044',902,,973,24,,,0
2029,'1497045',1402,,974,24,,,0
2029,'1497046',1202,,975,24,,,0
2029,'1497047',1232,,976,24,,,0
2029,'1497048',1532,,977,24,,,0
2029,'1497049',932,,978,24,,,0
2029,'1497050',802,,979,24,,,0
2029,'1497051',1602,,980,24,,,0
2029,'1497052',1432,,981,24,,,0
2029,'1497053',1032,,982,24,,,0
2029,'1497054',702,,983,24,,,0
2029,'1497055',1302,,984,24,,,0
2029,'1497056',1632,,985,24,,,0
2029,'1497057',1502,,986,24,,,0
2029,'1497058',1332,,987,24,,,0
2029,'1497059',732,,988,24,,,0
2029,'1497060',1702,,989,24,,,0
2029,'1497061',1002,,990,24,,,0
2029,'1497062',832,,991,24,,,0
2029,'1497063',1132,,992,24,,,0
2029,'1497064',1102,,993,24,,,0
2029,'1497065',1732,,994,24,,,0
2029,'1497066',2002,,995,24,,,0
2029,'1497067',902,,996,24,,,0
2029,'1497068',1402,,997,24,,,0
2029,'1497069',1202,,998,24,,,0
2029,'1497070',1802,,999,24,,,0
2029,'1497071',1232,,1000,24,,,0
2029,'1497072',1532,,1001,24,,,0
2029,'1497073',932,,1002,24,,,0
2029,'1497074',2202,,1003,24,,,0
2029,'1497075',802,,1004,24,,,0
2029,'1497076',1602,,1005,24,,,0
2029,'1497077',1432,,1006,24,,,0
2029,'1497078',2258,,1007,24,,,0
2029,'1497079',1032,,1008,24,,,0
2029,'1497080',702,,1009,24,,,0
2029,'1497081',1302,,1010,24,,,0
2029,'1497082',1902,,1011,24,,,0
2029,'1497083',1632,,1012,24,,,0
2029,'1497084',1502,,1013,24,,,0
2029,'1497085',1332,,1014,24,,,0
2029,'1497086',732,,1015,24,,,0
2029,'1497087',1702,,1016,24,,,0
2029,'1497088',1002,,1017,24,,,0
2029,'1497089',832,,1018,24,,,0
2029,'1497090',2102,,1019,24,,,0
2029,'1497091',1132,,1020,24,,,0
2029,'1497092',1102,,1021,24,,,0
2029,'1497093',1732,,1022,24,,,0
2029,'1497094',1702,,1023,24,,,0
2029,'1497095',1102,,1024,24,,,0
2029,'1497096',2202,,1025,24,,,0
2029,'1497097',2258,,1026,24,,,0
2029,'1497098',1002,,1027,24,,,0
2029,'1497099',2002,,1028,24,,,0
2029,'1497100',902,,1029,24,,,0
2029,'1497101',1502,,1030,24,,,0
2029,'1497102',2102,,1031,24,,,0
2029,'1497103',1802,,1032,24,,,0
2029,'1497104',1202,,1033,24,,,0
2029,'1497105',1402,,1034,24,,,0
2029,'1497106',802,,1035,24,,,0
2029,'1497107',1302,,1036,24,,,0
2029,'1497108',1902,,1037,24,,,0
2029,'1497109',1602,,1038,24,,,0
2029,'1497110',702,,1039,24,,,0
2029,'1497111',1702,,1040,24,,,0
2029,'1497112',1102,,1041,24,,,0
2029,'1497113',2202,,1042,24,,,0
2029,'1497114',2258,,1043,24,,,0
2029,'1497115',1002,,1044,24,,,0
2029,'1497116',2002,,1045,24,,,0
2029,'1497117',902,,1046,24,,,0
2029,'1497118',1502,,1047,24,,,0
2029,'1497119',2102,,1048,24,,,0
2029,'1497120',1802,,1049,24,,,0
2029,'1497121',1202,,1050,24,,,0
2029,'1497122',1402,,1051,24,,,0
2029,'1497123',802,,1052,24,,,0
2029,'1497124',1302,,1053,24,,,0
2029,'1497125',1902,,1054,24,,,0
2029,'1497126',1602,,1055,24,,,0
