2029,'1497044',907,,973,32,,,0
2029,'1497045',1407,,974,32,,,0
2029,'1497046',1207,,975,32,,,0
2029,'1497047',1237,,976,32,,,0
2029,'1497048',1537,,977,32,,,0
2029,'1497049',937,,978,32,,,0
2029,'1497050',807,,979,32,,,0
2029,'1497051',1607,,980,32,,,0
2029,'1497052',1437,,981,32,,,0
2029,'1497053',1037,,982,32,,,0
2029,'1497054',707,,983,32,,,0
2029,'1497055',1307,,984,32,,,0
2029,'1497056',1637,,985,32,,,0
2029,'1497057',1507,,986,32,,,0
2029,'1497058',1337,,987,32,,,0
2029,'1497059',737,,988,32,,,0
2029,'1497060',1707,,989,32,,,0
2029,'1497061',1007,,990,32,,,0
2029,'1497062',837,,991,32,,,0
2029,'1497063',1137,,992,32,,,0
2029,'1497064',1107,,993,32,,,0
2029,'1497065',1737,,994,32,,,0
2029,'1497066',2007,,995,32,,,0
2029,'1497067',907,,996,32,,,0
2029,'1497068',1407,,997,32,,,0
2029,'1497069',1207,,998,32,,,0
2029,'1497070',1807,,999,32,,,0
2029,'1497071',1237,,1000,32,,,0
2029,'1497072',1537,,1001,32,,,0
2029,'1497073',937,,1002,32,,,0
2029,'1497074',2207,,1003,32,,,0
2029,'1497075',807,,1004,32,,,0
2029,'1497076',1607,,1005,32,,,0
2029,'1497077',1437,,1006,32,,,0
2029,'1497078',2304,,1007,32,,,0
2029,'1497079',1037,,1008,32,,,0
2029,'1497080',707,,1009,32,,,0
2029,'1497081',1307,,1010,32,,,0
2029,'1497082',1907,,1011,32,,,0
2029,'1497083',1637,,1012,32,,,0
2029,'1497084',1507,,1013,32,,,0
2029,'1497085',1337,,1014,32,,,0
2029,'1497086',737,,1015,32,,,0
2029,'1497087',1707,,1016,32,,,0
2029,'1497088',1007,,1017,32,,,0
2029,'1497089',837,,1018,32,,,0
2029,'1497090',2107,,1019,32,,,0
2029,'1497091',1137,,1020,32,,,0
2029,'1497092',1107,,1021,32,,,0
2029,'1497093',1737,,1022,32,,,0
2029,'1497094',1707,,1023,32,,,0
2029,'1497095',1107,,1024,32,,,0
2029,'1497096',2207,,1025,32,,,0
2029,'1497097',2304,,1026,32,,,0
2029,'1497098',1007,,1027,32,,,0
2029,'1497099',2007,,1028,32,,,0
2029,'1497100',907,,1029,32,,,0
2029,'1497101',1507,,1030,32,,,0
2029,'1497102',2107,,1031,32,,,0
2029,'1497103',1807,,1032,32,,,0
2029,'1497104',1207,,1033,32,,,0
2029,'1497105',1407,,1034,32,,,0
2029,'1497106',807,,1035,32,,,0
2029,'1497107',1307,,1036,32,,,0
2029,'1497108',1907,,1037,32,,,0
2029,'1497109',1607,,1038,32,,,0
2029,'1497110',707,,1039,32,,,0
2029,'1497111',1707,,1040,32,,,0
2029,'1497112',1107,,1041,32,,,0
2029,'1497113',2207,,1042,32,,,0
2029,'1497114',2304,,1043,32,,,0
2029,'1497115',1007,,1044,32,,,0
2029,'1497116',2007,,1045,32,,,0
2029,'1497117',907,,1046,32,,,0
2029,'1497118',1507,,1047,32,,,0
2029,'1497119',2107,,1048,32,,,0
2029,'1497120',1807,,1049,32,,,0
2029,'1497121',1207,,1050,32,,,0
2029,'1497122',1407,,1051,32,,,0
2029,'1497123',807,,1052,32,,,0
2029,'1497124',1307,,1053,32,,,0
2029,'1497125',1907,,1054,32,,,0
2029,'1497126',1607,,1055,32,,,0
