3019,'1496125',1606,,1056,65,,,0
3019,'1496128',1736,,1059,65,,,0
3019,'1496129',906,,1060,65,,,0
3019,'1496130',736,,1061,65,,,0
3019,'1496131',1636,,1062,65,,,0
3019,'1496133',1206,,1064,65,,,0
3019,'1496134',1136,,1065,65,,,0
3019,'1496136',806,,1067,65,,,0
3019,'1496138',936,,1069,65,,,0
3019,'1496141',1406,,1072,65,,,0
3019,'1496142',1336,,1073,65,,,0
3019,'1496144',1506,,1075,65,,,0
3019,'1496146',1306,,1077,65,,,0
3019,'1496151',836,,1082,65,,,0
3019,'1496153',1806,,1084,65,,,0
3019,'1496154',1436,,1085,65,,,0
3019,'1496155',1036,,1086,65,,,0
3019,'1496159',1106,,1090,65,,,0
3019,'1496164',1236,,1095,65,,,0
3019,'1496165',1706,,1096,65,,,0
3019,'1496167',1006,,1098,65,,,0
3019,'1496168',1536,,1099,65,,,0
3019,'1496171',606,,1102,9,,,0
3019,'1496173',706,,1104,65,,,0
3019,'1496374',1606,,1105,65,,,0
3019,'1496377',1736,,1108,65,,,0
3019,'1496378',2051,,1109,65,,,0
3019,'1496380',906,,1111,65,,,0
3019,'1496381',736,,1112,65,,,0
3019,'1496382',1636,,1113,65,,,0
3019,'1496385',1206,,1116,65,,,0
3019,'1496386',1136,,1117,65,,,0
3019,'1496388',806,,1119,65,,,0
3019,'1496392',936,,1123,65,,,0
3019,'1496395',2251,,1126,65,,,0
3019,'1496396',1406,,1127,65,,,0
3019,'1496398',1336,,1129,65,,,0
3019,'1496400',1506,,1131,65,,,0
3019,'1496402',1306,,1133,65,,,0
3019,'1496404',2151,,1135,65,,,0
3019,'1496409',836,,1140,65,,,0
3019,'1496411',1806,,1142,65,,,0
3019,'1496412',1436,,1143,65,,,0
3019,'1496413',1036,,1144,65,,,0
3019,'1496417',1106,,1148,65,,,0
3019,'1496422',1236,,1153,65,,,0
3019,'1496423',1706,,1154,65,,,0
3019,'1496425',1006,,1156,65,,,0
3019,'1496426',1536,,1157,65,,,0
3019,'1496427',1851,,1158,65,,,0
3019,'1496429',2346,,1160,65,,,0
3019,'1496431',606,,1162,9,,,0
3019,'1496432',1951,,1163,65,,,0
3019,'1496434',706,,1165,65,,,0
3019,'1496453',751,,1166,65,,,0
3019,'1496455',1451,,1168,65,,,0
3019,'1496457',851,,1170,65,,,0
3019,'1496458',1151,,1171,65,,,0
3019,'1496459',2251,,1172,65,,,0
3019,'1496460',1851,,1173,65,,,0
3019,'1496463',1351,,1176,65,,,0
3019,'1496465',1951,,1178,65,,,0
3019,'1496467',1651,,1180,65,,,0
3019,'1496468',951,,1181,65,,,0
3019,'1496469',1251,,1182,65,,,0
3019,'1496473',2151,,1186,65,,,0
3019,'1496474',1751,,1187,65,,,0
3019,'1496475',1051,,1188,65,,,0
3019,'1496479',1551,,1192,65,,,0
3019,'1496484',2051,,1197,65,,,0
3019,'1496486',621,,1199,9,,,0
3019,'1496487',2346,,1200,65,,,0
3019,'1496488',651,,1201,65,,,0
3019,'1496627',751,,1203,65,,,0
3019,'1496629',1451,,1205,65,,,0
3019,'1496631',851,,1207,65,,,0
3019,'1496632',1151,,1208,65,,,0
3019,'1496633',1851,,1209,65,,,0
3019,'1496636',1351,,1212,65,,,0
3019,'1496638',1951,,1214,65,,,0
3019,'1496640',1651,,1216,65,,,0
3019,'1496641',951,,1217,65,,,0
3019,'1496642',1251,,1218,65,,,0
3019,'1496645',2151,,1221,65,,,0
3019,'1496646',1751,,1222,65,,,0
3019,'1496647',1051,,1223,65,,,0
3019,'1496651',1551,,1227,65,,,0
3019,'1496656',2051,,1232,65,,,0
3019,'1496658',721,,1234,9,,,0
3019,'1496659',2346,,1235,65,,,0
