1029,'1496065',1426,,792,20,,,0
1029,'1496066',1526,,793,20,,,0
1029,'1496068',1626,,794,20,,,0
1029,'1496070',726,,795,20,,,0
1029,'1496073',1026,,796,20,,,0
1029,'1496077',856,,797,20,,,0
1029,'1496078',1656,,798,20,,,0
1029,'1496079',1556,,799,20,,,0
1029,'1496081',1156,,800,20,,,0
1029,'1496082',1226,,801,20,,,0
1029,'1496083',1356,,802,20,,,0
1029,'1496084',956,,803,20,,,0
1029,'1496086',656,,804,20,,,0
1029,'1496088',1726,,805,20,,,0
1029,'1496092',1326,,806,20,,,0
1029,'1496094',926,,807,20,,,0
1029,'1496096',1126,,808,20,,,0
1029,'1496098',826,,809,20,,,0
1029,'1496101',756,,810,20,,,0
1029,'1496105',1456,,811,20,,,0
1029,'1496106',1256,,812,20,,,0
1029,'1496108',1056,,813,20,,,0
1029,'1496294',1426,,815,20,,,0
1029,'1496295',1526,,816,20,,,0
1029,'1496297',1626,,817,20,,,0
1029,'1496299',726,,818,20,,,0
1029,'1496300',2056,,819,20,,,0
1029,'1496304',1026,,820,20,,,0
1029,'1496309',1956,,821,20,,,0
1029,'1496310',856,,822,20,,,0
1029,'1496311',1656,,823,20,,,0
1029,'1496312',1556,,824,20,,,0
1029,'1496316',1756,,825,20,,,0
1029,'1496317',1156,,826,20,,,0
1029,'1496318',1226,,827,20,,,0
1029,'1496319',1356,,828,20,,,0
1029,'1496320',956,,829,20,,,0
1029,'1496322',656,,830,20,,,0
1029,'1496324',1826,,831,20,,,0
1029,'1496325',1726,,832,20,,,0
1029,'1496329',1326,,833,20,,,0
1029,'1496332',926,,834,20,,,0
1029,'1496333',2156,,835,20,,,0
1029,'1496335',1126,,836,20,,,0
1029,'1496337',2256,,837,20,,,0
1029,'1496339',826,,838,20,,,0
1029,'1496342',756,,839,20,,,0
1029,'1496346',1456,,840,20,,,0
1029,'1496347',1256,,841,20,,,0
1029,'1496349',1056,,842,20,,,0
1029,'1496354',1856,,844,20,,,0
1029,'1496527',1856,,845,20,,,0
1029,'1496528',2056,,846,20,,,0
1029,'1496533',1756,,847,20,,,0
1029,'1496534',2156,,848,20,,,0
1029,'1496535',1256,,849,20,,,0
1029,'1496537',1056,,850,20,,,0
1029,'1496539',956,,851,20,,,0
1029,'1496540',1956,,852,20,,,0
1029,'1496542',656,,853,20,,,0
1029,'1496544',2256,,854,20,,,0
1029,'1496545',1456,,855,20,,,0
1029,'1496547',1556,,856,20,,,0
1029,'1496550',756,,857,20,,,0
1029,'1496551',1156,,858,20,,,0
1029,'1496552',856,,859,20,,,0
1029,'1496555',1656,,860,20,,,0
1029,'1496556',1356,,861,20,,,0
1029,'1496562',1856,,862,20,,,0
1029,'1496563',2056,,863,20,,,0
1029,'1496567',1756,,864,20,,,0
1029,'1496568',2156,,865,20,,,0
1029,'1496569',1256,,866,20,,,0
1029,'1496571',1056,,867,20,,,0
1029,'1496573',956,,868,20,,,0
1029,'1496574',1956,,869,20,,,0
1029,'1496577',2256,,870,20,,,0
1029,'1496578',1456,,871,20,,,0
1029,'1496580',1556,,872,20,,,0
1029,'1496583',756,,873,20,,,0
1029,'1496584',1156,,874,20,,,0
1029,'1496585',856,,875,20,,,0
1029,'1496588',1656,,876,20,,,0
1029,'1496589',1356,,877,20,,,0
2029,'1497044',859,,973,21,,,0
2029,'1497045',1359,,974,21,,,0
2029,'1497046',1159,,975,21,,,0
2029,'1497047',1229,,976,21,,,0
2029,'1497048',1529,,977,21,,,0
2029,'1497049',929,,978,21,,,0
2029,'1497050',759,,979,21,,,0
2029,'1497051',1559,,980,21,,,0
2029,'1497052',1429,,981,21,,,0
2029,'1497053',1029,,982,21,,,0
2029,'1497054',659,,983,21,,,0
2029,'1497055',1259,,984,21,,,0
2029,'1497056',1629,,985,21,,,0
2029,'1497057',1459,,986,21,,,0
2029,'1497058',1329,,987,21,,,0
2029,'1497059',729,,988,21,,,0
2029,'1497060',1659,,989,21,,,0
2029,'1497061',959,,990,21,,,0
2029,'1497062',829,,991,21,,,0
2029,'1497063',1129,,992,21,,,0
2029,'1497064',1059,,993,21,,,0
2029,'1497065',1729,,994,21,,,0
2029,'1497066',1959,,995,21,,,0
2029,'1497067',859,,996,21,,,0
2029,'1497068',1359,,997,21,,,0
2029,'1497069',1159,,998,21,,,0
2029,'1497070',1759,,999,21,,,0
2029,'1497071',1229,,1000,21,,,0
2029,'1497072',1529,,1001,21,,,0
2029,'1497073',929,,1002,21,,,0
2029,'1497074',2159,,1003,21,,,0
2029,'1497075',759,,1004,21,,,0
2029,'1497076',1559,,1005,21,,,0
2029,'1497077',1429,,1006,21,,,0
2029,'1497078',2256,,1007,21,,,0
2029,'1497079',1029,,1008,21,,,0
2029,'1497080',659,,1009,21,,,0
2029,'1497081',1259,,1010,21,,,0
2029,'1497082',1859,,1011,21,,,0
2029,'1497083',1629,,1012,21,,,0
2029,'1497084',1459,,1013,21,,,0
2029,'1497085',1329,,1014,21,,,0
2029,'1497086',729,,1015,21,,,0
2029,'1497087',1659,,1016,21,,,0
2029,'1497088',959,,1017,21,,,0
2029,'1497089',829,,1018,21,,,0
2029,'1497090',2059,,1019,21,,,0
2029,'1497091',1129,,1020,21,,,0
2029,'1497092',1059,,1021,21,,,0
2029,'1497093',1729,,1022,21,,,0
2029,'1497094',1659,,1023,21,,,0
2029,'1497095',1059,,1024,21,,,0
2029,'1497096',2159,,1025,21,,,0
2029,'1497097',2255,,1026,21,,,0
2029,'1497098',959,,1027,21,,,0
2029,'1497099',1959,,1028,21,,,0
2029,'1497100',859,,1029,21,,,0
2029,'1497101',1459,,1030,21,,,0
2029,'1497102',2059,,1031,21,,,0
2029,'1497103',1759,,1032,21,,,0
2029,'1497104',1159,,1033,21,,,0
2029,'1497105',1359,,1034,21,,,0
2029,'1497106',759,,1035,21,,,0
2029,'1497107',1259,,1036,21,,,0
2029,'1497108',1859,,1037,21,,,0
2029,'1497109',1559,,1038,21,,,0
2029,'1497110',659,,1039,21,,,0
2029,'1497111',1659,,1040,21,,,0
2029,'1497112',1059,,1041,21,,,0
2029,'1497113',2159,,1042,21,,,0
2029,'1497114',2255,,1043,21,,,0
2029,'1497115',959,,1044,21,,,0
2029,'1497116',1959,,1045,21,,,0
2029,'1497117',859,,1046,21,,,0
2029,'1497118',1459,,1047,21,,,0
2029,'1497119',2059,,1048,21,,,0
2029,'1497120',1759,,1049,21,,,0
2029,'1497121',1159,,1050,21,,,0
2029,'1497122',1359,,1051,21,,,0
2029,'1497123',759,,1052,21,,,0
2029,'1497124',1259,,1053,21,,,0
2029,'1497125',1859,,1054,21,,,0
2029,'1497126',1559,,1055,21,,,0
