3019,'1496125',1550,,1056,40,,,0
3019,'1496128',1720,,1059,40,,,0
3019,'1496129',850,,1060,40,,,0
3019,'1496130',720,,1061,40,,,0
3019,'1496131',1620,,1062,40,,,0
3019,'1496133',1150,,1064,40,,,0
3019,'1496134',1120,,1065,40,,,0
3019,'1496136',750,,1067,40,,,0
3019,'1496138',920,,1069,40,,,0
3019,'1496141',1350,,1072,40,,,0
3019,'1496142',1320,,1073,40,,,0
3019,'1496144',1450,,1075,40,,,0
3019,'1496146',1250,,1077,40,,,0
3019,'1496151',820,,1082,40,,,0
3019,'1496153',1750,,1084,40,,,0
3019,'1496154',1420,,1085,40,,,0
3019,'1496155',1020,,1086,40,,,0
3019,'1496159',1050,,1090,40,,,0
3019,'1496164',1220,,1095,40,,,0
3019,'1496165',1650,,1096,40,,,0
3019,'1496167',950,,1098,40,,,0
3019,'1496168',1520,,1099,40,,,0
3019,'1496173',650,,1104,40,,,0
3019,'1496374',1550,,1105,40,,,0
3019,'1496377',1720,,1108,40,,,0
3019,'1496378',2035,,1109,40,,,0
3019,'1496380',850,,1111,40,,,0
3019,'1496381',720,,1112,40,,,0
3019,'1496382',1620,,1113,40,,,0
3019,'1496385',1150,,1116,40,,,0
3019,'1496386',1120,,1117,40,,,0
3019,'1496388',750,,1119,40,,,0
3019,'1496392',920,,1123,40,,,0
3019,'1496395',2235,,1126,40,,,0
3019,'1496396',1350,,1127,40,,,0
3019,'1496398',1320,,1129,40,,,0
3019,'1496400',1450,,1131,40,,,0
3019,'1496402',1250,,1133,40,,,0
3019,'1496404',2135,,1135,40,,,0
3019,'1496409',820,,1140,40,,,0
3019,'1496411',1750,,1142,40,,,0
3019,'1496412',1420,,1143,40,,,0
3019,'1496413',1020,,1144,40,,,0
3019,'1496417',1050,,1148,40,,,0
3019,'1496422',1220,,1153,40,,,0
3019,'1496423',1650,,1154,40,,,0
3019,'1496425',950,,1156,40,,,0
3019,'1496426',1520,,1157,40,,,0
3019,'1496427',1835,,1158,40,,,0
3019,'1496429',2333,,1160,40,,,0
3019,'1496432',1935,,1163,40,,,0
3019,'1496434',650,,1165,40,,,0
3019,'1496453',735,,1166,40,,,0
3019,'1496455',1435,,1168,40,,,0
3019,'1496457',835,,1170,40,,,0
3019,'1496458',1135,,1171,40,,,0
3019,'1496459',2235,,1172,40,,,0
3019,'1496460',1835,,1173,40,,,0
3019,'1496463',1335,,1176,40,,,0
3019,'1496465',1935,,1178,40,,,0
3019,'1496467',1635,,1180,40,,,0
3019,'1496468',935,,1181,40,,,0
3019,'1496469',1235,,1182,40,,,0
3019,'1496473',2135,,1186,40,,,0
3019,'1496474',1735,,1187,40,,,0
3019,'1496475',1035,,1188,40,,,0
3019,'1496479',1535,,1192,40,,,0
3019,'1496484',2035,,1197,40,,,0
3019,'1496487',2333,,1200,40,,,0
3019,'1496488',635,,1201,40,,,0
3019,'1496627',735,,1203,40,,,0
3019,'1496629',1435,,1205,40,,,0
3019,'1496631',835,,1207,40,,,0
3019,'1496632',1135,,1208,40,,,0
3019,'1496633',1835,,1209,40,,,0
3019,'1496636',1335,,1212,40,,,0
3019,'1496638',1935,,1214,40,,,0
3019,'1496640',1635,,1216,40,,,0
3019,'1496641',935,,1217,40,,,0
3019,'1496642',1235,,1218,40,,,0
3019,'1496645',2135,,1221,40,,,0
3019,'1496646',1735,,1222,40,,,0
3019,'1496647',1035,,1223,40,,,0
3019,'1496651',1535,,1227,40,,,0
3019,'1496656',2035,,1232,40,,,0
3019,'1496659',2333,,1235,40,,,0
