1029,'1496065',1445,,792,45,,,0
1029,'1496066',1545,,793,45,,,0
1029,'1496068',1645,,794,45,,,0
1029,'1496070',745,,795,45,,,0
1029,'1496073',1045,,796,45,,,0
1029,'1496077',915,,797,45,,,0
1029,'1496078',1715,,798,45,,,0
1029,'1496079',1615,,799,45,,,0
1029,'1496081',1215,,800,45,,,0
1029,'1496082',1245,,801,45,,,0
1029,'1496083',1415,,802,45,,,0
1029,'1496084',1015,,803,45,,,0
1029,'1496086',715,,804,45,,,0
1029,'1496088',1745,,805,45,,,0
1029,'1496092',1345,,806,45,,,0
1029,'1496094',945,,807,45,,,0
1029,'1496096',1145,,808,45,,,0
1029,'1496098',845,,809,45,,,0
1029,'1496101',815,,810,45,,,0
1029,'1496105',1515,,811,45,,,0
1029,'1496106',1315,,812,45,,,0
1029,'1496108',1115,,813,45,,,0
1029,'1496294',1445,,815,45,,,0
1029,'1496295',1545,,816,45,,,0
1029,'1496297',1645,,817,45,,,0
1029,'1496299',745,,818,45,,,0
1029,'1496300',2115,,819,45,,,0
1029,'1496304',1045,,820,45,,,0
1029,'1496309',2015,,821,45,,,0
1029,'1496310',915,,822,45,,,0
1029,'1496311',1715,,823,45,,,0
1029,'1496312',1615,,824,45,,,0
1029,'1496316',1815,,825,45,,,0
1029,'1496317',1215,,826,45,,,0
1029,'1496318',1245,,827,45,,,0
1029,'1496319',1415,,828,45,,,0
1029,'1496320',1015,,829,45,,,0
1029,'1496322',715,,830,45,,,0
1029,'1496324',1845,,831,45,,,0
1029,'1496325',1745,,832,45,,,0
1029,'1496329',1345,,833,45,,,0
1029,'1496332',945,,834,45,,,0
1029,'1496333',2215,,835,45,,,0
1029,'1496335',1145,,836,45,,,0
1029,'1496337',2315,,837,45,,,0
1029,'1496339',845,,838,45,,,0
1029,'1496342',815,,839,45,,,0
1029,'1496346',1515,,840,45,,,0
1029,'1496347',1315,,841,45,,,0
1029,'1496349',1115,,842,45,,,0
1029,'1496354',1915,,844,45,,,0
1029,'1496527',1915,,845,45,,,0
1029,'1496528',2115,,846,45,,,0
1029,'1496533',1815,,847,45,,,0
1029,'1496534',2215,,848,45,,,0
1029,'1496535',1315,,849,45,,,0
1029,'1496537',1115,,850,45,,,0
1029,'1496539',1015,,851,45,,,0
1029,'1496540',2015,,852,45,,,0
1029,'1496542',715,,853,45,,,0
1029,'1496544',2315,,854,45,,,0
1029,'1496545',1515,,855,45,,,0
1029,'1496547',1615,,856,45,,,0
1029,'1496550',815,,857,45,,,0
1029,'1496551',1215,,858,45,,,0
1029,'1496552',915,,859,45,,,0
1029,'1496555',1715,,860,45,,,0
1029,'1496556',1415,,861,45,,,0
1029,'1496562',1915,,862,45,,,0
1029,'1496563',2115,,863,45,,,0
1029,'1496567',1815,,864,45,,,0
1029,'1496568',2215,,865,45,,,0
1029,'1496569',1315,,866,45,,,0
1029,'1496571',1115,,867,45,,,0
1029,'1496573',1015,,868,45,,,0
1029,'1496574',2015,,869,45,,,0
1029,'1496577',2315,,870,45,,,0
1029,'1496578',1515,,871,45,,,0
1029,'1496580',1615,,872,45,,,0
1029,'1496583',815,,873,45,,,0
1029,'1496584',1215,,874,45,,,0
1029,'1496585',915,,875,45,,,0
1029,'1496588',1715,,876,45,,,0
1029,'1496589',1415,,877,45,,,0
3019,'1496126',825,,1057,18,0,5,0
3019,'1496127',1025,,1058,18,0,5,0
3019,'1496132',1055,,1063,18,0,5,0
3019,'1496135',1625,,1066,18,0,5,0
3019,'1496137',1425,,1068,18,0,5,0
3019,'1496139',1155,,1070,18,0,5,0
3019,'1496140',725,,1071,18,0,5,0
3019,'1496143',655,,1074,18,0,5,0
3019,'1496145',1725,,1076,18,0,5,0
3019,'1496147',1255,,1078,18,0,5,0
3019,'1496148',955,,1079,18,0,5,0
3019,'1496149',1225,,1080,18,0,5,0
3019,'1496150',1325,,1081,18,0,5,0
3019,'1496152',755,,1083,18,0,5,0
3019,'1496156',925,,1087,18,0,5,0
3019,'1496157',1555,,1088,18,0,5,0
3019,'1496158',1355,,1089,18,0,5,0
3019,'1496160',1655,,1091,18,0,5,0
3019,'1496161',1125,,1092,18,0,5,0
3019,'1496162',1455,,1093,18,0,5,0
3019,'1496166',1525,,1097,18,0,5,0
3019,'1496169',855,,1100,18,0,5,0
3019,'1496375',825,,1106,18,0,5,0
3019,'1496376',1025,,1107,18,0,5,0
3019,'1496379',2055,,1110,18,0,5,0
3019,'1496383',2155,,1114,18,0,5,0
3019,'1496384',1055,,1115,18,0,5,0
3019,'1496387',1625,,1118,18,0,5,0
3019,'1496389',2255,,1120,18,0,5,0
3019,'1496390',1425,,1121,18,0,5,0
3019,'1496391',1855,,1122,18,0,5,0
3019,'1496393',1155,,1124,18,0,5,0
3019,'1496394',725,,1125,18,0,5,0
3019,'1496397',1955,,1128,18,0,5,0
3019,'1496399',655,,1130,18,0,5,0
3019,'1496401',1725,,1132,18,0,5,0
3019,'1496403',1255,,1134,18,0,5,0
3019,'1496405',1755,,1136,18,0,5,0
3019,'1496406',955,,1137,18,0,5,0
3019,'1496407',1225,,1138,18,0,5,0
3019,'1496408',1325,,1139,18,0,5,0
3019,'1496410',755,,1141,18,0,5,0
3019,'1496414',925,,1145,18,0,5,0
3019,'1496415',1555,,1146,18,0,5,0
3019,'1496416',1355,,1147,18,0,5,0
3019,'1496418',1655,,1149,18,0,5,0
3019,'1496419',1125,,1150,18,0,5,0
3019,'1496420',1455,,1151,18,0,5,0
3019,'1496424',1525,,1155,18,0,5,0
3019,'1496428',855,,1159,18,0,5,0
3019,'1496454',1655,,1167,18,0,5,0
3019,'1496456',2155,,1169,18,0,5,0
3019,'1496461',1855,,1174,18,0,5,0
3019,'1496462',1355,,1175,18,0,5,0
3019,'1496464',1955,,1177,18,0,5,0
3019,'1496466',2255,,1179,18,0,5,0
3019,'1496470',1755,,1183,18,0,5,0
3019,'1496471',655,,1184,18,0,5,0
3019,'1496472',855,,1185,18,0,5,0
3019,'1496476',955,,1189,18,0,5,0
3019,'1496477',1255,,1190,18,0,5,0
3019,'1496478',1555,,1191,18,0,5,0
3019,'1496480',1055,,1193,18,0,5,0
3019,'1496481',1455,,1194,18,0,5,0
3019,'1496482',2055,,1195,18,0,5,0
3019,'1496483',755,,1196,18,0,5,0
3019,'1496485',1155,,1198,18,0,5,0
3019,'1496628',1655,,1204,18,0,5,0
3019,'1496630',2155,,1206,18,0,5,0
3019,'1496634',1855,,1210,18,0,5,0
3019,'1496635',1355,,1211,18,0,5,0
3019,'1496637',1955,,1213,18,0,5,0
3019,'1496639',2255,,1215,18,0,5,0
3019,'1496643',1755,,1219,18,0,5,0
3019,'1496644',855,,1220,18,0,5,0
3019,'1496648',955,,1224,18,0,5,0
3019,'1496649',1255,,1225,18,0,5,0
3019,'1496650',1555,,1226,18,0,5,0
3019,'1496652',1055,,1228,18,0,5,0
3019,'1496653',1455,,1229,18,0,5,0
3019,'1496654',2055,,1230,18,0,5,0
3019,'1496655',755,,1231,18,0,5,0
3019,'1496657',1155,,1233,18,0,5,0
