1019,'1496067',701,,702,3,,,0
1019,'1496069',801,,703,3,,,0
1019,'1496071',1531,,704,3,,,0
1019,'1496072',1631,,705,3,,,0
1019,'1496074',731,,706,3,,,0
1019,'1496075',1431,,707,3,,,0
1019,'1496076',1231,,708,3,,,0
1019,'1496080',1331,,709,3,,,0
1019,'1496085',1031,,710,3,,,0
1019,'1496087',1301,,711,3,,,0
1019,'1496089',831,,712,3,,,0
1019,'1496090',1131,,713,3,,,0
1019,'1496091',931,,714,3,,,0
1019,'1496093',1731,,715,3,,,0
1019,'1496095',1001,,716,3,,,0
1019,'1496097',901,,717,3,,,0
1019,'1496099',1401,,718,3,,,0
1019,'1496100',1501,,719,3,,,0
1019,'1496102',631,,720,3,,,0
1019,'1496103',1201,,721,3,,,0
1019,'1496104',1101,,722,3,,,0
1019,'1496107',1701,,723,3,,,0
1019,'1496109',1601,,724,3,,,0
1019,'1496296',701,,726,3,,,0
1019,'1496298',801,,727,3,,,0
1019,'1496301',1531,,728,3,,,0
1019,'1496302',2116,,729,3,,,0
1019,'1496303',1631,,730,3,,,0
1019,'1496305',731,,731,3,,,0
1019,'1496306',1431,,732,3,,,0
1019,'1496307',1231,,733,3,,,0
1019,'1496308',1801,,734,3,,,0
1019,'1496313',1331,,735,3,,,0
1019,'1496314',1916,,736,3,,,0
1019,'1496315',2016,,737,3,,,0
1019,'1496321',1031,,738,3,,,0
1019,'1496323',1301,,739,3,,,0
1019,'1496326',831,,740,3,,,0
1019,'1496327',1131,,741,3,,,0
1019,'1496328',931,,742,3,,,0
1019,'1496330',2316,,743,3,,,0
1019,'1496331',1731,,744,3,,,0
1019,'1496334',1001,,745,3,,,0
1019,'1496336',901,,746,3,,,0
1019,'1496338',2216,,747,3,,,0
1019,'1496340',1401,,748,3,,,0
1019,'1496341',1501,,749,3,,,0
1019,'1496343',631,,750,3,,,0
1019,'1496344',1201,,751,3,,,0
1019,'1496345',1101,,752,3,,,0
1019,'1496348',1701,,753,3,,,0
1019,'1496350',1601,,754,3,,,0
1019,'1496353',1831,,756,3,,,0
1019,'1496526',1316,,757,3,,,0
1019,'1496529',1916,,758,3,,,0
1019,'1496530',716,,759,3,,,0
1019,'1496531',616,,760,3,,,0
1019,'1496532',2016,,761,3,,,0
1019,'1496536',1016,,762,3,,,0
1019,'1496538',1416,,763,3,,,0
1019,'1496541',1616,,764,3,,,0
1019,'1496543',1116,,765,3,,,0
1019,'1496546',2116,,766,3,,,0
1019,'1496548',1516,,767,3,,,0
1019,'1496549',1716,,768,3,,,0
1019,'1496553',916,,769,3,,,0
1019,'1496554',816,,770,3,,,0
1019,'1496557',1216,,771,3,,,0
1019,'1496558',1816,,772,3,,,0
1019,'1496559',2316,,773,3,,,0
1019,'1496560',2216,,774,3,,,0
1019,'1496561',1316,,775,3,,,0
1019,'1496564',1916,,776,3,,,0
1019,'1496565',716,,777,3,,,0
1019,'1496566',2016,,778,3,,,0
1019,'1496570',1016,,779,3,,,0
1019,'1496572',1416,,780,3,,,0
1019,'1496575',1616,,781,3,,,0
1019,'1496576',1116,,782,3,,,0
1019,'1496579',2116,,783,3,,,0
1019,'1496581',1516,,784,3,,,0
1019,'1496582',1716,,785,3,,,0
1019,'1496586',916,,786,3,,,0
1019,'1496587',816,,787,3,,,0
1019,'1496590',1216,,788,3,,,0
1019,'1496591',1816,,789,3,,,0
1019,'1496592',2316,,790,3,,,0
1019,'1496593',2216,,791,3,,,0
