2029,'1497044',847,,973,3,,,0
2029,'1497045',1347,,974,3,,,0
2029,'1497046',1147,,975,3,,,0
2029,'1497047',1217,,976,3,,,0
2029,'1497048',1517,,977,3,,,0
2029,'1497049',917,,978,3,,,0
2029,'1497050',747,,979,3,,,0
2029,'1497051',1547,,980,3,,,0
2029,'1497052',1417,,981,3,,,0
2029,'1497053',1017,,982,3,,,0
2029,'1497054',647,,983,3,,,0
2029,'1497055',1247,,984,3,,,0
2029,'1497056',1617,,985,3,,,0
2029,'1497057',1447,,986,3,,,0
2029,'1497058',1317,,987,3,,,0
2029,'1497059',717,,988,3,,,0
2029,'1497060',1647,,989,3,,,0
2029,'1497061',947,,990,3,,,0
2029,'1497062',817,,991,3,,,0
2029,'1497063',1117,,992,3,,,0
2029,'1497064',1047,,993,3,,,0
2029,'1497065',1717,,994,3,,,0
2029,'1497066',1947,,995,3,,,0
2029,'1497067',847,,996,3,,,0
2029,'1497068',1347,,997,3,,,0
2029,'1497069',1147,,998,3,,,0
2029,'1497070',1747,,999,3,,,0
2029,'1497071',1217,,1000,3,,,0
2029,'1497072',1517,,1001,3,,,0
2029,'1497073',917,,1002,3,,,0
2029,'1497074',2147,,1003,3,,,0
2029,'1497075',747,,1004,3,,,0
2029,'1497076',1547,,1005,3,,,0
2029,'1497077',1417,,1006,3,,,0
2029,'1497078',2246,,1007,3,,,0
2029,'1497079',1017,,1008,3,,,0
2029,'1497080',647,,1009,3,,,0
2029,'1497081',1247,,1010,3,,,0
2029,'1497082',1847,,1011,3,,,0
2029,'1497083',1617,,1012,3,,,0
2029,'1497084',1447,,1013,3,,,0
2029,'1497085',1317,,1014,3,,,0
2029,'1497086',717,,1015,3,,,0
2029,'1497087',1647,,1016,3,,,0
2029,'1497088',947,,1017,3,,,0
2029,'1497089',817,,1018,3,,,0
2029,'1497090',2047,,1019,3,,,0
2029,'1497091',1117,,1020,3,,,0
2029,'1497092',1047,,1021,3,,,0
2029,'1497093',1717,,1022,3,,,0
2029,'1497094',1647,,1023,3,,,0
2029,'1497095',1047,,1024,3,,,0
2029,'1497096',2147,,1025,3,,,0
2029,'1497097',2246,,1026,3,,,0
2029,'1497098',947,,1027,3,,,0
2029,'1497099',1947,,1028,3,,,0
2029,'1497100',847,,1029,3,,,0
2029,'1497101',1447,,1030,3,,,0
2029,'1497102',2047,,1031,3,,,0
2029,'1497103',1747,,1032,3,,,0
2029,'1497104',1147,,1033,3,,,0
2029,'1497105',1347,,1034,3,,,0
2029,'1497106',747,,1035,3,,,0
2029,'1497107',1247,,1036,3,,,0
2029,'1497108',1847,,1037,3,,,0
2029,'1497109',1547,,1038,3,,,0
2029,'1497110',647,,1039,3,,,0
2029,'1497111',1647,,1040,3,,,0
2029,'1497112',1047,,1041,3,,,0
2029,'1497113',2147,,1042,3,,,0
2029,'1497114',2246,,1043,3,,,0
2029,'1497115',947,,1044,3,,,0
2029,'1497116',1947,,1045,3,,,0
2029,'1497117',847,,1046,3,,,0
2029,'1497118',1447,,1047,3,,,0
2029,'1497119',2047,,1048,3,,,0
2029,'1497120',1747,,1049,3,,,0
2029,'1497121',1147,,1050,3,,,0
2029,'1497122',1347,,1051,3,,,0
2029,'1497123',747,,1052,3,,,0
2029,'1497124',1247,,1053,3,,,0
2029,'1497125',1847,,1054,3,,,0
2029,'1497126',1547,,1055,3,,,0
