4019,'1496112',706,,1237,57,,,0
4019,'1496113',1106,,1238,57,,,0
4019,'1496114',906,,1239,57,,,0
4019,'1496115',1706,,1240,57,,,0
4019,'1496116',1006,,1241,57,,,0
4019,'1496117',1206,,1242,57,,,0
4019,'1496118',806,,1243,57,,,0
4019,'1496119',1606,,1244,57,,,0
4019,'1496120',1806,,1245,57,,,0
4019,'1496121',1406,,1246,57,,,0
4019,'1496122',1506,,1247,57,,,0
4019,'1496123',1306,,1248,57,,,0
4019,'1496124',606,,1249,23,,,0
4019,'1496355',706,,1250,57,,,0
4019,'1496356',2345,,1251,57,,,0
4019,'1496357',1106,,1252,57,,,0
4019,'1496358',906,,1253,57,,,0
4019,'1496359',2051,,1254,57,,,0
4019,'1496360',1706,,1255,57,,,0
4019,'1496361',1906,,1256,57,,,0
4019,'1496362',2151,,1257,57,,,0
4019,'1496363',1006,,1258,57,,,0
4019,'1496364',1206,,1259,57,,,0
4019,'1496365',1951,,1260,57,,,0
4019,'1496366',806,,1261,57,,,0
4019,'1496367',1606,,1262,57,,,0
4019,'1496368',1806,,1263,57,,,0
4019,'1496369',1406,,1264,57,,,0
4019,'1496370',1506,,1265,57,,,0
4019,'1496371',2251,,1266,57,,,0
4019,'1496372',1306,,1267,57,,,0
4019,'1496373',606,,1268,23,,,0
4019,'1496435',851,,1269,57,,,0
4019,'1496436',751,,1270,57,,,0
4019,'1496437',1651,,1271,57,,,0
4019,'1496438',2251,,1272,57,,,0
4019,'1496439',1751,,1273,57,,,0
4019,'1496440',1451,,1274,57,,,0
4019,'1496441',2151,,1275,57,,,0
4019,'1496442',1051,,1276,57,,,0
4019,'1496443',1951,,1277,57,,,0
4019,'1496444',1551,,1278,57,,,0
4019,'1496445',951,,1279,57,,,0
4019,'1496446',1851,,1280,57,,,0
4019,'1496447',1351,,1281,57,,,0
4019,'1496448',651,,1282,57,,,0
4019,'1496449',2051,,1283,57,,,0
4019,'1496450',1151,,1284,57,,,0
4019,'1496451',1251,,1285,57,,,0
4019,'1496452',2345,,1286,57,,,0
4019,'1496661',851,,1287,57,,,0
4019,'1496662',751,,1288,57,,,0
4019,'1496663',1651,,1289,57,,,0
4019,'1496664',2251,,1290,57,,,0
4019,'1496665',1751,,1291,57,,,0
4019,'1496666',1451,,1292,57,,,0
4019,'1496667',2151,,1293,57,,,0
4019,'1496668',1051,,1294,57,,,0
4019,'1496669',1951,,1295,57,,,0
4019,'1496670',1551,,1296,57,,,0
4019,'1496671',951,,1297,57,,,0
4019,'1496672',1851,,1298,57,,,0
4019,'1496673',1351,,1299,57,,,0
4019,'1496674',2051,,1300,57,,,0
4019,'1496675',1151,,1301,57,,,0
4019,'1496676',1251,,1302,57,,,0
4019,'1496677',2345,,1303,57,,,0
