2029,'1497044',849,,973,7,,,0
2029,'1497045',1349,,974,7,,,0
2029,'1497046',1149,,975,7,,,0
2029,'1497047',1219,,976,7,,,0
2029,'1497048',1519,,977,7,,,0
2029,'1497049',919,,978,7,,,0
2029,'1497050',749,,979,7,,,0
2029,'1497051',1549,,980,7,,,0
2029,'1497052',1419,,981,7,,,0
2029,'1497053',1019,,982,7,,,0
2029,'1497054',649,,983,7,,,0
2029,'1497055',1249,,984,7,,,0
2029,'1497056',1619,,985,7,,,0
2029,'1497057',1449,,986,7,,,0
2029,'1497058',1319,,987,7,,,0
2029,'1497059',719,,988,7,,,0
2029,'1497060',1649,,989,7,,,0
2029,'1497061',949,,990,7,,,0
2029,'1497062',819,,991,7,,,0
2029,'1497063',1119,,992,7,,,0
2029,'1497064',1049,,993,7,,,0
2029,'1497065',1719,,994,7,,,0
2029,'1497066',1949,,995,7,,,0
2029,'1497067',849,,996,7,,,0
2029,'1497068',1349,,997,7,,,0
2029,'1497069',1149,,998,7,,,0
2029,'1497070',1749,,999,7,,,0
2029,'1497071',1219,,1000,7,,,0
2029,'1497072',1519,,1001,7,,,0
2029,'1497073',919,,1002,7,,,0
2029,'1497074',2149,,1003,7,,,0
2029,'1497075',749,,1004,7,,,0
2029,'1497076',1549,,1005,7,,,0
2029,'1497077',1419,,1006,7,,,0
2029,'1497078',2248,,1007,7,,,0
2029,'1497079',1019,,1008,7,,,0
2029,'1497080',649,,1009,7,,,0
2029,'1497081',1249,,1010,7,,,0
2029,'1497082',1849,,1011,7,,,0
2029,'1497083',1619,,1012,7,,,0
2029,'1497084',1449,,1013,7,,,0
2029,'1497085',1319,,1014,7,,,0
2029,'1497086',719,,1015,7,,,0
2029,'1497087',1649,,1016,7,,,0
2029,'1497088',949,,1017,7,,,0
2029,'1497089',819,,1018,7,,,0
2029,'1497090',2049,,1019,7,,,0
2029,'1497091',1119,,1020,7,,,0
2029,'1497092',1049,,1021,7,,,0
2029,'1497093',1719,,1022,7,,,0
2029,'1497094',1649,,1023,7,,,0
2029,'1497095',1049,,1024,7,,,0
2029,'1497096',2149,,1025,7,,,0
2029,'1497097',2247,,1026,7,,,0
2029,'1497098',949,,1027,7,,,0
2029,'1497099',1949,,1028,7,,,0
2029,'1497100',849,,1029,7,,,0
2029,'1497101',1449,,1030,7,,,0
2029,'1497102',2049,,1031,7,,,0
2029,'1497103',1749,,1032,7,,,0
2029,'1497104',1149,,1033,7,,,0
2029,'1497105',1349,,1034,7,,,0
2029,'1497106',749,,1035,7,,,0
2029,'1497107',1249,,1036,7,,,0
2029,'1497108',1849,,1037,7,,,0
2029,'1497109',1549,,1038,7,,,0
2029,'1497110',649,,1039,7,,,0
2029,'1497111',1649,,1040,7,,,0
2029,'1497112',1049,,1041,7,,,0
2029,'1497113',2149,,1042,7,,,0
2029,'1497114',2247,,1043,7,,,0
2029,'1497115',949,,1044,7,,,0
2029,'1497116',1949,,1045,7,,,0
2029,'1497117',849,,1046,7,,,0
2029,'1497118',1449,,1047,7,,,0
2029,'1497119',2049,,1048,7,,,0
2029,'1497120',1749,,1049,7,,,0
2029,'1497121',1149,,1050,7,,,0
2029,'1497122',1349,,1051,7,,,0
2029,'1497123',749,,1052,7,,,0
2029,'1497124',1249,,1053,7,,,0
2029,'1497125',1849,,1054,7,,,0
2029,'1497126',1549,,1055,7,,,0
