3019,'1496125',1556,,1056,48,,,0
3019,'1496128',1726,,1059,48,,,0
3019,'1496129',856,,1060,48,,,0
3019,'1496130',726,,1061,48,,,0
3019,'1496131',1626,,1062,48,,,0
3019,'1496133',1156,,1064,48,,,0
3019,'1496134',1126,,1065,48,,,0
3019,'1496136',756,,1067,48,,,0
3019,'1496138',926,,1069,48,,,0
3019,'1496141',1356,,1072,48,,,0
3019,'1496142',1326,,1073,48,,,0
3019,'1496144',1456,,1075,48,,,0
3019,'1496146',1256,,1077,48,,,0
3019,'1496151',826,,1082,48,,,0
3019,'1496153',1756,,1084,48,,,0
3019,'1496154',1426,,1085,48,,,0
3019,'1496155',1026,,1086,48,,,0
3019,'1496159',1056,,1090,48,,,0
3019,'1496164',1226,,1095,48,,,0
3019,'1496165',1656,,1096,48,,,0
3019,'1496167',956,,1098,48,,,0
3019,'1496168',1526,,1099,48,,,0
3019,'1496173',656,,1104,48,,,0
3019,'1496374',1556,,1105,48,,,0
3019,'1496377',1726,,1108,48,,,0
3019,'1496378',2041,,1109,48,,,0
3019,'1496380',856,,1111,48,,,0
3019,'1496381',726,,1112,48,,,0
3019,'1496382',1626,,1113,48,,,0
3019,'1496385',1156,,1116,48,,,0
3019,'1496386',1126,,1117,48,,,0
3019,'1496388',756,,1119,48,,,0
3019,'1496392',926,,1123,48,,,0
3019,'1496395',2241,,1126,48,,,0
3019,'1496396',1356,,1127,48,,,0
3019,'1496398',1326,,1129,48,,,0
3019,'1496400',1456,,1131,48,,,0
3019,'1496402',1256,,1133,48,,,0
3019,'1496404',2141,,1135,48,,,0
3019,'1496409',826,,1140,48,,,0
3019,'1496411',1756,,1142,48,,,0
3019,'1496412',1426,,1143,48,,,0
3019,'1496413',1026,,1144,48,,,0
3019,'1496417',1056,,1148,48,,,0
3019,'1496422',1226,,1153,48,,,0
3019,'1496423',1656,,1154,48,,,0
3019,'1496425',956,,1156,48,,,0
3019,'1496426',1526,,1157,48,,,0
3019,'1496427',1841,,1158,48,,,0
3019,'1496429',2338,,1160,48,,,0
3019,'1496432',1941,,1163,48,,,0
3019,'1496434',656,,1165,48,,,0
3019,'1496453',741,,1166,48,,,0
3019,'1496455',1441,,1168,48,,,0
3019,'1496457',841,,1170,48,,,0
3019,'1496458',1141,,1171,48,,,0
3019,'1496459',2241,,1172,48,,,0
3019,'1496460',1841,,1173,48,,,0
3019,'1496463',1341,,1176,48,,,0
3019,'1496465',1941,,1178,48,,,0
3019,'1496467',1641,,1180,48,,,0
3019,'1496468',941,,1181,48,,,0
3019,'1496469',1241,,1182,48,,,0
3019,'1496473',2141,,1186,48,,,0
3019,'1496474',1741,,1187,48,,,0
3019,'1496475',1041,,1188,48,,,0
3019,'1496479',1541,,1192,48,,,0
3019,'1496484',2041,,1197,48,,,0
3019,'1496487',2338,,1200,48,,,0
3019,'1496488',641,,1201,48,,,0
3019,'1496627',741,,1203,48,,,0
3019,'1496629',1441,,1205,48,,,0
3019,'1496631',841,,1207,48,,,0
3019,'1496632',1141,,1208,48,,,0
3019,'1496633',1841,,1209,48,,,0
3019,'1496636',1341,,1212,48,,,0
3019,'1496638',1941,,1214,48,,,0
3019,'1496640',1641,,1216,48,,,0
3019,'1496641',941,,1217,48,,,0
3019,'1496642',1241,,1218,48,,,0
3019,'1496645',2141,,1221,48,,,0
3019,'1496646',1741,,1222,48,,,0
3019,'1496647',1041,,1223,48,,,0
3019,'1496651',1541,,1227,48,,,0
3019,'1496656',2041,,1232,48,,,0
3019,'1496659',2338,,1235,48,,,0
