2029,'1488850',635,,970,27,,,0
2029,'1496221',704,,971,87,,,0
2029,'1496281',704,,972,87,,,0
2029,'1497044',1005,,973,124,,,0
2029,'1497045',1505,,974,124,,,0
2029,'1497046',1305,,975,124,,,0
2029,'1497047',1335,,976,124,,,0
2029,'1497048',1635,,977,124,,,0
2029,'1497049',1035,,978,124,,,0
2029,'1497050',905,,979,124,,,0
2029,'1497051',1705,,980,124,,,0
2029,'1497052',1535,,981,124,,,0
2029,'1497053',1135,,982,124,,,0
2029,'1497054',805,,983,124,,,0
2029,'1497055',1405,,984,124,,,0
2029,'1497056',1735,,985,124,,,0
2029,'1497057',1605,,986,124,,,0
2029,'1497058',1435,,987,124,,,0
2029,'1497059',835,,988,124,,,0
2029,'1497060',1805,,989,124,,,0
2029,'1497061',1105,,990,124,,,0
2029,'1497062',935,,991,124,,,0
2029,'1497063',1235,,992,124,,,0
2029,'1497064',1205,,993,124,,,0
2029,'1497065',1835,,994,124,,,0
2029,'1497066',2105,,995,124,,,0
2029,'1497067',1005,,996,124,,,0
2029,'1497068',1505,,997,124,,,0
2029,'1497069',1305,,998,124,,,0
2029,'1497070',1905,,999,124,,,0
2029,'1497071',1335,,1000,124,,,0
2029,'1497072',1635,,1001,124,,,0
2029,'1497073',1035,,1002,124,,,0
2029,'1497074',2305,,1003,124,,,0
2029,'1497075',905,,1004,124,,,0
2029,'1497076',1705,,1005,124,,,0
2029,'1497077',1535,,1006,124,,,0
2029,'1497078',2355,,1007,124,,,0
2029,'1497079',1135,,1008,124,,,0
2029,'1497080',805,,1009,124,,,0
2029,'1497081',1405,,1010,124,,,0
2029,'1497082',2005,,1011,124,,,0
2029,'1497083',1735,,1012,124,,,0
2029,'1497084',1605,,1013,124,,,0
2029,'1497085',1435,,1014,124,,,0
2029,'1497086',835,,1015,124,,,0
2029,'1497087',1805,,1016,124,,,0
2029,'1497088',1105,,1017,124,,,0
2029,'1497089',935,,1018,124,,,0
2029,'1497090',2205,,1019,124,,,0
2029,'1497091',1235,,1020,124,,,0
2029,'1497092',1205,,1021,124,,,0
2029,'1497093',1835,,1022,124,,,0
2029,'1497094',1805,,1023,124,,,0
2029,'1497095',1205,,1024,124,,,0
2029,'1497096',2305,,1025,124,,,0
2029,'1497097',2355,,1026,124,,,0
2029,'1497098',1105,,1027,124,,,0
2029,'1497099',2105,,1028,124,,,0
2029,'1497100',1005,,1029,124,,,0
2029,'1497101',1605,,1030,124,,,0
2029,'1497102',2205,,1031,124,,,0
2029,'1497103',1905,,1032,124,,,0
2029,'1497104',1305,,1033,124,,,0
2029,'1497105',1505,,1034,124,,,0
2029,'1497106',905,,1035,124,,,0
2029,'1497107',1405,,1036,124,,,0
2029,'1497108',2005,,1037,124,,,0
2029,'1497109',1705,,1038,124,,,0
2029,'1497110',805,,1039,124,,,0
2029,'1497111',1805,,1040,124,,,0
2029,'1497112',1205,,1041,124,,,0
2029,'1497113',2305,,1042,124,,,0
2029,'1497114',2355,,1043,124,,,0
2029,'1497115',1105,,1044,124,,,0
2029,'1497116',2105,,1045,124,,,0
2029,'1497117',1005,,1046,124,,,0
2029,'1497118',1605,,1047,124,,,0
2029,'1497119',2205,,1048,124,,,0
2029,'1497120',1905,,1049,124,,,0
2029,'1497121',1305,,1050,124,,,0
2029,'1497122',1505,,1051,124,,,0
2029,'1497123',905,,1052,124,,,0
2029,'1497124',1405,,1053,124,,,0
2029,'1497125',2005,,1054,124,,,0
2029,'1497126',1705,,1055,124,,,0
