2029,'1496221',616,,971,20,,,0
2029,'1496281',616,,972,20,,,0
2029,'1497044',917,,973,57,,,0
2029,'1497045',1417,,974,57,,,0
2029,'1497046',1217,,975,57,,,0
2029,'1497047',1247,,976,57,,,0
2029,'1497048',1547,,977,57,,,0
2029,'1497049',947,,978,57,,,0
2029,'1497050',817,,979,57,,,0
2029,'1497051',1617,,980,57,,,0
2029,'1497052',1447,,981,57,,,0
2029,'1497053',1047,,982,57,,,0
2029,'1497054',717,,983,57,,,0
2029,'1497055',1317,,984,57,,,0
2029,'1497056',1647,,985,57,,,0
2029,'1497057',1517,,986,57,,,0
2029,'1497058',1347,,987,57,,,0
2029,'1497059',747,,988,57,,,0
2029,'1497060',1717,,989,57,,,0
2029,'1497061',1017,,990,57,,,0
2029,'1497062',847,,991,57,,,0
2029,'1497063',1147,,992,57,,,0
2029,'1497064',1117,,993,57,,,0
2029,'1497065',1747,,994,57,,,0
2029,'1497066',2017,,995,57,,,0
2029,'1497067',917,,996,57,,,0
2029,'1497068',1417,,997,57,,,0
2029,'1497069',1217,,998,57,,,0
2029,'1497070',1817,,999,57,,,0
2029,'1497071',1247,,1000,57,,,0
2029,'1497072',1547,,1001,57,,,0
2029,'1497073',947,,1002,57,,,0
2029,'1497074',2217,,1003,57,,,0
2029,'1497075',817,,1004,57,,,0
2029,'1497076',1617,,1005,57,,,0
2029,'1497077',1447,,1006,57,,,0
2029,'1497078',2314,,1007,57,,,0
2029,'1497079',1047,,1008,57,,,0
2029,'1497080',717,,1009,57,,,0
2029,'1497081',1317,,1010,57,,,0
2029,'1497082',1917,,1011,57,,,0
2029,'1497083',1647,,1012,57,,,0
2029,'1497084',1517,,1013,57,,,0
2029,'1497085',1347,,1014,57,,,0
2029,'1497086',747,,1015,57,,,0
2029,'1497087',1717,,1016,57,,,0
2029,'1497088',1017,,1017,57,,,0
2029,'1497089',847,,1018,57,,,0
2029,'1497090',2117,,1019,57,,,0
2029,'1497091',1147,,1020,57,,,0
2029,'1497092',1117,,1021,57,,,0
2029,'1497093',1747,,1022,57,,,0
2029,'1497094',1717,,1023,57,,,0
2029,'1497095',1117,,1024,57,,,0
2029,'1497096',2217,,1025,57,,,0
2029,'1497097',2314,,1026,57,,,0
2029,'1497098',1017,,1027,57,,,0
2029,'1497099',2017,,1028,57,,,0
2029,'1497100',917,,1029,57,,,0
2029,'1497101',1517,,1030,57,,,0
2029,'1497102',2117,,1031,57,,,0
2029,'1497103',1817,,1032,57,,,0
2029,'1497104',1217,,1033,57,,,0
2029,'1497105',1417,,1034,57,,,0
2029,'1497106',817,,1035,57,,,0
2029,'1497107',1317,,1036,57,,,0
2029,'1497108',1917,,1037,57,,,0
2029,'1497109',1617,,1038,57,,,0
2029,'1497110',717,,1039,57,,,0
2029,'1497111',1717,,1040,57,,,0
2029,'1497112',1117,,1041,57,,,0
2029,'1497113',2217,,1042,57,,,0
2029,'1497114',2314,,1043,57,,,0
2029,'1497115',1017,,1044,57,,,0
2029,'1497116',2017,,1045,57,,,0
2029,'1497117',917,,1046,57,,,0
2029,'1497118',1517,,1047,57,,,0
2029,'1497119',2117,,1048,57,,,0
2029,'1497120',1817,,1049,57,,,0
2029,'1497121',1217,,1050,57,,,0
2029,'1497122',1417,,1051,57,,,0
2029,'1497123',817,,1052,57,,,0
2029,'1497124',1317,,1053,57,,,0
2029,'1497125',1917,,1054,57,,,0
2029,'1497126',1617,,1055,57,,,0
