1019,'1496067',703,,702,6,,,0
1019,'1496069',803,,703,6,,,0
1019,'1496071',1533,,704,6,,,0
1019,'1496072',1633,,705,6,,,0
1019,'1496074',733,,706,6,,,0
1019,'1496075',1433,,707,6,,,0
1019,'1496076',1233,,708,6,,,0
1019,'1496080',1333,,709,6,,,0
1019,'1496085',1033,,710,6,,,0
1019,'1496087',1303,,711,6,,,0
1019,'1496089',833,,712,6,,,0
1019,'1496090',1133,,713,6,,,0
1019,'1496091',933,,714,6,,,0
1019,'1496093',1733,,715,6,,,0
1019,'1496095',1003,,716,6,,,0
1019,'1496097',903,,717,6,,,0
1019,'1496099',1403,,718,6,,,0
1019,'1496100',1503,,719,6,,,0
1019,'1496102',633,,720,6,,,0
1019,'1496103',1203,,721,6,,,0
1019,'1496104',1103,,722,6,,,0
1019,'1496107',1703,,723,6,,,0
1019,'1496109',1603,,724,6,,,0
1019,'1496296',703,,726,6,,,0
1019,'1496298',803,,727,6,,,0
1019,'1496301',1533,,728,6,,,0
1019,'1496302',2118,,729,6,,,0
1019,'1496303',1633,,730,6,,,0
1019,'1496305',733,,731,6,,,0
1019,'1496306',1433,,732,6,,,0
1019,'1496307',1233,,733,6,,,0
1019,'1496308',1803,,734,6,,,0
1019,'1496313',1333,,735,6,,,0
1019,'1496314',1918,,736,6,,,0
1019,'1496315',2018,,737,6,,,0
1019,'1496321',1033,,738,6,,,0
1019,'1496323',1303,,739,6,,,0
1019,'1496326',833,,740,6,,,0
1019,'1496327',1133,,741,6,,,0
1019,'1496328',933,,742,6,,,0
1019,'1496330',2318,,743,6,,,0
1019,'1496331',1733,,744,6,,,0
1019,'1496334',1003,,745,6,,,0
1019,'1496336',903,,746,6,,,0
1019,'1496338',2218,,747,6,,,0
1019,'1496340',1403,,748,6,,,0
1019,'1496341',1503,,749,6,,,0
1019,'1496343',633,,750,6,,,0
1019,'1496344',1203,,751,6,,,0
1019,'1496345',1103,,752,6,,,0
1019,'1496348',1703,,753,6,,,0
1019,'1496350',1603,,754,6,,,0
1019,'1496353',1833,,756,6,,,0
1019,'1496526',1318,,757,6,,,0
1019,'1496529',1918,,758,6,,,0
1019,'1496530',718,,759,6,,,0
1019,'1496531',618,,760,6,,,0
1019,'1496532',2018,,761,6,,,0
1019,'1496536',1018,,762,6,,,0
1019,'1496538',1418,,763,6,,,0
1019,'1496541',1618,,764,6,,,0
1019,'1496543',1118,,765,6,,,0
1019,'1496546',2118,,766,6,,,0
1019,'1496548',1518,,767,6,,,0
1019,'1496549',1718,,768,6,,,0
1019,'1496553',918,,769,6,,,0
1019,'1496554',818,,770,6,,,0
1019,'1496557',1218,,771,6,,,0
1019,'1496558',1818,,772,6,,,0
1019,'1496559',2318,,773,6,,,0
1019,'1496560',2218,,774,6,,,0
1019,'1496561',1318,,775,6,,,0
1019,'1496564',1918,,776,6,,,0
1019,'1496565',718,,777,6,,,0
1019,'1496566',2018,,778,6,,,0
1019,'1496570',1018,,779,6,,,0
1019,'1496572',1418,,780,6,,,0
1019,'1496575',1618,,781,6,,,0
1019,'1496576',1118,,782,6,,,0
1019,'1496579',2118,,783,6,,,0
1019,'1496581',1518,,784,6,,,0
1019,'1496582',1718,,785,6,,,0
1019,'1496586',918,,786,6,,,0
1019,'1496587',818,,787,6,,,0
1019,'1496590',1218,,788,6,,,0
1019,'1496591',1818,,789,6,,,0
1019,'1496592',2318,,790,6,,,0
1019,'1496593',2218,,791,6,,,0
