2029,'1488850',637,,970,29,,,0
2029,'1496221',706,,971,89,,,0
2029,'1496281',706,,972,89,,,0
2029,'1497044',1007,,973,126,,,0
2029,'1497045',1507,,974,126,,,0
2029,'1497046',1307,,975,126,,,0
2029,'1497047',1337,,976,126,,,0
2029,'1497048',1637,,977,126,,,0
2029,'1497049',1037,,978,126,,,0
2029,'1497050',907,,979,126,,,0
2029,'1497051',1707,,980,126,,,0
2029,'1497052',1537,,981,126,,,0
2029,'1497053',1137,,982,126,,,0
2029,'1497054',807,,983,126,,,0
2029,'1497055',1407,,984,126,,,0
2029,'1497056',1737,,985,126,,,0
2029,'1497057',1607,,986,126,,,0
2029,'1497058',1437,,987,126,,,0
2029,'1497059',837,,988,126,,,0
2029,'1497060',1807,,989,126,,,0
2029,'1497061',1107,,990,126,,,0
2029,'1497062',937,,991,126,,,0
2029,'1497063',1237,,992,126,,,0
2029,'1497064',1207,,993,126,,,0
2029,'1497065',1837,,994,126,,,0
2029,'1497066',2107,,995,126,,,0
2029,'1497067',1007,,996,126,,,0
2029,'1497068',1507,,997,126,,,0
2029,'1497069',1307,,998,126,,,0
2029,'1497070',1907,,999,126,,,0
2029,'1497071',1337,,1000,126,,,0
2029,'1497072',1637,,1001,126,,,0
2029,'1497073',1037,,1002,126,,,0
2029,'1497074',2307,,1003,126,,,0
2029,'1497075',907,,1004,126,,,0
2029,'1497076',1707,,1005,126,,,0
2029,'1497077',1537,,1006,126,,,0
2029,'1497078',2357,,1007,126,,,0
2029,'1497079',1137,,1008,126,,,0
2029,'1497080',807,,1009,126,,,0
2029,'1497081',1407,,1010,126,,,0
2029,'1497082',2007,,1011,126,,,0
2029,'1497083',1737,,1012,126,,,0
2029,'1497084',1607,,1013,126,,,0
2029,'1497085',1437,,1014,126,,,0
2029,'1497086',837,,1015,126,,,0
2029,'1497087',1807,,1016,126,,,0
2029,'1497088',1107,,1017,126,,,0
2029,'1497089',937,,1018,126,,,0
2029,'1497090',2207,,1019,126,,,0
2029,'1497091',1237,,1020,126,,,0
2029,'1497092',1207,,1021,126,,,0
2029,'1497093',1837,,1022,126,,,0
2029,'1497094',1807,,1023,126,,,0
2029,'1497095',1207,,1024,126,,,0
2029,'1497096',2307,,1025,126,,,0
2029,'1497097',2357,,1026,126,,,0
2029,'1497098',1107,,1027,126,,,0
2029,'1497099',2107,,1028,126,,,0
2029,'1497100',1007,,1029,126,,,0
2029,'1497101',1607,,1030,126,,,0
2029,'1497102',2207,,1031,126,,,0
2029,'1497103',1907,,1032,126,,,0
2029,'1497104',1307,,1033,126,,,0
2029,'1497105',1507,,1034,126,,,0
2029,'1497106',907,,1035,126,,,0
2029,'1497107',1407,,1036,126,,,0
2029,'1497108',2007,,1037,126,,,0
2029,'1497109',1707,,1038,126,,,0
2029,'1497110',807,,1039,126,,,0
2029,'1497111',1807,,1040,126,,,0
2029,'1497112',1207,,1041,126,,,0
2029,'1497113',2307,,1042,126,,,0
2029,'1497114',2357,,1043,126,,,0
2029,'1497115',1107,,1044,126,,,0
2029,'1497116',2107,,1045,126,,,0
2029,'1497117',1007,,1046,126,,,0
2029,'1497118',1607,,1047,126,,,0
2029,'1497119',2207,,1048,126,,,0
2029,'1497120',1907,,1049,126,,,0
2029,'1497121',1307,,1050,126,,,0
2029,'1497122',1507,,1051,126,,,0
2029,'1497123',907,,1052,126,,,0
2029,'1497124',1407,,1053,126,,,0
2029,'1497125',2007,,1054,126,,,0
2029,'1497126',1707,,1055,126,,,0
