2019,'1496174',1239,,878,54,,,0
2019,'1496175',1409,,879,54,,,0
2019,'1496179',1339,,880,54,,,0
2019,'1496181',1509,,881,54,,,0
2019,'1496183',1009,,882,54,,,0
2019,'1496184',1539,,883,54,,,0
2019,'1496185',939,,884,54,,,0
2019,'1496187',1139,,885,54,,,0
2019,'1496188',909,,886,54,,,0
2019,'1496189',839,,887,54,,,0
2019,'1496191',1039,,888,54,,,0
2019,'1496194',1609,,889,54,,,0
2019,'1496198',739,,890,54,,,0
2019,'1496200',1739,,891,54,,,0
2019,'1496204',1439,,892,54,,,0
2019,'1496206',1109,,893,54,,,0
2019,'1496208',1209,,894,54,,,0
2019,'1496209',1639,,895,54,,,0
2019,'1496210',1809,,896,54,,,0
2019,'1496211',1709,,897,54,,,0
2019,'1496215',809,,898,54,,,0
2019,'1496216',1309,,899,54,,,0
2019,'1496218',709,,900,54,,,0
2019,'1496220',609,,902,22,,,0
2019,'1496223',2254,,903,54,,,0
2019,'1496224',1239,,904,54,,,0
2019,'1496225',1409,,905,54,,,0
2019,'1496227',2154,,906,54,,,0
2019,'1496228',1854,,907,54,,,0
2019,'1496232',1339,,908,54,,,0
2019,'1496234',1509,,909,54,,,0
2019,'1496236',1009,,910,54,,,0
2019,'1496237',1539,,911,54,,,0
2019,'1496238',939,,912,54,,,0
2019,'1496240',1139,,913,54,,,0
2019,'1496242',909,,914,54,,,0
2019,'1496243',839,,915,54,,,0
2019,'1496245',1039,,916,54,,,0
2019,'1496248',1609,,917,54,,,0
2019,'1496253',2054,,918,54,,,0
2019,'1496255',739,,919,54,,,0
2019,'1496257',1739,,920,54,,,0
2019,'1496258',2352,,921,54,,,0
2019,'1496262',1439,,922,54,,,0
2019,'1496264',1109,,923,54,,,0
2019,'1496266',1209,,924,54,,,0
2019,'1496267',1639,,925,54,,,0
2019,'1496268',1809,,926,54,,,0
2019,'1496269',1709,,927,54,,,0
2019,'1496274',809,,928,54,,,0
2019,'1496275',1309,,929,54,,,0
2019,'1496277',709,,930,54,,,0
2019,'1496279',609,,932,32,,,0
2019,'1496280',1954,,933,54,,,0
2019,'1496490',1754,,934,54,,,0
2019,'1496491',2154,,935,54,,,0
2019,'1496492',1354,,936,54,,,0
2019,'1496494',1154,,937,54,,,0
2019,'1496495',1454,,938,54,,,0
2019,'1496498',2054,,939,54,,,0
2019,'1496499',754,,940,54,,,0
2019,'1496505',1254,,941,54,,,0
2019,'1496507',2254,,942,54,,,0
2019,'1496510',1554,,943,54,,,0
2019,'1496511',1854,,944,54,,,0
2019,'1496512',1054,,945,54,,,0
2019,'1496516',954,,946,54,,,0
2019,'1496518',854,,947,54,,,0
2019,'1496520',1654,,948,54,,,0
2019,'1496521',1954,,949,54,,,0
2019,'1496523',654,,950,54,,,0
2019,'1496524',624,,951,22,,,0
2019,'1496525',2352,,952,54,,,0
2019,'1496594',1754,,953,54,,,0
2019,'1496595',2154,,954,54,,,0
2019,'1496596',1354,,955,54,,,0
2019,'1496598',1154,,956,54,,,0
2019,'1496599',1454,,957,54,,,0
2019,'1496602',2054,,958,54,,,0
2019,'1496603',754,,959,54,,,0
2019,'1496609',1254,,960,54,,,0
2019,'1496613',1554,,961,54,,,0
2019,'1496614',1854,,962,54,,,0
2019,'1496615',1054,,963,54,,,0
2019,'1496619',954,,964,54,,,0
2019,'1496621',854,,965,54,,,0
2019,'1496623',1654,,966,54,,,0
2019,'1496624',1954,,967,54,,,0
2019,'1496625',724,,968,22,,,0
2019,'1496626',2352,,969,54,,,0
2029,'1496221',630,,971,39,,,0
2029,'1496281',630,,972,39,,,0
2029,'1497044',931,,973,76,,,0
2029,'1497045',1431,,974,76,,,0
2029,'1497046',1231,,975,76,,,0
2029,'1497047',1301,,976,76,,,0
2029,'1497048',1601,,977,76,,,0
2029,'1497049',1001,,978,76,,,0
2029,'1497050',831,,979,76,,,0
2029,'1497051',1631,,980,76,,,0
2029,'1497052',1501,,981,76,,,0
2029,'1497053',1101,,982,76,,,0
2029,'1497054',731,,983,76,,,0
2029,'1497055',1331,,984,76,,,0
2029,'1497056',1701,,985,76,,,0
2029,'1497057',1531,,986,76,,,0
2029,'1497058',1401,,987,76,,,0
2029,'1497059',801,,988,76,,,0
2029,'1497060',1731,,989,76,,,0
2029,'1497061',1031,,990,76,,,0
2029,'1497062',901,,991,76,,,0
2029,'1497063',1201,,992,76,,,0
2029,'1497064',1131,,993,76,,,0
2029,'1497065',1801,,994,76,,,0
2029,'1497066',2031,,995,76,,,0
2029,'1497067',931,,996,76,,,0
2029,'1497068',1431,,997,76,,,0
2029,'1497069',1231,,998,76,,,0
2029,'1497070',1831,,999,76,,,0
2029,'1497071',1301,,1000,76,,,0
2029,'1497072',1601,,1001,76,,,0
2029,'1497073',1001,,1002,76,,,0
2029,'1497074',2231,,1003,76,,,0
2029,'1497075',831,,1004,76,,,0
2029,'1497076',1631,,1005,76,,,0
2029,'1497077',1501,,1006,76,,,0
2029,'1497078',2328,,1007,76,,,0
2029,'1497079',1101,,1008,76,,,0
2029,'1497080',731,,1009,76,,,0
2029,'1497081',1331,,1010,76,,,0
2029,'1497082',1931,,1011,76,,,0
2029,'1497083',1701,,1012,76,,,0
2029,'1497084',1531,,1013,76,,,0
2029,'1497085',1401,,1014,76,,,0
2029,'1497086',801,,1015,76,,,0
2029,'1497087',1731,,1016,76,,,0
2029,'1497088',1031,,1017,76,,,0
2029,'1497089',901,,1018,76,,,0
2029,'1497090',2131,,1019,76,,,0
2029,'1497091',1201,,1020,76,,,0
2029,'1497092',1131,,1021,76,,,0
2029,'1497093',1801,,1022,76,,,0
2029,'1497094',1731,,1023,76,,,0
2029,'1497095',1131,,1024,76,,,0
2029,'1497096',2231,,1025,76,,,0
2029,'1497097',2328,,1026,76,,,0
2029,'1497098',1031,,1027,76,,,0
2029,'1497099',2031,,1028,76,,,0
2029,'1497100',931,,1029,76,,,0
2029,'1497101',1531,,1030,76,,,0
2029,'1497102',2131,,1031,76,,,0
2029,'1497103',1831,,1032,76,,,0
2029,'1497104',1231,,1033,76,,,0
2029,'1497105',1431,,1034,76,,,0
2029,'1497106',831,,1035,76,,,0
2029,'1497107',1331,,1036,76,,,0
2029,'1497108',1931,,1037,76,,,0
2029,'1497109',1631,,1038,76,,,0
2029,'1497110',731,,1039,76,,,0
2029,'1497111',1731,,1040,76,,,0
2029,'1497112',1131,,1041,76,,,0
2029,'1497113',2231,,1042,76,,,0
2029,'1497114',2328,,1043,76,,,0
2029,'1497115',1031,,1044,76,,,0
2029,'1497116',2031,,1045,76,,,0
2029,'1497117',931,,1046,76,,,0
2029,'1497118',1531,,1047,76,,,0
2029,'1497119',2131,,1048,76,,,0
2029,'1497120',1831,,1049,76,,,0
2029,'1497121',1231,,1050,76,,,0
2029,'1497122',1431,,1051,76,,,0
2029,'1497123',831,,1052,76,,,0
2029,'1497124',1331,,1053,76,,,0
2029,'1497125',1931,,1054,76,,,0
2029,'1497126',1631,,1055,76,,,0
3019,'1496125',1642,,1056,108,,,0
3019,'1496128',1812,,1059,108,,,0
3019,'1496129',942,,1060,108,,,0
3019,'1496130',812,,1061,108,,,0
3019,'1496131',1712,,1062,108,,,0
3019,'1496133',1242,,1064,108,,,0
3019,'1496134',1212,,1065,108,,,0
3019,'1496136',842,,1067,108,,,0
3019,'1496138',1012,,1069,108,,,0
3019,'1496141',1442,,1072,108,,,0
3019,'1496142',1412,,1073,108,,,0
3019,'1496144',1542,,1075,108,,,0
3019,'1496146',1342,,1077,108,,,0
3019,'1496151',912,,1082,108,,,0
3019,'1496153',1842,,1084,108,,,0
3019,'1496154',1512,,1085,108,,,0
3019,'1496155',1112,,1086,108,,,0
3019,'1496159',1142,,1090,108,,,0
3019,'1496164',1312,,1095,108,,,0
3019,'1496165',1742,,1096,108,,,0
3019,'1496167',1042,,1098,108,,,0
3019,'1496168',1612,,1099,108,,,0
3019,'1496170',612,,1101,18,,,0
3019,'1496171',642,,1102,52,,,0
3019,'1496173',742,,1104,108,,,0
3019,'1496374',1642,,1105,108,,,0
3019,'1496377',1812,,1108,108,,,0
3019,'1496378',2127,,1109,108,,,0
3019,'1496380',942,,1111,108,,,0
3019,'1496381',812,,1112,108,,,0
3019,'1496382',1712,,1113,108,,,0
3019,'1496385',1242,,1116,108,,,0
3019,'1496386',1212,,1117,108,,,0
3019,'1496388',842,,1119,108,,,0
3019,'1496392',1012,,1123,108,,,0
3019,'1496395',2327,,1126,108,,,0
3019,'1496396',1442,,1127,108,,,0
3019,'1496398',1412,,1129,108,,,0
3019,'1496400',1542,,1131,108,,,0
3019,'1496402',1342,,1133,108,,,0
3019,'1496404',2227,,1135,108,,,0
3019,'1496409',912,,1140,108,,,0
3019,'1496411',1842,,1142,108,,,0
3019,'1496412',1512,,1143,108,,,0
3019,'1496413',1112,,1144,108,,,0
3019,'1496417',1142,,1148,108,,,0
3019,'1496422',1312,,1153,108,,,0
3019,'1496423',1742,,1154,108,,,0
3019,'1496425',1042,,1156,108,,,0
3019,'1496426',1612,,1157,108,,,0
3019,'1496427',1927,,1158,108,,,0
3019,'1496430',612,,1161,18,,,0
3019,'1496431',642,,1162,52,,,0
3019,'1496432',2027,,1163,108,,,0
3019,'1496434',742,,1165,108,,,0
3019,'1496453',827,,1166,108,,,0
3019,'1496455',1527,,1168,108,,,0
3019,'1496457',927,,1170,108,,,0
3019,'1496458',1227,,1171,108,,,0
3019,'1496459',2327,,1172,108,,,0
3019,'1496460',1927,,1173,108,,,0
3019,'1496463',1427,,1176,108,,,0
3019,'1496465',2027,,1178,108,,,0
3019,'1496467',1727,,1180,108,,,0
3019,'1496468',1027,,1181,108,,,0
3019,'1496469',1327,,1182,108,,,0
3019,'1496473',2227,,1186,108,,,0
3019,'1496474',1827,,1187,108,,,0
3019,'1496475',1127,,1188,108,,,0
3019,'1496479',1627,,1192,108,,,0
3019,'1496484',2127,,1197,108,,,0
3019,'1496486',657,,1199,52,,,0
3019,'1496488',727,,1201,108,,,0
3019,'1496627',827,,1203,108,,,0
3019,'1496629',1527,,1205,108,,,0
3019,'1496631',927,,1207,108,,,0
3019,'1496632',1227,,1208,108,,,0
3019,'1496633',1927,,1209,108,,,0
3019,'1496636',1427,,1212,108,,,0
3019,'1496638',2027,,1214,108,,,0
3019,'1496640',1727,,1216,108,,,0
3019,'1496641',1027,,1217,108,,,0
3019,'1496642',1327,,1218,108,,,0
3019,'1496645',2227,,1221,108,,,0
3019,'1496646',1827,,1222,108,,,0
3019,'1496647',1127,,1223,108,,,0
3019,'1496651',1627,,1227,108,,,0
3019,'1496656',2127,,1232,108,,,0
3019,'1496658',757,,1234,52,,,0
