2029,'1497044',908,,973,36,,,0
2029,'1497045',1408,,974,36,,,0
2029,'1497046',1208,,975,36,,,0
2029,'1497047',1238,,976,36,,,0
2029,'1497048',1538,,977,36,,,0
2029,'1497049',938,,978,36,,,0
2029,'1497050',808,,979,36,,,0
2029,'1497051',1608,,980,36,,,0
2029,'1497052',1438,,981,36,,,0
2029,'1497053',1038,,982,36,,,0
2029,'1497054',708,,983,36,,,0
2029,'1497055',1308,,984,36,,,0
2029,'1497056',1638,,985,36,,,0
2029,'1497057',1508,,986,36,,,0
2029,'1497058',1338,,987,36,,,0
2029,'1497059',738,,988,36,,,0
2029,'1497060',1708,,989,36,,,0
2029,'1497061',1008,,990,36,,,0
2029,'1497062',838,,991,36,,,0
2029,'1497063',1138,,992,36,,,0
2029,'1497064',1108,,993,36,,,0
2029,'1497065',1738,,994,36,,,0
2029,'1497066',2008,,995,36,,,0
2029,'1497067',908,,996,36,,,0
2029,'1497068',1408,,997,36,,,0
2029,'1497069',1208,,998,36,,,0
2029,'1497070',1808,,999,36,,,0
2029,'1497071',1238,,1000,36,,,0
2029,'1497072',1538,,1001,36,,,0
2029,'1497073',938,,1002,36,,,0
2029,'1497074',2208,,1003,36,,,0
2029,'1497075',808,,1004,36,,,0
2029,'1497076',1608,,1005,36,,,0
2029,'1497077',1438,,1006,36,,,0
2029,'1497078',2306,,1007,36,,,0
2029,'1497079',1038,,1008,36,,,0
2029,'1497080',708,,1009,36,,,0
2029,'1497081',1308,,1010,36,,,0
2029,'1497082',1908,,1011,36,,,0
2029,'1497083',1638,,1012,36,,,0
2029,'1497084',1508,,1013,36,,,0
2029,'1497085',1338,,1014,36,,,0
2029,'1497086',738,,1015,36,,,0
2029,'1497087',1708,,1016,36,,,0
2029,'1497088',1008,,1017,36,,,0
2029,'1497089',838,,1018,36,,,0
2029,'1497090',2108,,1019,36,,,0
2029,'1497091',1138,,1020,36,,,0
2029,'1497092',1108,,1021,36,,,0
2029,'1497093',1738,,1022,36,,,0
2029,'1497094',1708,,1023,36,,,0
2029,'1497095',1108,,1024,36,,,0
2029,'1497096',2208,,1025,36,,,0
2029,'1497097',2306,,1026,36,,,0
2029,'1497098',1008,,1027,36,,,0
2029,'1497099',2008,,1028,36,,,0
2029,'1497100',908,,1029,36,,,0
2029,'1497101',1508,,1030,36,,,0
2029,'1497102',2108,,1031,36,,,0
2029,'1497103',1808,,1032,36,,,0
2029,'1497104',1208,,1033,36,,,0
2029,'1497105',1408,,1034,36,,,0
2029,'1497106',808,,1035,36,,,0
2029,'1497107',1308,,1036,36,,,0
2029,'1497108',1908,,1037,36,,,0
2029,'1497109',1608,,1038,36,,,0
2029,'1497110',708,,1039,36,,,0
2029,'1497111',1708,,1040,36,,,0
2029,'1497112',1108,,1041,36,,,0
2029,'1497113',2208,,1042,36,,,0
2029,'1497114',2306,,1043,36,,,0
2029,'1497115',1008,,1044,36,,,0
2029,'1497116',2008,,1045,36,,,0
2029,'1497117',908,,1046,36,,,0
2029,'1497118',1508,,1047,36,,,0
2029,'1497119',2108,,1048,36,,,0
2029,'1497120',1808,,1049,36,,,0
2029,'1497121',1208,,1050,36,,,0
2029,'1497122',1408,,1051,36,,,0
2029,'1497123',808,,1052,36,,,0
2029,'1497124',1308,,1053,36,,,0
2029,'1497125',1908,,1054,36,,,0
2029,'1497126',1608,,1055,36,,,0
