3019,'1496125',1537,,1056,13,,,0
3019,'1496128',1707,,1059,13,,,0
3019,'1496129',837,,1060,13,,,0
3019,'1496130',707,,1061,13,,,0
3019,'1496131',1607,,1062,13,,,0
3019,'1496133',1137,,1064,13,,,0
3019,'1496134',1107,,1065,13,,,0
3019,'1496136',737,,1067,13,,,0
3019,'1496138',907,,1069,13,,,0
3019,'1496141',1337,,1072,13,,,0
3019,'1496142',1307,,1073,13,,,0
3019,'1496144',1437,,1075,13,,,0
3019,'1496146',1237,,1077,13,,,0
3019,'1496151',807,,1082,13,,,0
3019,'1496153',1737,,1084,13,,,0
3019,'1496154',1407,,1085,13,,,0
3019,'1496155',1007,,1086,13,,,0
3019,'1496159',1037,,1090,13,,,0
3019,'1496164',1207,,1095,13,,,0
3019,'1496165',1637,,1096,13,,,0
3019,'1496167',937,,1098,13,,,0
3019,'1496168',1507,,1099,13,,,0
3019,'1496173',637,,1104,13,,,0
3019,'1496374',1537,,1105,13,,,0
3019,'1496377',1707,,1108,13,,,0
3019,'1496378',2022,,1109,13,,,0
3019,'1496380',837,,1111,13,,,0
3019,'1496381',707,,1112,13,,,0
3019,'1496382',1607,,1113,13,,,0
3019,'1496385',1137,,1116,13,,,0
3019,'1496386',1107,,1117,13,,,0
3019,'1496388',737,,1119,13,,,0
3019,'1496392',907,,1123,13,,,0
3019,'1496395',2222,,1126,13,,,0
3019,'1496396',1337,,1127,13,,,0
3019,'1496398',1307,,1129,13,,,0
3019,'1496400',1437,,1131,13,,,0
3019,'1496402',1237,,1133,13,,,0
3019,'1496404',2122,,1135,13,,,0
3019,'1496409',807,,1140,13,,,0
3019,'1496411',1737,,1142,13,,,0
3019,'1496412',1407,,1143,13,,,0
3019,'1496413',1007,,1144,13,,,0
3019,'1496417',1037,,1148,13,,,0
3019,'1496422',1207,,1153,13,,,0
3019,'1496423',1637,,1154,13,,,0
3019,'1496425',937,,1156,13,,,0
3019,'1496426',1507,,1157,13,,,0
3019,'1496427',1822,,1158,13,,,0
3019,'1496429',2320,,1160,13,,,0
3019,'1496432',1922,,1163,13,,,0
3019,'1496434',637,,1165,13,,,0
3019,'1496453',722,,1166,13,,,0
3019,'1496455',1422,,1168,13,,,0
3019,'1496457',822,,1170,13,,,0
3019,'1496458',1122,,1171,13,,,0
3019,'1496459',2222,,1172,13,,,0
3019,'1496460',1822,,1173,13,,,0
3019,'1496463',1322,,1176,13,,,0
3019,'1496465',1922,,1178,13,,,0
3019,'1496467',1622,,1180,13,,,0
3019,'1496468',922,,1181,13,,,0
3019,'1496469',1222,,1182,13,,,0
3019,'1496473',2122,,1186,13,,,0
3019,'1496474',1722,,1187,13,,,0
3019,'1496475',1022,,1188,13,,,0
3019,'1496479',1522,,1192,13,,,0
3019,'1496484',2022,,1197,13,,,0
3019,'1496487',2320,,1200,13,,,0
3019,'1496488',622,,1201,13,,,0
3019,'1496627',722,,1203,13,,,0
3019,'1496629',1422,,1205,13,,,0
3019,'1496631',822,,1207,13,,,0
3019,'1496632',1122,,1208,13,,,0
3019,'1496633',1822,,1209,13,,,0
3019,'1496636',1322,,1212,13,,,0
3019,'1496638',1922,,1214,13,,,0
3019,'1496640',1622,,1216,13,,,0
3019,'1496641',922,,1217,13,,,0
3019,'1496642',1222,,1218,13,,,0
3019,'1496645',2122,,1221,13,,,0
3019,'1496646',1722,,1222,13,,,0
3019,'1496647',1022,,1223,13,,,0
3019,'1496651',1522,,1227,13,,,0
3019,'1496656',2022,,1232,13,,,0
3019,'1496659',2320,,1235,13,,,0
