3019,'1496125',1557,,1056,51,,,0
3019,'1496128',1727,,1059,51,,,0
3019,'1496129',857,,1060,51,,,0
3019,'1496130',727,,1061,51,,,0
3019,'1496131',1627,,1062,51,,,0
3019,'1496133',1157,,1064,51,,,0
3019,'1496134',1127,,1065,51,,,0
3019,'1496136',757,,1067,51,,,0
3019,'1496138',927,,1069,51,,,0
3019,'1496141',1357,,1072,51,,,0
3019,'1496142',1327,,1073,51,,,0
3019,'1496144',1457,,1075,51,,,0
3019,'1496146',1257,,1077,51,,,0
3019,'1496151',827,,1082,51,,,0
3019,'1496153',1757,,1084,51,,,0
3019,'1496154',1427,,1085,51,,,0
3019,'1496155',1027,,1086,51,,,0
3019,'1496159',1057,,1090,51,,,0
3019,'1496164',1227,,1095,51,,,0
3019,'1496165',1657,,1096,51,,,0
3019,'1496167',957,,1098,51,,,0
3019,'1496168',1527,,1099,51,,,0
3019,'1496173',657,,1104,51,,,0
3019,'1496374',1557,,1105,51,,,0
3019,'1496377',1727,,1108,51,,,0
3019,'1496378',2042,,1109,51,,,0
3019,'1496380',857,,1111,51,,,0
3019,'1496381',727,,1112,51,,,0
3019,'1496382',1627,,1113,51,,,0
3019,'1496385',1157,,1116,51,,,0
3019,'1496386',1127,,1117,51,,,0
3019,'1496388',757,,1119,51,,,0
3019,'1496392',927,,1123,51,,,0
3019,'1496395',2242,,1126,51,,,0
3019,'1496396',1357,,1127,51,,,0
3019,'1496398',1327,,1129,51,,,0
3019,'1496400',1457,,1131,51,,,0
3019,'1496402',1257,,1133,51,,,0
3019,'1496404',2142,,1135,51,,,0
3019,'1496409',827,,1140,51,,,0
3019,'1496411',1757,,1142,51,,,0
3019,'1496412',1427,,1143,51,,,0
3019,'1496413',1027,,1144,51,,,0
3019,'1496417',1057,,1148,51,,,0
3019,'1496422',1227,,1153,51,,,0
3019,'1496423',1657,,1154,51,,,0
3019,'1496425',957,,1156,51,,,0
3019,'1496426',1527,,1157,51,,,0
3019,'1496427',1842,,1158,51,,,0
3019,'1496429',2339,,1160,51,,,0
3019,'1496432',1942,,1163,51,,,0
3019,'1496434',657,,1165,51,,,0
3019,'1496453',742,,1166,51,,,0
3019,'1496455',1442,,1168,51,,,0
3019,'1496457',842,,1170,51,,,0
3019,'1496458',1142,,1171,51,,,0
3019,'1496459',2242,,1172,51,,,0
3019,'1496460',1842,,1173,51,,,0
3019,'1496463',1342,,1176,51,,,0
3019,'1496465',1942,,1178,51,,,0
3019,'1496467',1642,,1180,51,,,0
3019,'1496468',942,,1181,51,,,0
3019,'1496469',1242,,1182,51,,,0
3019,'1496473',2142,,1186,51,,,0
3019,'1496474',1742,,1187,51,,,0
3019,'1496475',1042,,1188,51,,,0
3019,'1496479',1542,,1192,51,,,0
3019,'1496484',2042,,1197,51,,,0
3019,'1496487',2339,,1200,51,,,0
3019,'1496488',642,,1201,51,,,0
3019,'1496627',742,,1203,51,,,0
3019,'1496629',1442,,1205,51,,,0
3019,'1496631',842,,1207,51,,,0
3019,'1496632',1142,,1208,51,,,0
3019,'1496633',1842,,1209,51,,,0
3019,'1496636',1342,,1212,51,,,0
3019,'1496638',1942,,1214,51,,,0
3019,'1496640',1642,,1216,51,,,0
3019,'1496641',942,,1217,51,,,0
3019,'1496642',1242,,1218,51,,,0
3019,'1496645',2142,,1221,51,,,0
3019,'1496646',1742,,1222,51,,,0
3019,'1496647',1042,,1223,51,,,0
3019,'1496651',1542,,1227,51,,,0
3019,'1496656',2042,,1232,51,,,0
3019,'1496659',2339,,1235,51,,,0
