2019,'1496174',1314,,878,110,,,0
2019,'1496175',1444,,879,110,,,0
2019,'1496179',1414,,880,110,,,0
2019,'1496181',1544,,881,110,,,0
2019,'1496183',1044,,882,110,,,0
2019,'1496184',1614,,883,110,,,0
2019,'1496185',1014,,884,110,,,0
2019,'1496187',1214,,885,110,,,0
2019,'1496188',944,,886,110,,,0
2019,'1496189',914,,887,110,,,0
2019,'1496191',1114,,888,110,,,0
2019,'1496194',1644,,889,110,,,0
2019,'1496198',814,,890,110,,,0
2019,'1496200',1814,,891,110,,,0
2019,'1496204',1514,,892,110,,,0
2019,'1496206',1144,,893,110,,,0
2019,'1496208',1244,,894,110,,,0
2019,'1496209',1714,,895,110,,,0
2019,'1496210',1844,,896,110,,,0
2019,'1496211',1744,,897,110,,,0
2019,'1496215',844,,898,110,,,0
2019,'1496216',1344,,899,110,,,0
2019,'1496218',744,,900,110,,,0
2019,'1496219',614,,901,24,,,0
2019,'1496220',644,,902,78,,,0
2019,'1496223',2329,,903,110,,,0
2019,'1496224',1314,,904,110,,,0
2019,'1496225',1444,,905,110,,,0
2019,'1496227',2229,,906,110,,,0
2019,'1496228',1929,,907,110,,,0
2019,'1496232',1414,,908,110,,,0
2019,'1496234',1544,,909,110,,,0
2019,'1496236',1044,,910,110,,,0
2019,'1496237',1614,,911,110,,,0
2019,'1496238',1014,,912,110,,,0
2019,'1496240',1214,,913,110,,,0
2019,'1496242',944,,914,110,,,0
2019,'1496243',914,,915,110,,,0
2019,'1496245',1114,,916,110,,,0
2019,'1496248',1644,,917,110,,,0
2019,'1496253',2129,,918,110,,,0
2019,'1496255',814,,919,110,,,0
2019,'1496257',1814,,920,110,,,0
2019,'1496262',1514,,922,110,,,0
2019,'1496264',1144,,923,110,,,0
2019,'1496266',1244,,924,110,,,0
2019,'1496267',1714,,925,110,,,0
2019,'1496268',1844,,926,110,,,0
2019,'1496269',1744,,927,110,,,0
2019,'1496274',844,,928,110,,,0
2019,'1496275',1344,,929,110,,,0
2019,'1496277',744,,930,110,,,0
2019,'1496278',614,,931,24,,,0
2019,'1496279',644,,932,88,,,0
2019,'1496280',2029,,933,110,,,0
2019,'1496490',1829,,934,110,,,0
2019,'1496491',2229,,935,110,,,0
2019,'1496492',1429,,936,110,,,0
2019,'1496494',1229,,937,110,,,0
2019,'1496495',1529,,938,110,,,0
2019,'1496498',2129,,939,110,,,0
2019,'1496499',829,,940,110,,,0
2019,'1496505',1329,,941,110,,,0
2019,'1496507',2329,,942,110,,,0
2019,'1496510',1629,,943,110,,,0
2019,'1496511',1929,,944,110,,,0
2019,'1496512',1129,,945,110,,,0
2019,'1496516',1029,,946,110,,,0
2019,'1496518',929,,947,110,,,0
2019,'1496520',1729,,948,110,,,0
2019,'1496521',2029,,949,110,,,0
2019,'1496523',729,,950,110,,,0
2019,'1496524',659,,951,78,,,0
2019,'1496594',1829,,953,110,,,0
2019,'1496595',2229,,954,110,,,0
2019,'1496596',1429,,955,110,,,0
2019,'1496598',1229,,956,110,,,0
2019,'1496599',1529,,957,110,,,0
2019,'1496602',2129,,958,110,,,0
2019,'1496603',829,,959,110,,,0
2019,'1496609',1329,,960,110,,,0
2019,'1496613',1629,,961,110,,,0
2019,'1496614',1929,,962,110,,,0
2019,'1496615',1129,,963,110,,,0
2019,'1496619',1029,,964,110,,,0
2019,'1496621',929,,965,110,,,0
2019,'1496623',1729,,966,110,,,0
2019,'1496624',2029,,967,110,,,0
2019,'1496625',759,,968,78,,,0
