3019,'1496125',1557,,1056,50,,,0
3019,'1496128',1727,,1059,50,,,0
3019,'1496129',857,,1060,50,,,0
3019,'1496130',727,,1061,50,,,0
3019,'1496131',1627,,1062,50,,,0
3019,'1496133',1157,,1064,50,,,0
3019,'1496134',1127,,1065,50,,,0
3019,'1496136',757,,1067,50,,,0
3019,'1496138',927,,1069,50,,,0
3019,'1496141',1357,,1072,50,,,0
3019,'1496142',1327,,1073,50,,,0
3019,'1496144',1457,,1075,50,,,0
3019,'1496146',1257,,1077,50,,,0
3019,'1496151',827,,1082,50,,,0
3019,'1496153',1757,,1084,50,,,0
3019,'1496154',1427,,1085,50,,,0
3019,'1496155',1027,,1086,50,,,0
3019,'1496159',1057,,1090,50,,,0
3019,'1496164',1227,,1095,50,,,0
3019,'1496165',1657,,1096,50,,,0
3019,'1496167',957,,1098,50,,,0
3019,'1496168',1527,,1099,50,,,0
3019,'1496173',657,,1104,50,,,0
3019,'1496374',1557,,1105,50,,,0
3019,'1496377',1727,,1108,50,,,0
3019,'1496378',2042,,1109,50,,,0
3019,'1496380',857,,1111,50,,,0
3019,'1496381',727,,1112,50,,,0
3019,'1496382',1627,,1113,50,,,0
3019,'1496385',1157,,1116,50,,,0
3019,'1496386',1127,,1117,50,,,0
3019,'1496388',757,,1119,50,,,0
3019,'1496392',927,,1123,50,,,0
3019,'1496395',2242,,1126,50,,,0
3019,'1496396',1357,,1127,50,,,0
3019,'1496398',1327,,1129,50,,,0
3019,'1496400',1457,,1131,50,,,0
3019,'1496402',1257,,1133,50,,,0
3019,'1496404',2142,,1135,50,,,0
3019,'1496409',827,,1140,50,,,0
3019,'1496411',1757,,1142,50,,,0
3019,'1496412',1427,,1143,50,,,0
3019,'1496413',1027,,1144,50,,,0
3019,'1496417',1057,,1148,50,,,0
3019,'1496422',1227,,1153,50,,,0
3019,'1496423',1657,,1154,50,,,0
3019,'1496425',957,,1156,50,,,0
3019,'1496426',1527,,1157,50,,,0
3019,'1496427',1842,,1158,50,,,0
3019,'1496429',2338,,1160,50,,,0
3019,'1496432',1942,,1163,50,,,0
3019,'1496434',657,,1165,50,,,0
3019,'1496453',742,,1166,50,,,0
3019,'1496455',1442,,1168,50,,,0
3019,'1496457',842,,1170,50,,,0
3019,'1496458',1142,,1171,50,,,0
3019,'1496459',2242,,1172,50,,,0
3019,'1496460',1842,,1173,50,,,0
3019,'1496463',1342,,1176,50,,,0
3019,'1496465',1942,,1178,50,,,0
3019,'1496467',1642,,1180,50,,,0
3019,'1496468',942,,1181,50,,,0
3019,'1496469',1242,,1182,50,,,0
3019,'1496473',2142,,1186,50,,,0
3019,'1496474',1742,,1187,50,,,0
3019,'1496475',1042,,1188,50,,,0
3019,'1496479',1542,,1192,50,,,0
3019,'1496484',2042,,1197,50,,,0
3019,'1496487',2338,,1200,50,,,0
3019,'1496488',642,,1201,50,,,0
3019,'1496627',742,,1203,50,,,0
3019,'1496629',1442,,1205,50,,,0
3019,'1496631',842,,1207,50,,,0
3019,'1496632',1142,,1208,50,,,0
3019,'1496633',1842,,1209,50,,,0
3019,'1496636',1342,,1212,50,,,0
3019,'1496638',1942,,1214,50,,,0
3019,'1496640',1642,,1216,50,,,0
3019,'1496641',942,,1217,50,,,0
3019,'1496642',1242,,1218,50,,,0
3019,'1496645',2142,,1221,50,,,0
3019,'1496646',1742,,1222,50,,,0
3019,'1496647',1042,,1223,50,,,0
3019,'1496651',1542,,1227,50,,,0
3019,'1496656',2042,,1232,50,,,0
3019,'1496659',2338,,1235,50,,,0
