2019,'1496174',1224,,878,36,,,0
2019,'1496175',1354,,879,36,,,0
2019,'1496179',1324,,880,36,,,0
2019,'1496181',1454,,881,36,,,0
2019,'1496183',954,,882,36,,,0
2019,'1496184',1524,,883,36,,,0
2019,'1496185',924,,884,36,,,0
2019,'1496187',1124,,885,36,,,0
2019,'1496188',854,,886,36,,,0
2019,'1496189',824,,887,36,,,0
2019,'1496191',1024,,888,36,,,0
2019,'1496194',1554,,889,36,,,0
2019,'1496198',724,,890,36,,,0
2019,'1496200',1724,,891,36,,,0
2019,'1496204',1424,,892,36,,,0
2019,'1496206',1054,,893,36,,,0
2019,'1496208',1154,,894,36,,,0
2019,'1496209',1624,,895,36,,,0
2019,'1496210',1754,,896,36,,,0
2019,'1496211',1654,,897,36,,,0
2019,'1496215',754,,898,36,,,0
2019,'1496216',1254,,899,36,,,0
2019,'1496218',654,,900,36,,,0
2019,'1496220',554,,902,4,,,0
2019,'1496223',2239,,903,36,,,0
2019,'1496224',1224,,904,36,,,0
2019,'1496225',1354,,905,36,,,0
2019,'1496227',2139,,906,36,,,0
2019,'1496228',1839,,907,36,,,0
2019,'1496232',1324,,908,36,,,0
2019,'1496234',1454,,909,36,,,0
2019,'1496236',954,,910,36,,,0
2019,'1496237',1524,,911,36,,,0
2019,'1496238',924,,912,36,,,0
2019,'1496240',1124,,913,36,,,0
2019,'1496242',854,,914,36,,,0
2019,'1496243',824,,915,36,,,0
2019,'1496245',1024,,916,36,,,0
2019,'1496248',1554,,917,36,,,0
2019,'1496253',2039,,918,36,,,0
2019,'1496255',724,,919,36,,,0
2019,'1496257',1724,,920,36,,,0
2019,'1496258',2337,,921,36,,,0
2019,'1496262',1424,,922,36,,,0
2019,'1496264',1054,,923,36,,,0
2019,'1496266',1154,,924,36,,,0
2019,'1496267',1624,,925,36,,,0
2019,'1496268',1754,,926,36,,,0
2019,'1496269',1654,,927,36,,,0
2019,'1496274',754,,928,36,,,0
2019,'1496275',1254,,929,36,,,0
2019,'1496277',654,,930,36,,,0
2019,'1496279',554,,932,14,,,0
2019,'1496280',1939,,933,36,,,0
2019,'1496490',1739,,934,36,,,0
2019,'1496491',2139,,935,36,,,0
2019,'1496492',1339,,936,36,,,0
2019,'1496494',1139,,937,36,,,0
2019,'1496495',1439,,938,36,,,0
2019,'1496498',2039,,939,36,,,0
2019,'1496499',739,,940,36,,,0
2019,'1496505',1239,,941,36,,,0
2019,'1496507',2239,,942,36,,,0
2019,'1496510',1539,,943,36,,,0
2019,'1496511',1839,,944,36,,,0
2019,'1496512',1039,,945,36,,,0
2019,'1496516',939,,946,36,,,0
2019,'1496518',839,,947,36,,,0
2019,'1496520',1639,,948,36,,,0
2019,'1496521',1939,,949,36,,,0
2019,'1496523',639,,950,36,,,0
2019,'1496524',609,,951,4,,,0
2019,'1496525',2338,,952,36,,,0
2019,'1496594',1739,,953,36,,,0
2019,'1496595',2139,,954,36,,,0
2019,'1496596',1339,,955,36,,,0
2019,'1496598',1139,,956,36,,,0
2019,'1496599',1439,,957,36,,,0
2019,'1496602',2039,,958,36,,,0
2019,'1496603',739,,959,36,,,0
2019,'1496609',1239,,960,36,,,0
2019,'1496613',1539,,961,36,,,0
2019,'1496614',1839,,962,36,,,0
2019,'1496615',1039,,963,36,,,0
2019,'1496619',939,,964,36,,,0
2019,'1496621',839,,965,36,,,0
2019,'1496623',1639,,966,36,,,0
2019,'1496624',1939,,967,36,,,0
2019,'1496625',709,,968,4,,,0
2019,'1496626',2338,,969,36,,,0
