2019,'1496174',1255,,878,78,,,0
2019,'1496175',1425,,879,78,,,0
2019,'1496179',1355,,880,78,,,0
2019,'1496181',1525,,881,78,,,0
2019,'1496183',1025,,882,78,,,0
2019,'1496184',1555,,883,78,,,0
2019,'1496185',955,,884,78,,,0
2019,'1496187',1155,,885,78,,,0
2019,'1496188',925,,886,78,,,0
2019,'1496189',855,,887,78,,,0
2019,'1496191',1055,,888,78,,,0
2019,'1496194',1625,,889,78,,,0
2019,'1496198',755,,890,78,,,0
2019,'1496200',1755,,891,78,,,0
2019,'1496204',1455,,892,78,,,0
2019,'1496206',1125,,893,78,,,0
2019,'1496208',1225,,894,78,,,0
2019,'1496209',1655,,895,78,,,0
2019,'1496210',1825,,896,78,,,0
2019,'1496211',1725,,897,78,,,0
2019,'1496215',825,,898,78,,,0
2019,'1496216',1325,,899,78,,,0
2019,'1496218',725,,900,78,,,0
2019,'1496220',625,,902,46,,,0
2019,'1496223',2310,,903,78,,,0
2019,'1496224',1255,,904,78,,,0
2019,'1496225',1425,,905,78,,,0
2019,'1496227',2210,,906,78,,,0
2019,'1496228',1910,,907,78,,,0
2019,'1496232',1355,,908,78,,,0
2019,'1496234',1525,,909,78,,,0
2019,'1496236',1025,,910,78,,,0
2019,'1496237',1555,,911,78,,,0
2019,'1496238',955,,912,78,,,0
2019,'1496240',1155,,913,78,,,0
2019,'1496242',925,,914,78,,,0
2019,'1496243',855,,915,78,,,0
2019,'1496245',1055,,916,78,,,0
2019,'1496248',1625,,917,78,,,0
2019,'1496253',2110,,918,78,,,0
2019,'1496255',755,,919,78,,,0
2019,'1496257',1755,,920,78,,,0
2019,'1496262',1455,,922,78,,,0
2019,'1496264',1125,,923,78,,,0
2019,'1496266',1225,,924,78,,,0
2019,'1496267',1655,,925,78,,,0
2019,'1496268',1825,,926,78,,,0
2019,'1496269',1725,,927,78,,,0
2019,'1496274',825,,928,78,,,0
2019,'1496275',1325,,929,78,,,0
2019,'1496277',725,,930,78,,,0
2019,'1496279',625,,932,56,,,0
2019,'1496280',2010,,933,78,,,0
2019,'1496490',1810,,934,78,,,0
2019,'1496491',2210,,935,78,,,0
2019,'1496492',1410,,936,78,,,0
2019,'1496494',1210,,937,78,,,0
2019,'1496495',1510,,938,78,,,0
2019,'1496498',2110,,939,78,,,0
2019,'1496499',810,,940,78,,,0
2019,'1496505',1310,,941,78,,,0
2019,'1496507',2310,,942,78,,,0
2019,'1496510',1610,,943,78,,,0
2019,'1496511',1910,,944,78,,,0
2019,'1496512',1110,,945,78,,,0
2019,'1496516',1010,,946,78,,,0
2019,'1496518',910,,947,78,,,0
2019,'1496520',1710,,948,78,,,0
2019,'1496521',2010,,949,78,,,0
2019,'1496523',710,,950,78,,,0
2019,'1496524',640,,951,46,,,0
2019,'1496594',1810,,953,78,,,0
2019,'1496595',2210,,954,78,,,0
2019,'1496596',1410,,955,78,,,0
2019,'1496598',1210,,956,78,,,0
2019,'1496599',1510,,957,78,,,0
2019,'1496602',2110,,958,78,,,0
2019,'1496603',810,,959,78,,,0
2019,'1496609',1310,,960,78,,,0
2019,'1496613',1610,,961,78,,,0
2019,'1496614',1910,,962,78,,,0
2019,'1496615',1110,,963,78,,,0
2019,'1496619',1010,,964,78,,,0
2019,'1496621',910,,965,78,,,0
2019,'1496623',1710,,966,78,,,0
2019,'1496624',2010,,967,78,,,0
2019,'1496625',740,,968,46,,,0
