8019,'1496053',1746,,1304,10,,,0
8019,'1496054',1046,,1305,10,,,0
8019,'1496055',1346,,1306,10,,,0
8019,'1496056',946,,1307,10,,,0
8019,'1496057',1446,,1308,10,,,0
8019,'1496058',746,,1309,10,,,0
8019,'1496059',1646,,1310,10,,,0
8019,'1496060',846,,1311,10,,,0
8019,'1496061',646,,1312,10,,,0
8019,'1496062',1546,,1313,10,,,0
8019,'1496063',1246,,1314,10,,,0
8019,'1496064',1146,,1315,10,,,0
8019,'1496282',1746,,1316,10,,,0
8019,'1496283',1046,,1317,10,,,0
8019,'1496284',1346,,1318,10,,,0
8019,'1496285',946,,1319,10,,,0
8019,'1496286',1446,,1320,10,,,0
8019,'1496287',746,,1321,10,,,0
8019,'1496288',1646,,1322,10,,,0
8019,'1496289',846,,1323,10,,,0
8019,'1496290',646,,1324,10,,,0
8019,'1496291',1546,,1325,10,,,0
8019,'1496292',1246,,1326,10,,,0
8019,'1496293',1146,,1327,10,,,0
