1019,'1496067',754,,702,74,,,0
1019,'1496069',854,,703,74,,,0
1019,'1496071',1624,,704,74,,,0
1019,'1496072',1724,,705,74,,,0
1019,'1496074',824,,706,74,,,0
1019,'1496075',1524,,707,74,,,0
1019,'1496076',1324,,708,74,,,0
1019,'1496080',1424,,709,74,,,0
1019,'1496085',1124,,710,74,,,0
1019,'1496087',1354,,711,74,,,0
1019,'1496089',924,,712,74,,,0
1019,'1496090',1224,,713,74,,,0
1019,'1496091',1024,,714,74,,,0
1019,'1496093',1824,,715,74,,,0
1019,'1496095',1054,,716,74,,,0
1019,'1496097',954,,717,74,,,0
1019,'1496099',1454,,718,74,,,0
1019,'1496100',1554,,719,74,,,0
1019,'1496102',724,,720,74,,,0
1019,'1496103',1254,,721,74,,,0
1019,'1496104',1154,,722,74,,,0
1019,'1496107',1754,,723,74,,,0
1019,'1496109',1654,,724,74,,,0
1019,'1496110',624,,725,43,,,0
1019,'1496296',754,,726,74,,,0
1019,'1496298',854,,727,74,,,0
1019,'1496301',1624,,728,74,,,0
1019,'1496302',2209,,729,74,,,0
1019,'1496303',1724,,730,74,,,0
1019,'1496305',824,,731,74,,,0
1019,'1496306',1524,,732,74,,,0
1019,'1496307',1324,,733,74,,,0
1019,'1496308',1854,,734,74,,,0
1019,'1496313',1424,,735,74,,,0
1019,'1496314',2009,,736,74,,,0
1019,'1496315',2109,,737,74,,,0
1019,'1496321',1124,,738,74,,,0
1019,'1496323',1354,,739,74,,,0
1019,'1496326',924,,740,74,,,0
1019,'1496327',1224,,741,74,,,0
1019,'1496328',1024,,742,74,,,0
1019,'1496330',2359,,743,74,,,0
1019,'1496331',1824,,744,74,,,0
1019,'1496334',1054,,745,74,,,0
1019,'1496336',954,,746,74,,,0
1019,'1496338',2309,,747,74,,,0
1019,'1496340',1454,,748,74,,,0
1019,'1496341',1554,,749,74,,,0
1019,'1496343',724,,750,74,,,0
1019,'1496344',1254,,751,74,,,0
1019,'1496345',1154,,752,74,,,0
1019,'1496348',1754,,753,74,,,0
1019,'1496350',1654,,754,74,,,0
1019,'1496351',624,,755,43,,,0
1019,'1496353',1924,,756,74,,,0
1019,'1496526',1409,,757,74,,,0
1019,'1496529',2009,,758,74,,,0
1019,'1496530',809,,759,74,,,0
1019,'1496531',709,,760,74,,,0
1019,'1496532',2109,,761,74,,,0
1019,'1496536',1109,,762,74,,,0
1019,'1496538',1509,,763,74,,,0
1019,'1496541',1709,,764,74,,,0
1019,'1496543',1209,,765,74,,,0
1019,'1496546',2209,,766,74,,,0
1019,'1496548',1609,,767,74,,,0
1019,'1496549',1809,,768,74,,,0
1019,'1496553',1009,,769,74,,,0
1019,'1496554',909,,770,74,,,0
1019,'1496557',1309,,771,74,,,0
1019,'1496558',1909,,772,74,,,0
1019,'1496559',2359,,773,74,,,0
1019,'1496560',2309,,774,74,,,0
1019,'1496561',1409,,775,74,,,0
1019,'1496564',2009,,776,74,,,0
1019,'1496565',809,,777,74,,,0
1019,'1496566',2109,,778,74,,,0
1019,'1496570',1109,,779,74,,,0
1019,'1496572',1509,,780,74,,,0
1019,'1496575',1709,,781,74,,,0
1019,'1496576',1209,,782,74,,,0
1019,'1496579',2209,,783,74,,,0
1019,'1496581',1609,,784,74,,,0
1019,'1496582',1809,,785,74,,,0
1019,'1496586',1009,,786,74,,,0
1019,'1496587',909,,787,74,,,0
1019,'1496590',1309,,788,74,,,0
1019,'1496591',1909,,789,74,,,0
1019,'1496592',2359,,790,74,,,0
1019,'1496593',2309,,791,74,,,0
3019,'1496126',939,,1057,133,0,5,0
3019,'1496127',1139,,1058,133,0,5,0
3019,'1496132',1209,,1063,133,0,5,0
3019,'1496135',1739,,1066,133,0,5,0
3019,'1496137',1539,,1068,133,0,5,0
3019,'1496139',1309,,1070,133,0,5,0
3019,'1496140',839,,1071,133,0,5,0
3019,'1496143',809,,1074,133,0,5,0
3019,'1496145',1839,,1076,133,0,5,0
3019,'1496147',1409,,1078,133,0,5,0
3019,'1496148',1109,,1079,133,0,5,0
3019,'1496149',1339,,1080,133,0,5,0
3019,'1496150',1439,,1081,133,0,5,0
3019,'1496152',909,,1083,133,0,5,0
3019,'1496156',1039,,1087,133,0,5,0
3019,'1496157',1709,,1088,133,0,5,0
3019,'1496158',1509,,1089,133,0,5,0
3019,'1496160',1809,,1091,133,0,5,0
3019,'1496161',1239,,1092,133,0,5,0
3019,'1496162',1609,,1093,133,0,5,0
3019,'1496163',639,,1094,55,0,5,0
3019,'1496166',1639,,1097,133,0,5,0
3019,'1496169',1009,,1100,133,0,5,0
3019,'1496172',709,,1103,102,0,5,0
3019,'1496375',939,,1106,133,0,5,0
3019,'1496376',1139,,1107,133,0,5,0
3019,'1496379',2209,,1110,133,0,5,0
3019,'1496383',2309,,1114,133,0,5,0
3019,'1496384',1209,,1115,133,0,5,0
3019,'1496387',1739,,1118,133,0,5,0
3019,'1496389',2359,,1120,133,0,5,0
3019,'1496390',1539,,1121,133,0,5,0
3019,'1496391',2009,,1122,133,0,5,0
3019,'1496393',1309,,1124,133,0,5,0
3019,'1496394',839,,1125,133,0,5,0
3019,'1496397',2109,,1128,133,0,5,0
3019,'1496399',809,,1130,133,0,5,0
3019,'1496401',1839,,1132,133,0,5,0
3019,'1496403',1409,,1134,133,0,5,0
3019,'1496405',1909,,1136,133,0,5,0
3019,'1496406',1109,,1137,133,0,5,0
3019,'1496407',1339,,1138,133,0,5,0
3019,'1496408',1439,,1139,133,0,5,0
3019,'1496410',909,,1141,133,0,5,0
3019,'1496414',1039,,1145,133,0,5,0
3019,'1496415',1709,,1146,133,0,5,0
3019,'1496416',1509,,1147,133,0,5,0
3019,'1496418',1809,,1149,133,0,5,0
3019,'1496419',1239,,1150,133,0,5,0
3019,'1496420',1609,,1151,133,0,5,0
3019,'1496421',639,,1152,55,0,5,0
3019,'1496424',1639,,1155,133,0,5,0
3019,'1496428',1009,,1159,133,0,5,0
3019,'1496433',709,,1164,102,0,5,0
3019,'1496454',1809,,1167,133,0,5,0
3019,'1496456',2309,,1169,133,0,5,0
3019,'1496461',2009,,1174,133,0,5,0
3019,'1496462',1509,,1175,133,0,5,0
3019,'1496464',2109,,1177,133,0,5,0
3019,'1496466',2359,,1179,133,0,5,0
3019,'1496470',1909,,1183,133,0,5,0
3019,'1496471',809,,1184,133,0,5,0
3019,'1496472',1009,,1185,133,0,5,0
3019,'1496476',1109,,1189,133,0,5,0
3019,'1496477',1409,,1190,133,0,5,0
3019,'1496478',1709,,1191,133,0,5,0
3019,'1496480',1209,,1193,133,0,5,0
3019,'1496481',1609,,1194,133,0,5,0
3019,'1496482',2209,,1195,133,0,5,0
3019,'1496483',909,,1196,133,0,5,0
3019,'1496485',1309,,1198,133,0,5,0
3019,'1496489',639,,1202,55,0,5,0
3019,'1496628',1809,,1204,133,0,5,0
3019,'1496630',2309,,1206,133,0,5,0
3019,'1496634',2009,,1210,133,0,5,0
3019,'1496635',1509,,1211,133,0,5,0
3019,'1496637',2109,,1213,133,0,5,0
3019,'1496639',2359,,1215,133,0,5,0
3019,'1496643',1909,,1219,133,0,5,0
3019,'1496644',1009,,1220,133,0,5,0
3019,'1496648',1109,,1224,133,0,5,0
3019,'1496649',1409,,1225,133,0,5,0
3019,'1496650',1709,,1226,133,0,5,0
3019,'1496652',1209,,1228,133,0,5,0
3019,'1496653',1609,,1229,133,0,5,0
3019,'1496654',2209,,1230,133,0,5,0
3019,'1496655',909,,1231,133,0,5,0
3019,'1496657',1309,,1233,133,0,5,0
3019,'1496660',739,,1236,55,0,5,0
