3019,'1496126',909,,1057,79,0,5,0
3019,'1496127',1109,,1058,79,0,5,0
3019,'1496132',1139,,1063,79,0,5,0
3019,'1496135',1709,,1066,79,0,5,0
3019,'1496137',1509,,1068,79,0,5,0
3019,'1496139',1239,,1070,79,0,5,0
3019,'1496140',809,,1071,79,0,5,0
3019,'1496143',739,,1074,79,0,5,0
3019,'1496145',1809,,1076,79,0,5,0
3019,'1496147',1339,,1078,79,0,5,0
3019,'1496148',1039,,1079,79,0,5,0
3019,'1496149',1309,,1080,79,0,5,0
3019,'1496150',1409,,1081,79,0,5,0
3019,'1496152',839,,1083,79,0,5,0
3019,'1496156',1009,,1087,79,0,5,0
3019,'1496157',1639,,1088,79,0,5,0
3019,'1496158',1439,,1089,79,0,5,0
3019,'1496160',1739,,1091,79,0,5,0
3019,'1496161',1209,,1092,79,0,5,0
3019,'1496162',1539,,1093,79,0,5,0
3019,'1496163',609,,1094,1,0,5,0
3019,'1496166',1609,,1097,79,0,5,0
3019,'1496169',939,,1100,79,0,5,0
3019,'1496172',639,,1103,48,0,5,0
3019,'1496375',909,,1106,79,0,5,0
3019,'1496376',1109,,1107,79,0,5,0
3019,'1496379',2139,,1110,79,0,5,0
3019,'1496383',2239,,1114,79,0,5,0
3019,'1496384',1139,,1115,79,0,5,0
3019,'1496387',1709,,1118,79,0,5,0
3019,'1496389',2332,,1120,79,0,5,0
3019,'1496390',1509,,1121,79,0,5,0
3019,'1496391',1939,,1122,79,0,5,0
3019,'1496393',1239,,1124,79,0,5,0
3019,'1496394',809,,1125,79,0,5,0
3019,'1496397',2039,,1128,79,0,5,0
3019,'1496399',739,,1130,79,0,5,0
3019,'1496401',1809,,1132,79,0,5,0
3019,'1496403',1339,,1134,79,0,5,0
3019,'1496405',1839,,1136,79,0,5,0
3019,'1496406',1039,,1137,79,0,5,0
3019,'1496407',1309,,1138,79,0,5,0
3019,'1496408',1409,,1139,79,0,5,0
3019,'1496410',839,,1141,79,0,5,0
3019,'1496414',1009,,1145,79,0,5,0
3019,'1496415',1639,,1146,79,0,5,0
3019,'1496416',1439,,1147,79,0,5,0
3019,'1496418',1739,,1149,79,0,5,0
3019,'1496419',1209,,1150,79,0,5,0
3019,'1496420',1539,,1151,79,0,5,0
3019,'1496421',609,,1152,1,0,5,0
3019,'1496424',1609,,1155,79,0,5,0
3019,'1496428',939,,1159,79,0,5,0
3019,'1496433',639,,1164,48,0,5,0
3019,'1496454',1739,,1167,79,0,5,0
3019,'1496456',2239,,1169,79,0,5,0
3019,'1496461',1939,,1174,79,0,5,0
3019,'1496462',1439,,1175,79,0,5,0
3019,'1496464',2039,,1177,79,0,5,0
3019,'1496466',2332,,1179,79,0,5,0
3019,'1496470',1839,,1183,79,0,5,0
3019,'1496471',739,,1184,79,0,5,0
3019,'1496472',939,,1185,79,0,5,0
3019,'1496476',1039,,1189,79,0,5,0
3019,'1496477',1339,,1190,79,0,5,0
3019,'1496478',1639,,1191,79,0,5,0
3019,'1496480',1139,,1193,79,0,5,0
3019,'1496481',1539,,1194,79,0,5,0
3019,'1496482',2139,,1195,79,0,5,0
3019,'1496483',839,,1196,79,0,5,0
3019,'1496485',1239,,1198,79,0,5,0
3019,'1496489',615,,1202,1,0,5,0
3019,'1496628',1739,,1204,79,0,5,0
3019,'1496630',2239,,1206,79,0,5,0
3019,'1496634',1939,,1210,79,0,5,0
3019,'1496635',1439,,1211,79,0,5,0
3019,'1496637',2039,,1213,79,0,5,0
3019,'1496639',2332,,1215,79,0,5,0
3019,'1496643',1839,,1219,79,0,5,0
3019,'1496644',939,,1220,79,0,5,0
3019,'1496648',1039,,1224,79,0,5,0
3019,'1496649',1339,,1225,79,0,5,0
3019,'1496650',1639,,1226,79,0,5,0
3019,'1496652',1139,,1228,79,0,5,0
3019,'1496653',1539,,1229,79,0,5,0
3019,'1496654',2139,,1230,79,0,5,0
3019,'1496655',839,,1231,79,0,5,0
3019,'1496657',1239,,1233,79,0,5,0
3019,'1496660',709,,1236,1,0,5,0
