1029,'1496065',1434,,792,31,,,0
1029,'1496066',1534,,793,31,,,0
1029,'1496068',1634,,794,31,,,0
1029,'1496070',734,,795,31,,,0
1029,'1496073',1034,,796,31,,,0
1029,'1496077',904,,797,31,,,0
1029,'1496078',1704,,798,31,,,0
1029,'1496079',1604,,799,31,,,0
1029,'1496081',1204,,800,31,,,0
1029,'1496082',1234,,801,31,,,0
1029,'1496083',1404,,802,31,,,0
1029,'1496084',1004,,803,31,,,0
1029,'1496086',704,,804,31,,,0
1029,'1496088',1734,,805,31,,,0
1029,'1496092',1334,,806,31,,,0
1029,'1496094',934,,807,31,,,0
1029,'1496096',1134,,808,31,,,0
1029,'1496098',834,,809,31,,,0
1029,'1496101',804,,810,31,,,0
1029,'1496105',1504,,811,31,,,0
1029,'1496106',1304,,812,31,,,0
1029,'1496108',1104,,813,31,,,0
1029,'1496294',1434,,815,31,,,0
1029,'1496295',1534,,816,31,,,0
1029,'1496297',1634,,817,31,,,0
1029,'1496299',734,,818,31,,,0
1029,'1496300',2104,,819,31,,,0
1029,'1496304',1034,,820,31,,,0
1029,'1496309',2004,,821,31,,,0
1029,'1496310',904,,822,31,,,0
1029,'1496311',1704,,823,31,,,0
1029,'1496312',1604,,824,31,,,0
1029,'1496316',1804,,825,31,,,0
1029,'1496317',1204,,826,31,,,0
1029,'1496318',1234,,827,31,,,0
1029,'1496319',1404,,828,31,,,0
1029,'1496320',1004,,829,31,,,0
1029,'1496322',704,,830,31,,,0
1029,'1496324',1834,,831,31,,,0
1029,'1496325',1734,,832,31,,,0
1029,'1496329',1334,,833,31,,,0
1029,'1496332',934,,834,31,,,0
1029,'1496333',2204,,835,31,,,0
1029,'1496335',1134,,836,31,,,0
1029,'1496337',2304,,837,31,,,0
1029,'1496339',834,,838,31,,,0
1029,'1496342',804,,839,31,,,0
1029,'1496346',1504,,840,31,,,0
1029,'1496347',1304,,841,31,,,0
1029,'1496349',1104,,842,31,,,0
1029,'1496354',1904,,844,31,,,0
1029,'1496527',1904,,845,31,,,0
1029,'1496528',2104,,846,31,,,0
1029,'1496533',1804,,847,31,,,0
1029,'1496534',2204,,848,31,,,0
1029,'1496535',1304,,849,31,,,0
1029,'1496537',1104,,850,31,,,0
1029,'1496539',1004,,851,31,,,0
1029,'1496540',2004,,852,31,,,0
1029,'1496542',704,,853,31,,,0
1029,'1496544',2304,,854,31,,,0
1029,'1496545',1504,,855,31,,,0
1029,'1496547',1604,,856,31,,,0
1029,'1496550',804,,857,31,,,0
1029,'1496551',1204,,858,31,,,0
1029,'1496552',904,,859,31,,,0
1029,'1496555',1704,,860,31,,,0
1029,'1496556',1404,,861,31,,,0
1029,'1496562',1904,,862,31,,,0
1029,'1496563',2104,,863,31,,,0
1029,'1496567',1804,,864,31,,,0
1029,'1496568',2204,,865,31,,,0
1029,'1496569',1304,,866,31,,,0
1029,'1496571',1104,,867,31,,,0
1029,'1496573',1004,,868,31,,,0
1029,'1496574',2004,,869,31,,,0
1029,'1496577',2304,,870,31,,,0
1029,'1496578',1504,,871,31,,,0
1029,'1496580',1604,,872,31,,,0
1029,'1496583',804,,873,31,,,0
1029,'1496584',1204,,874,31,,,0
1029,'1496585',904,,875,31,,,0
1029,'1496588',1704,,876,31,,,0
1029,'1496589',1404,,877,31,,,0
