4019,'1496112',702,,1237,49,,,0
4019,'1496113',1102,,1238,49,,,0
4019,'1496114',902,,1239,49,,,0
4019,'1496115',1702,,1240,49,,,0
4019,'1496116',1002,,1241,49,,,0
4019,'1496117',1202,,1242,49,,,0
4019,'1496118',802,,1243,49,,,0
4019,'1496119',1602,,1244,49,,,0
4019,'1496120',1802,,1245,49,,,0
4019,'1496121',1402,,1246,49,,,0
4019,'1496122',1502,,1247,49,,,0
4019,'1496123',1302,,1248,49,,,0
4019,'1496124',603,,1249,15,,,0
4019,'1496355',702,,1250,49,,,0
4019,'1496356',2342,,1251,49,,,0
4019,'1496357',1102,,1252,49,,,0
4019,'1496358',902,,1253,49,,,0
4019,'1496359',2047,,1254,49,,,0
4019,'1496360',1702,,1255,49,,,0
4019,'1496361',1902,,1256,49,,,0
4019,'1496362',2147,,1257,49,,,0
4019,'1496363',1002,,1258,49,,,0
4019,'1496364',1202,,1259,49,,,0
4019,'1496365',1947,,1260,49,,,0
4019,'1496366',802,,1261,49,,,0
4019,'1496367',1602,,1262,49,,,0
4019,'1496368',1802,,1263,49,,,0
4019,'1496369',1402,,1264,49,,,0
4019,'1496370',1502,,1265,49,,,0
4019,'1496371',2247,,1266,49,,,0
4019,'1496372',1302,,1267,49,,,0
4019,'1496373',603,,1268,15,,,0
4019,'1496435',847,,1269,49,,,0
4019,'1496436',747,,1270,49,,,0
4019,'1496437',1647,,1271,49,,,0
4019,'1496438',2247,,1272,49,,,0
4019,'1496439',1747,,1273,49,,,0
4019,'1496440',1447,,1274,49,,,0
4019,'1496441',2147,,1275,49,,,0
4019,'1496442',1047,,1276,49,,,0
4019,'1496443',1947,,1277,49,,,0
4019,'1496444',1547,,1278,49,,,0
4019,'1496445',947,,1279,49,,,0
4019,'1496446',1847,,1280,49,,,0
4019,'1496447',1347,,1281,49,,,0
4019,'1496448',647,,1282,49,,,0
4019,'1496449',2047,,1283,49,,,0
4019,'1496450',1147,,1284,49,,,0
4019,'1496451',1247,,1285,49,,,0
4019,'1496452',2342,,1286,49,,,0
4019,'1496661',847,,1287,49,,,0
4019,'1496662',747,,1288,49,,,0
4019,'1496663',1647,,1289,49,,,0
4019,'1496664',2247,,1290,49,,,0
4019,'1496665',1747,,1291,49,,,0
4019,'1496666',1447,,1292,49,,,0
4019,'1496667',2147,,1293,49,,,0
4019,'1496668',1047,,1294,49,,,0
4019,'1496669',1947,,1295,49,,,0
4019,'1496670',1547,,1296,49,,,0
4019,'1496671',947,,1297,49,,,0
4019,'1496672',1847,,1298,49,,,0
4019,'1496673',1347,,1299,49,,,0
4019,'1496674',2047,,1300,49,,,0
4019,'1496675',1147,,1301,49,,,0
4019,'1496676',1247,,1302,49,,,0
4019,'1496677',2342,,1303,49,,,0
