3019,'1496126',934,,1057,124,0,5,0
3019,'1496127',1134,,1058,124,0,5,0
3019,'1496132',1204,,1063,124,0,5,0
3019,'1496135',1734,,1066,124,0,5,0
3019,'1496137',1534,,1068,124,0,5,0
3019,'1496139',1304,,1070,124,0,5,0
3019,'1496140',834,,1071,124,0,5,0
3019,'1496143',804,,1074,124,0,5,0
3019,'1496145',1834,,1076,124,0,5,0
3019,'1496147',1404,,1078,124,0,5,0
3019,'1496148',1104,,1079,124,0,5,0
3019,'1496149',1334,,1080,124,0,5,0
3019,'1496150',1434,,1081,124,0,5,0
3019,'1496152',904,,1083,124,0,5,0
3019,'1496156',1034,,1087,124,0,5,0
3019,'1496157',1704,,1088,124,0,5,0
3019,'1496158',1504,,1089,124,0,5,0
3019,'1496160',1804,,1091,124,0,5,0
3019,'1496161',1234,,1092,124,0,5,0
3019,'1496162',1604,,1093,124,0,5,0
3019,'1496163',634,,1094,46,0,5,0
3019,'1496166',1634,,1097,124,0,5,0
3019,'1496169',1004,,1100,124,0,5,0
3019,'1496172',704,,1103,93,0,5,0
3019,'1496375',934,,1106,124,0,5,0
3019,'1496376',1134,,1107,124,0,5,0
3019,'1496379',2204,,1110,124,0,5,0
3019,'1496383',2304,,1114,124,0,5,0
3019,'1496384',1204,,1115,124,0,5,0
3019,'1496387',1734,,1118,124,0,5,0
3019,'1496389',2354,,1120,124,0,5,0
3019,'1496390',1534,,1121,124,0,5,0
3019,'1496391',2004,,1122,124,0,5,0
3019,'1496393',1304,,1124,124,0,5,0
3019,'1496394',834,,1125,124,0,5,0
3019,'1496397',2104,,1128,124,0,5,0
3019,'1496399',804,,1130,124,0,5,0
3019,'1496401',1834,,1132,124,0,5,0
3019,'1496403',1404,,1134,124,0,5,0
3019,'1496405',1904,,1136,124,0,5,0
3019,'1496406',1104,,1137,124,0,5,0
3019,'1496407',1334,,1138,124,0,5,0
3019,'1496408',1434,,1139,124,0,5,0
3019,'1496410',904,,1141,124,0,5,0
3019,'1496414',1034,,1145,124,0,5,0
3019,'1496415',1704,,1146,124,0,5,0
3019,'1496416',1504,,1147,124,0,5,0
3019,'1496418',1804,,1149,124,0,5,0
3019,'1496419',1234,,1150,124,0,5,0
3019,'1496420',1604,,1151,124,0,5,0
3019,'1496421',634,,1152,46,0,5,0
3019,'1496424',1634,,1155,124,0,5,0
3019,'1496428',1004,,1159,124,0,5,0
3019,'1496433',704,,1164,93,0,5,0
3019,'1496454',1804,,1167,124,0,5,0
3019,'1496456',2304,,1169,124,0,5,0
3019,'1496461',2004,,1174,124,0,5,0
3019,'1496462',1504,,1175,124,0,5,0
3019,'1496464',2104,,1177,124,0,5,0
3019,'1496466',2354,,1179,124,0,5,0
3019,'1496470',1904,,1183,124,0,5,0
3019,'1496471',804,,1184,124,0,5,0
3019,'1496472',1004,,1185,124,0,5,0
3019,'1496476',1104,,1189,124,0,5,0
3019,'1496477',1404,,1190,124,0,5,0
3019,'1496478',1704,,1191,124,0,5,0
3019,'1496480',1204,,1193,124,0,5,0
3019,'1496481',1604,,1194,124,0,5,0
3019,'1496482',2204,,1195,124,0,5,0
3019,'1496483',904,,1196,124,0,5,0
3019,'1496485',1304,,1198,124,0,5,0
3019,'1496489',634,,1202,46,0,5,0
3019,'1496628',1804,,1204,124,0,5,0
3019,'1496630',2304,,1206,124,0,5,0
3019,'1496634',2004,,1210,124,0,5,0
3019,'1496635',1504,,1211,124,0,5,0
3019,'1496637',2104,,1213,124,0,5,0
3019,'1496639',2354,,1215,124,0,5,0
3019,'1496643',1904,,1219,124,0,5,0
3019,'1496644',1004,,1220,124,0,5,0
3019,'1496648',1104,,1224,124,0,5,0
3019,'1496649',1404,,1225,124,0,5,0
3019,'1496650',1704,,1226,124,0,5,0
3019,'1496652',1204,,1228,124,0,5,0
3019,'1496653',1604,,1229,124,0,5,0
3019,'1496654',2204,,1230,124,0,5,0
3019,'1496655',904,,1231,124,0,5,0
3019,'1496657',1304,,1233,124,0,5,0
3019,'1496660',734,,1236,46,0,5,0
