2029,'1496221',612,,971,11,,,0
2029,'1496281',612,,972,11,,,0
2029,'1497044',913,,973,48,,,0
2029,'1497045',1413,,974,48,,,0
2029,'1497046',1213,,975,48,,,0
2029,'1497047',1243,,976,48,,,0
2029,'1497048',1543,,977,48,,,0
2029,'1497049',943,,978,48,,,0
2029,'1497050',813,,979,48,,,0
2029,'1497051',1613,,980,48,,,0
2029,'1497052',1443,,981,48,,,0
2029,'1497053',1043,,982,48,,,0
2029,'1497054',713,,983,48,,,0
2029,'1497055',1313,,984,48,,,0
2029,'1497056',1643,,985,48,,,0
2029,'1497057',1513,,986,48,,,0
2029,'1497058',1343,,987,48,,,0
2029,'1497059',743,,988,48,,,0
2029,'1497060',1713,,989,48,,,0
2029,'1497061',1013,,990,48,,,0
2029,'1497062',843,,991,48,,,0
2029,'1497063',1143,,992,48,,,0
2029,'1497064',1113,,993,48,,,0
2029,'1497065',1743,,994,48,,,0
2029,'1497066',2013,,995,48,,,0
2029,'1497067',913,,996,48,,,0
2029,'1497068',1413,,997,48,,,0
2029,'1497069',1213,,998,48,,,0
2029,'1497070',1813,,999,48,,,0
2029,'1497071',1243,,1000,48,,,0
2029,'1497072',1543,,1001,48,,,0
2029,'1497073',943,,1002,48,,,0
2029,'1497074',2213,,1003,48,,,0
2029,'1497075',813,,1004,48,,,0
2029,'1497076',1613,,1005,48,,,0
2029,'1497077',1443,,1006,48,,,0
2029,'1497078',2310,,1007,48,,,0
2029,'1497079',1043,,1008,48,,,0
2029,'1497080',713,,1009,48,,,0
2029,'1497081',1313,,1010,48,,,0
2029,'1497082',1913,,1011,48,,,0
2029,'1497083',1643,,1012,48,,,0
2029,'1497084',1513,,1013,48,,,0
2029,'1497085',1343,,1014,48,,,0
2029,'1497086',743,,1015,48,,,0
2029,'1497087',1713,,1016,48,,,0
2029,'1497088',1013,,1017,48,,,0
2029,'1497089',843,,1018,48,,,0
2029,'1497090',2113,,1019,48,,,0
2029,'1497091',1143,,1020,48,,,0
2029,'1497092',1113,,1021,48,,,0
2029,'1497093',1743,,1022,48,,,0
2029,'1497094',1713,,1023,48,,,0
2029,'1497095',1113,,1024,48,,,0
2029,'1497096',2213,,1025,48,,,0
2029,'1497097',2310,,1026,48,,,0
2029,'1497098',1013,,1027,48,,,0
2029,'1497099',2013,,1028,48,,,0
2029,'1497100',913,,1029,48,,,0
2029,'1497101',1513,,1030,48,,,0
2029,'1497102',2113,,1031,48,,,0
2029,'1497103',1813,,1032,48,,,0
2029,'1497104',1213,,1033,48,,,0
2029,'1497105',1413,,1034,48,,,0
2029,'1497106',813,,1035,48,,,0
2029,'1497107',1313,,1036,48,,,0
2029,'1497108',1913,,1037,48,,,0
2029,'1497109',1613,,1038,48,,,0
2029,'1497110',713,,1039,48,,,0
2029,'1497111',1713,,1040,48,,,0
2029,'1497112',1113,,1041,48,,,0
2029,'1497113',2213,,1042,48,,,0
2029,'1497114',2310,,1043,48,,,0
2029,'1497115',1013,,1044,48,,,0
2029,'1497116',2013,,1045,48,,,0
2029,'1497117',913,,1046,48,,,0
2029,'1497118',1513,,1047,48,,,0
2029,'1497119',2113,,1048,48,,,0
2029,'1497120',1813,,1049,48,,,0
2029,'1497121',1213,,1050,48,,,0
2029,'1497122',1413,,1051,48,,,0
2029,'1497123',813,,1052,48,,,0
2029,'1497124',1313,,1053,48,,,0
2029,'1497125',1913,,1054,48,,,0
2029,'1497126',1613,,1055,48,,,0
