1029,'1496065',1505,,792,63,,,0
1029,'1496066',1605,,793,63,,,0
1029,'1496068',1705,,794,63,,,0
1029,'1496070',805,,795,63,,,0
1029,'1496073',1105,,796,63,,,0
1029,'1496077',935,,797,63,,,0
1029,'1496078',1735,,798,63,,,0
1029,'1496079',1635,,799,63,,,0
1029,'1496081',1235,,800,63,,,0
1029,'1496082',1305,,801,63,,,0
1029,'1496083',1435,,802,63,,,0
1029,'1496084',1035,,803,63,,,0
1029,'1496086',735,,804,63,,,0
1029,'1496088',1805,,805,63,,,0
1029,'1496092',1405,,806,63,,,0
1029,'1496094',1005,,807,63,,,0
1029,'1496096',1205,,808,63,,,0
1029,'1496098',905,,809,63,,,0
1029,'1496101',835,,810,63,,,0
1029,'1496105',1535,,811,63,,,0
1029,'1496106',1335,,812,63,,,0
1029,'1496108',1135,,813,63,,,0
1029,'1496111',637,,814,18,,,0
1029,'1496294',1505,,815,63,,,0
1029,'1496295',1605,,816,63,,,0
1029,'1496297',1705,,817,63,,,0
1029,'1496299',805,,818,63,,,0
1029,'1496300',2135,,819,63,,,0
1029,'1496304',1105,,820,63,,,0
1029,'1496309',2035,,821,63,,,0
1029,'1496310',935,,822,63,,,0
1029,'1496311',1735,,823,63,,,0
1029,'1496312',1635,,824,63,,,0
1029,'1496316',1835,,825,63,,,0
1029,'1496317',1235,,826,63,,,0
1029,'1496318',1305,,827,63,,,0
1029,'1496319',1435,,828,63,,,0
1029,'1496320',1035,,829,63,,,0
1029,'1496322',735,,830,63,,,0
1029,'1496324',1905,,831,63,,,0
1029,'1496325',1805,,832,63,,,0
1029,'1496329',1405,,833,63,,,0
1029,'1496332',1005,,834,63,,,0
1029,'1496333',2235,,835,63,,,0
1029,'1496335',1205,,836,63,,,0
1029,'1496337',2335,,837,63,,,0
1029,'1496339',905,,838,63,,,0
1029,'1496342',835,,839,63,,,0
1029,'1496346',1535,,840,63,,,0
1029,'1496347',1335,,841,63,,,0
1029,'1496349',1135,,842,63,,,0
1029,'1496352',637,,843,18,,,0
1029,'1496354',1935,,844,63,,,0
1029,'1496527',1935,,845,63,,,0
1029,'1496528',2135,,846,63,,,0
1029,'1496533',1835,,847,63,,,0
1029,'1496534',2235,,848,63,,,0
1029,'1496535',1335,,849,63,,,0
1029,'1496537',1135,,850,63,,,0
1029,'1496539',1035,,851,63,,,0
1029,'1496540',2035,,852,63,,,0
1029,'1496542',735,,853,63,,,0
1029,'1496544',2335,,854,63,,,0
1029,'1496545',1535,,855,63,,,0
1029,'1496547',1635,,856,63,,,0
1029,'1496550',835,,857,63,,,0
1029,'1496551',1235,,858,63,,,0
1029,'1496552',935,,859,63,,,0
1029,'1496555',1735,,860,63,,,0
1029,'1496556',1435,,861,63,,,0
1029,'1496562',1935,,862,63,,,0
1029,'1496563',2135,,863,63,,,0
1029,'1496567',1835,,864,63,,,0
1029,'1496568',2235,,865,63,,,0
1029,'1496569',1335,,866,63,,,0
1029,'1496571',1135,,867,63,,,0
1029,'1496573',1035,,868,63,,,0
1029,'1496574',2035,,869,63,,,0
1029,'1496577',2335,,870,63,,,0
1029,'1496578',1535,,871,63,,,0
1029,'1496580',1635,,872,63,,,0
1029,'1496583',835,,873,63,,,0
1029,'1496584',1235,,874,63,,,0
1029,'1496585',935,,875,63,,,0
1029,'1496588',1735,,876,63,,,0
1029,'1496589',1435,,877,63,,,0
