2019,'1496174',1211,,878,14,,,0
2019,'1496175',1341,,879,14,,,0
2019,'1496179',1311,,880,14,,,0
2019,'1496181',1441,,881,14,,,0
2019,'1496183',941,,882,14,,,0
2019,'1496184',1511,,883,14,,,0
2019,'1496185',911,,884,14,,,0
2019,'1496187',1111,,885,14,,,0
2019,'1496188',841,,886,14,,,0
2019,'1496189',811,,887,14,,,0
2019,'1496191',1011,,888,14,,,0
2019,'1496194',1541,,889,14,,,0
2019,'1496198',711,,890,14,,,0
2019,'1496200',1711,,891,14,,,0
2019,'1496204',1411,,892,14,,,0
2019,'1496206',1041,,893,14,,,0
2019,'1496208',1141,,894,14,,,0
2019,'1496209',1611,,895,14,,,0
2019,'1496210',1741,,896,14,,,0
2019,'1496211',1641,,897,14,,,0
2019,'1496215',741,,898,14,,,0
2019,'1496216',1241,,899,14,,,0
2019,'1496218',641,,900,14,,,0
2019,'1496223',2226,,903,14,,,0
2019,'1496224',1211,,904,14,,,0
2019,'1496225',1341,,905,14,,,0
2019,'1496227',2126,,906,14,,,0
2019,'1496228',1826,,907,14,,,0
2019,'1496232',1311,,908,14,,,0
2019,'1496234',1441,,909,14,,,0
2019,'1496236',941,,910,14,,,0
2019,'1496237',1511,,911,14,,,0
2019,'1496238',911,,912,14,,,0
2019,'1496240',1111,,913,14,,,0
2019,'1496242',841,,914,14,,,0
2019,'1496243',811,,915,14,,,0
2019,'1496245',1011,,916,14,,,0
2019,'1496248',1541,,917,14,,,0
2019,'1496253',2026,,918,14,,,0
2019,'1496255',711,,919,14,,,0
2019,'1496257',1711,,920,14,,,0
2019,'1496258',2324,,921,14,,,0
2019,'1496262',1411,,922,14,,,0
2019,'1496264',1041,,923,14,,,0
2019,'1496266',1141,,924,14,,,0
2019,'1496267',1611,,925,14,,,0
2019,'1496268',1741,,926,14,,,0
2019,'1496269',1641,,927,14,,,0
2019,'1496274',741,,928,14,,,0
2019,'1496275',1241,,929,14,,,0
2019,'1496277',641,,930,14,,,0
2019,'1496280',1926,,933,14,,,0
2019,'1496490',1726,,934,14,,,0
2019,'1496491',2126,,935,14,,,0
2019,'1496492',1326,,936,14,,,0
2019,'1496494',1126,,937,14,,,0
2019,'1496495',1426,,938,14,,,0
2019,'1496498',2026,,939,14,,,0
2019,'1496499',726,,940,14,,,0
2019,'1496505',1226,,941,14,,,0
2019,'1496507',2226,,942,14,,,0
2019,'1496510',1526,,943,14,,,0
2019,'1496511',1826,,944,14,,,0
2019,'1496512',1026,,945,14,,,0
2019,'1496516',926,,946,14,,,0
2019,'1496518',826,,947,14,,,0
2019,'1496520',1626,,948,14,,,0
2019,'1496521',1926,,949,14,,,0
2019,'1496523',626,,950,14,,,0
2019,'1496525',2323,,952,14,,,0
2019,'1496594',1726,,953,14,,,0
2019,'1496595',2126,,954,14,,,0
2019,'1496596',1326,,955,14,,,0
2019,'1496598',1126,,956,14,,,0
2019,'1496599',1426,,957,14,,,0
2019,'1496602',2026,,958,14,,,0
2019,'1496603',726,,959,14,,,0
2019,'1496609',1226,,960,14,,,0
2019,'1496613',1526,,961,14,,,0
2019,'1496614',1826,,962,14,,,0
2019,'1496615',1026,,963,14,,,0
2019,'1496619',926,,964,14,,,0
2019,'1496621',826,,965,14,,,0
2019,'1496623',1626,,966,14,,,0
2019,'1496624',1926,,967,14,,,0
2019,'1496626',2323,,969,14,,,0
