1019,'1496067',729,,702,34,,,0
1019,'1496069',829,,703,34,,,0
1019,'1496071',1559,,704,34,,,0
1019,'1496072',1659,,705,34,,,0
1019,'1496074',759,,706,34,,,0
1019,'1496075',1459,,707,34,,,0
1019,'1496076',1259,,708,34,,,0
1019,'1496080',1359,,709,34,,,0
1019,'1496085',1059,,710,34,,,0
1019,'1496087',1329,,711,34,,,0
1019,'1496089',859,,712,34,,,0
1019,'1496090',1159,,713,34,,,0
1019,'1496091',959,,714,34,,,0
1019,'1496093',1759,,715,34,,,0
1019,'1496095',1029,,716,34,,,0
1019,'1496097',929,,717,34,,,0
1019,'1496099',1429,,718,34,,,0
1019,'1496100',1529,,719,34,,,0
1019,'1496102',659,,720,34,,,0
1019,'1496103',1229,,721,34,,,0
1019,'1496104',1129,,722,34,,,0
1019,'1496107',1729,,723,34,,,0
1019,'1496109',1629,,724,34,,,0
1019,'1496110',559,,725,3,,,0
1019,'1496296',729,,726,34,,,0
1019,'1496298',829,,727,34,,,0
1019,'1496301',1559,,728,34,,,0
1019,'1496302',2144,,729,34,,,0
1019,'1496303',1659,,730,34,,,0
1019,'1496305',759,,731,34,,,0
1019,'1496306',1459,,732,34,,,0
1019,'1496307',1259,,733,34,,,0
1019,'1496308',1829,,734,34,,,0
1019,'1496313',1359,,735,34,,,0
1019,'1496314',1944,,736,34,,,0
1019,'1496315',2044,,737,34,,,0
1019,'1496321',1059,,738,34,,,0
1019,'1496323',1329,,739,34,,,0
1019,'1496326',859,,740,34,,,0
1019,'1496327',1159,,741,34,,,0
1019,'1496328',959,,742,34,,,0
1019,'1496330',2339,,743,34,,,0
1019,'1496331',1759,,744,34,,,0
1019,'1496334',1029,,745,34,,,0
1019,'1496336',929,,746,34,,,0
1019,'1496338',2244,,747,34,,,0
1019,'1496340',1429,,748,34,,,0
1019,'1496341',1529,,749,34,,,0
1019,'1496343',659,,750,34,,,0
1019,'1496344',1229,,751,34,,,0
1019,'1496345',1129,,752,34,,,0
1019,'1496348',1729,,753,34,,,0
1019,'1496350',1629,,754,34,,,0
1019,'1496351',559,,755,3,,,0
1019,'1496353',1859,,756,34,,,0
1019,'1496526',1344,,757,34,,,0
1019,'1496529',1944,,758,34,,,0
1019,'1496530',744,,759,34,,,0
1019,'1496531',644,,760,34,,,0
1019,'1496532',2044,,761,34,,,0
1019,'1496536',1044,,762,34,,,0
1019,'1496538',1444,,763,34,,,0
1019,'1496541',1644,,764,34,,,0
1019,'1496543',1144,,765,34,,,0
1019,'1496546',2144,,766,34,,,0
1019,'1496548',1544,,767,34,,,0
1019,'1496549',1744,,768,34,,,0
1019,'1496553',944,,769,34,,,0
1019,'1496554',844,,770,34,,,0
1019,'1496557',1244,,771,34,,,0
1019,'1496558',1844,,772,34,,,0
1019,'1496559',2340,,773,34,,,0
1019,'1496560',2244,,774,34,,,0
1019,'1496561',1344,,775,34,,,0
1019,'1496564',1944,,776,34,,,0
1019,'1496565',744,,777,34,,,0
1019,'1496566',2044,,778,34,,,0
1019,'1496570',1044,,779,34,,,0
1019,'1496572',1444,,780,34,,,0
1019,'1496575',1644,,781,34,,,0
1019,'1496576',1144,,782,34,,,0
1019,'1496579',2144,,783,34,,,0
1019,'1496581',1544,,784,34,,,0
1019,'1496582',1744,,785,34,,,0
1019,'1496586',944,,786,34,,,0
1019,'1496587',844,,787,34,,,0
1019,'1496590',1244,,788,34,,,0
1019,'1496591',1844,,789,34,,,0
1019,'1496592',2340,,790,34,,,0
1019,'1496593',2244,,791,34,,,0
