3019,'1496126',930,,1057,115,0,5,0
3019,'1496127',1130,,1058,115,0,5,0
3019,'1496132',1200,,1063,115,0,5,0
3019,'1496135',1730,,1066,115,0,5,0
3019,'1496137',1530,,1068,115,0,5,0
3019,'1496139',1300,,1070,115,0,5,0
3019,'1496140',830,,1071,115,0,5,0
3019,'1496143',800,,1074,115,0,5,0
3019,'1496145',1830,,1076,115,0,5,0
3019,'1496147',1400,,1078,115,0,5,0
3019,'1496148',1100,,1079,115,0,5,0
3019,'1496149',1330,,1080,115,0,5,0
3019,'1496150',1430,,1081,115,0,5,0
3019,'1496152',900,,1083,115,0,5,0
3019,'1496156',1030,,1087,115,0,5,0
3019,'1496157',1700,,1088,115,0,5,0
3019,'1496158',1500,,1089,115,0,5,0
3019,'1496160',1800,,1091,115,0,5,0
3019,'1496161',1230,,1092,115,0,5,0
3019,'1496162',1600,,1093,115,0,5,0
3019,'1496163',630,,1094,37,0,5,0
3019,'1496166',1630,,1097,115,0,5,0
3019,'1496169',1000,,1100,115,0,5,0
3019,'1496172',700,,1103,84,0,5,0
3019,'1496375',930,,1106,115,0,5,0
3019,'1496376',1130,,1107,115,0,5,0
3019,'1496379',2200,,1110,115,0,5,0
3019,'1496383',2300,,1114,115,0,5,0
3019,'1496384',1200,,1115,115,0,5,0
3019,'1496387',1730,,1118,115,0,5,0
3019,'1496389',2350,,1120,115,0,5,0
3019,'1496390',1530,,1121,115,0,5,0
3019,'1496391',2000,,1122,115,0,5,0
3019,'1496393',1300,,1124,115,0,5,0
3019,'1496394',830,,1125,115,0,5,0
3019,'1496397',2100,,1128,115,0,5,0
3019,'1496399',800,,1130,115,0,5,0
3019,'1496401',1830,,1132,115,0,5,0
3019,'1496403',1400,,1134,115,0,5,0
3019,'1496405',1900,,1136,115,0,5,0
3019,'1496406',1100,,1137,115,0,5,0
3019,'1496407',1330,,1138,115,0,5,0
3019,'1496408',1430,,1139,115,0,5,0
3019,'1496410',900,,1141,115,0,5,0
3019,'1496414',1030,,1145,115,0,5,0
3019,'1496415',1700,,1146,115,0,5,0
3019,'1496416',1500,,1147,115,0,5,0
3019,'1496418',1800,,1149,115,0,5,0
3019,'1496419',1230,,1150,115,0,5,0
3019,'1496420',1600,,1151,115,0,5,0
3019,'1496421',630,,1152,37,0,5,0
3019,'1496424',1630,,1155,115,0,5,0
3019,'1496428',1000,,1159,115,0,5,0
3019,'1496433',700,,1164,84,0,5,0
3019,'1496454',1800,,1167,115,0,5,0
3019,'1496456',2300,,1169,115,0,5,0
3019,'1496461',2000,,1174,115,0,5,0
3019,'1496462',1500,,1175,115,0,5,0
3019,'1496464',2100,,1177,115,0,5,0
3019,'1496466',2350,,1179,115,0,5,0
3019,'1496470',1900,,1183,115,0,5,0
3019,'1496471',800,,1184,115,0,5,0
3019,'1496472',1000,,1185,115,0,5,0
3019,'1496476',1100,,1189,115,0,5,0
3019,'1496477',1400,,1190,115,0,5,0
3019,'1496478',1700,,1191,115,0,5,0
3019,'1496480',1200,,1193,115,0,5,0
3019,'1496481',1600,,1194,115,0,5,0
3019,'1496482',2200,,1195,115,0,5,0
3019,'1496483',900,,1196,115,0,5,0
3019,'1496485',1300,,1198,115,0,5,0
3019,'1496489',630,,1202,37,0,5,0
3019,'1496628',1800,,1204,115,0,5,0
3019,'1496630',2300,,1206,115,0,5,0
3019,'1496634',2000,,1210,115,0,5,0
3019,'1496635',1500,,1211,115,0,5,0
3019,'1496637',2100,,1213,115,0,5,0
3019,'1496639',2350,,1215,115,0,5,0
3019,'1496643',1900,,1219,115,0,5,0
3019,'1496644',1000,,1220,115,0,5,0
3019,'1496648',1100,,1224,115,0,5,0
3019,'1496649',1400,,1225,115,0,5,0
3019,'1496650',1700,,1226,115,0,5,0
3019,'1496652',1200,,1228,115,0,5,0
3019,'1496653',1600,,1229,115,0,5,0
3019,'1496654',2200,,1230,115,0,5,0
3019,'1496655',900,,1231,115,0,5,0
3019,'1496657',1300,,1233,115,0,5,0
3019,'1496660',730,,1236,37,0,5,0
