1019,'1496067',711,,702,17,,,0
1019,'1496069',811,,703,17,,,0
1019,'1496071',1541,,704,17,,,0
1019,'1496072',1641,,705,17,,,0
1019,'1496074',741,,706,17,,,0
1019,'1496075',1441,,707,17,,,0
1019,'1496076',1241,,708,17,,,0
1019,'1496080',1341,,709,17,,,0
1019,'1496085',1041,,710,17,,,0
1019,'1496087',1311,,711,17,,,0
1019,'1496089',841,,712,17,,,0
1019,'1496090',1141,,713,17,,,0
1019,'1496091',941,,714,17,,,0
1019,'1496093',1741,,715,17,,,0
1019,'1496095',1011,,716,17,,,0
1019,'1496097',911,,717,17,,,0
1019,'1496099',1411,,718,17,,,0
1019,'1496100',1511,,719,17,,,0
1019,'1496102',641,,720,17,,,0
1019,'1496103',1211,,721,17,,,0
1019,'1496104',1111,,722,17,,,0
1019,'1496107',1711,,723,17,,,0
1019,'1496109',1611,,724,17,,,0
1019,'1496296',711,,726,17,,,0
1019,'1496298',811,,727,17,,,0
1019,'1496301',1541,,728,17,,,0
1019,'1496302',2126,,729,17,,,0
1019,'1496303',1641,,730,17,,,0
1019,'1496305',741,,731,17,,,0
1019,'1496306',1441,,732,17,,,0
1019,'1496307',1241,,733,17,,,0
1019,'1496308',1811,,734,17,,,0
1019,'1496313',1341,,735,17,,,0
1019,'1496314',1926,,736,17,,,0
1019,'1496315',2026,,737,17,,,0
1019,'1496321',1041,,738,17,,,0
1019,'1496323',1311,,739,17,,,0
1019,'1496326',841,,740,17,,,0
1019,'1496327',1141,,741,17,,,0
1019,'1496328',941,,742,17,,,0
1019,'1496330',2326,,743,17,,,0
1019,'1496331',1741,,744,17,,,0
1019,'1496334',1011,,745,17,,,0
1019,'1496336',911,,746,17,,,0
1019,'1496338',2226,,747,17,,,0
1019,'1496340',1411,,748,17,,,0
1019,'1496341',1511,,749,17,,,0
1019,'1496343',641,,750,17,,,0
1019,'1496344',1211,,751,17,,,0
1019,'1496345',1111,,752,17,,,0
1019,'1496348',1711,,753,17,,,0
1019,'1496350',1611,,754,17,,,0
1019,'1496353',1841,,756,17,,,0
1019,'1496526',1326,,757,17,,,0
1019,'1496529',1926,,758,17,,,0
1019,'1496530',726,,759,17,,,0
1019,'1496531',626,,760,17,,,0
1019,'1496532',2026,,761,17,,,0
1019,'1496536',1026,,762,17,,,0
1019,'1496538',1426,,763,17,,,0
1019,'1496541',1626,,764,17,,,0
1019,'1496543',1126,,765,17,,,0
1019,'1496546',2126,,766,17,,,0
1019,'1496548',1526,,767,17,,,0
1019,'1496549',1726,,768,17,,,0
1019,'1496553',926,,769,17,,,0
1019,'1496554',826,,770,17,,,0
1019,'1496557',1226,,771,17,,,0
1019,'1496558',1826,,772,17,,,0
1019,'1496559',2326,,773,17,,,0
1019,'1496560',2226,,774,17,,,0
1019,'1496561',1326,,775,17,,,0
1019,'1496564',1926,,776,17,,,0
1019,'1496565',726,,777,17,,,0
1019,'1496566',2026,,778,17,,,0
1019,'1496570',1026,,779,17,,,0
1019,'1496572',1426,,780,17,,,0
1019,'1496575',1626,,781,17,,,0
1019,'1496576',1126,,782,17,,,0
1019,'1496579',2126,,783,17,,,0
1019,'1496581',1526,,784,17,,,0
1019,'1496582',1726,,785,17,,,0
1019,'1496586',926,,786,17,,,0
1019,'1496587',826,,787,17,,,0
1019,'1496590',1226,,788,17,,,0
1019,'1496591',1826,,789,17,,,0
1019,'1496592',2326,,790,17,,,0
1019,'1496593',2226,,791,17,,,0
