2029,'1496221',642,,971,57,,,0
2029,'1496281',642,,972,57,,,0
2029,'1497044',943,,973,94,,,0
2029,'1497045',1443,,974,94,,,0
2029,'1497046',1243,,975,94,,,0
2029,'1497047',1313,,976,94,,,0
2029,'1497048',1613,,977,94,,,0
2029,'1497049',1013,,978,94,,,0
2029,'1497050',843,,979,94,,,0
2029,'1497051',1643,,980,94,,,0
2029,'1497052',1513,,981,94,,,0
2029,'1497053',1113,,982,94,,,0
2029,'1497054',743,,983,94,,,0
2029,'1497055',1343,,984,94,,,0
2029,'1497056',1713,,985,94,,,0
2029,'1497057',1543,,986,94,,,0
2029,'1497058',1413,,987,94,,,0
2029,'1497059',813,,988,94,,,0
2029,'1497060',1743,,989,94,,,0
2029,'1497061',1043,,990,94,,,0
2029,'1497062',913,,991,94,,,0
2029,'1497063',1213,,992,94,,,0
2029,'1497064',1143,,993,94,,,0
2029,'1497065',1813,,994,94,,,0
2029,'1497066',2043,,995,94,,,0
2029,'1497067',943,,996,94,,,0
2029,'1497068',1443,,997,94,,,0
2029,'1497069',1243,,998,94,,,0
2029,'1497070',1843,,999,94,,,0
2029,'1497071',1313,,1000,94,,,0
2029,'1497072',1613,,1001,94,,,0
2029,'1497073',1013,,1002,94,,,0
2029,'1497074',2243,,1003,94,,,0
2029,'1497075',843,,1004,94,,,0
2029,'1497076',1643,,1005,94,,,0
2029,'1497077',1513,,1006,94,,,0
2029,'1497078',2338,,1007,94,,,0
2029,'1497079',1113,,1008,94,,,0
2029,'1497080',743,,1009,94,,,0
2029,'1497081',1343,,1010,94,,,0
2029,'1497082',1943,,1011,94,,,0
2029,'1497083',1713,,1012,94,,,0
2029,'1497084',1543,,1013,94,,,0
2029,'1497085',1413,,1014,94,,,0
2029,'1497086',813,,1015,94,,,0
2029,'1497087',1743,,1016,94,,,0
2029,'1497088',1043,,1017,94,,,0
2029,'1497089',913,,1018,94,,,0
2029,'1497090',2143,,1019,94,,,0
2029,'1497091',1213,,1020,94,,,0
2029,'1497092',1143,,1021,94,,,0
2029,'1497093',1813,,1022,94,,,0
2029,'1497094',1743,,1023,94,,,0
2029,'1497095',1143,,1024,94,,,0
2029,'1497096',2243,,1025,94,,,0
2029,'1497097',2338,,1026,94,,,0
2029,'1497098',1043,,1027,94,,,0
2029,'1497099',2043,,1028,94,,,0
2029,'1497100',943,,1029,94,,,0
2029,'1497101',1543,,1030,94,,,0
2029,'1497102',2143,,1031,94,,,0
2029,'1497103',1843,,1032,94,,,0
2029,'1497104',1243,,1033,94,,,0
2029,'1497105',1443,,1034,94,,,0
2029,'1497106',843,,1035,94,,,0
2029,'1497107',1343,,1036,94,,,0
2029,'1497108',1943,,1037,94,,,0
2029,'1497109',1643,,1038,94,,,0
2029,'1497110',743,,1039,94,,,0
2029,'1497111',1743,,1040,94,,,0
2029,'1497112',1143,,1041,94,,,0
2029,'1497113',2243,,1042,94,,,0
2029,'1497114',2338,,1043,94,,,0
2029,'1497115',1043,,1044,94,,,0
2029,'1497116',2043,,1045,94,,,0
2029,'1497117',943,,1046,94,,,0
2029,'1497118',1543,,1047,94,,,0
2029,'1497119',2143,,1048,94,,,0
2029,'1497120',1843,,1049,94,,,0
2029,'1497121',1243,,1050,94,,,0
2029,'1497122',1443,,1051,94,,,0
2029,'1497123',843,,1052,94,,,0
2029,'1497124',1343,,1053,94,,,0
2029,'1497125',1943,,1054,94,,,0
2029,'1497126',1643,,1055,94,,,0
