2019,'1496174',1213,,878,19,,,0
2019,'1496175',1343,,879,19,,,0
2019,'1496179',1313,,880,19,,,0
2019,'1496181',1443,,881,19,,,0
2019,'1496183',943,,882,19,,,0
2019,'1496184',1513,,883,19,,,0
2019,'1496185',913,,884,19,,,0
2019,'1496187',1113,,885,19,,,0
2019,'1496188',843,,886,19,,,0
2019,'1496189',813,,887,19,,,0
2019,'1496191',1013,,888,19,,,0
2019,'1496194',1543,,889,19,,,0
2019,'1496198',713,,890,19,,,0
2019,'1496200',1713,,891,19,,,0
2019,'1496204',1413,,892,19,,,0
2019,'1496206',1043,,893,19,,,0
2019,'1496208',1143,,894,19,,,0
2019,'1496209',1613,,895,19,,,0
2019,'1496210',1743,,896,19,,,0
2019,'1496211',1643,,897,19,,,0
2019,'1496215',743,,898,19,,,0
2019,'1496216',1243,,899,19,,,0
2019,'1496218',643,,900,19,,,0
2019,'1496223',2228,,903,19,,,0
2019,'1496224',1213,,904,19,,,0
2019,'1496225',1343,,905,19,,,0
2019,'1496227',2128,,906,19,,,0
2019,'1496228',1828,,907,19,,,0
2019,'1496232',1313,,908,19,,,0
2019,'1496234',1443,,909,19,,,0
2019,'1496236',943,,910,19,,,0
2019,'1496237',1513,,911,19,,,0
2019,'1496238',913,,912,19,,,0
2019,'1496240',1113,,913,19,,,0
2019,'1496242',843,,914,19,,,0
2019,'1496243',813,,915,19,,,0
2019,'1496245',1013,,916,19,,,0
2019,'1496248',1543,,917,19,,,0
2019,'1496253',2028,,918,19,,,0
2019,'1496255',713,,919,19,,,0
2019,'1496257',1713,,920,19,,,0
2019,'1496258',2326,,921,19,,,0
2019,'1496262',1413,,922,19,,,0
2019,'1496264',1043,,923,19,,,0
2019,'1496266',1143,,924,19,,,0
2019,'1496267',1613,,925,19,,,0
2019,'1496268',1743,,926,19,,,0
2019,'1496269',1643,,927,19,,,0
2019,'1496274',743,,928,19,,,0
2019,'1496275',1243,,929,19,,,0
2019,'1496277',643,,930,19,,,0
2019,'1496280',1928,,933,19,,,0
2019,'1496490',1728,,934,19,,,0
2019,'1496491',2128,,935,19,,,0
2019,'1496492',1328,,936,19,,,0
2019,'1496494',1128,,937,19,,,0
2019,'1496495',1428,,938,19,,,0
2019,'1496498',2028,,939,19,,,0
2019,'1496499',728,,940,19,,,0
2019,'1496505',1228,,941,19,,,0
2019,'1496507',2228,,942,19,,,0
2019,'1496510',1528,,943,19,,,0
2019,'1496511',1828,,944,19,,,0
2019,'1496512',1028,,945,19,,,0
2019,'1496516',928,,946,19,,,0
2019,'1496518',828,,947,19,,,0
2019,'1496520',1628,,948,19,,,0
2019,'1496521',1928,,949,19,,,0
2019,'1496523',628,,950,19,,,0
2019,'1496525',2326,,952,19,,,0
2019,'1496594',1728,,953,19,,,0
2019,'1496595',2128,,954,19,,,0
2019,'1496596',1328,,955,19,,,0
2019,'1496598',1128,,956,19,,,0
2019,'1496599',1428,,957,19,,,0
2019,'1496602',2028,,958,19,,,0
2019,'1496603',728,,959,19,,,0
2019,'1496609',1228,,960,19,,,0
2019,'1496613',1528,,961,19,,,0
2019,'1496614',1828,,962,19,,,0
2019,'1496615',1028,,963,19,,,0
2019,'1496619',928,,964,19,,,0
2019,'1496621',828,,965,19,,,0
2019,'1496623',1628,,966,19,,,0
2019,'1496624',1928,,967,19,,,0
2019,'1496626',2326,,969,19,,,0
