2029,'1496221',633,,971,43,,,0
2029,'1496281',633,,972,43,,,0
2029,'1497044',934,,973,80,,,0
2029,'1497045',1434,,974,80,,,0
2029,'1497046',1234,,975,80,,,0
2029,'1497047',1304,,976,80,,,0
2029,'1497048',1604,,977,80,,,0
2029,'1497049',1004,,978,80,,,0
2029,'1497050',834,,979,80,,,0
2029,'1497051',1634,,980,80,,,0
2029,'1497052',1504,,981,80,,,0
2029,'1497053',1104,,982,80,,,0
2029,'1497054',734,,983,80,,,0
2029,'1497055',1334,,984,80,,,0
2029,'1497056',1704,,985,80,,,0
2029,'1497057',1534,,986,80,,,0
2029,'1497058',1404,,987,80,,,0
2029,'1497059',804,,988,80,,,0
2029,'1497060',1734,,989,80,,,0
2029,'1497061',1034,,990,80,,,0
2029,'1497062',904,,991,80,,,0
2029,'1497063',1204,,992,80,,,0
2029,'1497064',1134,,993,80,,,0
2029,'1497065',1804,,994,80,,,0
2029,'1497066',2034,,995,80,,,0
2029,'1497067',934,,996,80,,,0
2029,'1497068',1434,,997,80,,,0
2029,'1497069',1234,,998,80,,,0
2029,'1497070',1834,,999,80,,,0
2029,'1497071',1304,,1000,80,,,0
2029,'1497072',1604,,1001,80,,,0
2029,'1497073',1004,,1002,80,,,0
2029,'1497074',2234,,1003,80,,,0
2029,'1497075',834,,1004,80,,,0
2029,'1497076',1634,,1005,80,,,0
2029,'1497077',1504,,1006,80,,,0
2029,'1497078',2330,,1007,80,,,0
2029,'1497079',1104,,1008,80,,,0
2029,'1497080',734,,1009,80,,,0
2029,'1497081',1334,,1010,80,,,0
2029,'1497082',1934,,1011,80,,,0
2029,'1497083',1704,,1012,80,,,0
2029,'1497084',1534,,1013,80,,,0
2029,'1497085',1404,,1014,80,,,0
2029,'1497086',804,,1015,80,,,0
2029,'1497087',1734,,1016,80,,,0
2029,'1497088',1034,,1017,80,,,0
2029,'1497089',904,,1018,80,,,0
2029,'1497090',2134,,1019,80,,,0
2029,'1497091',1204,,1020,80,,,0
2029,'1497092',1134,,1021,80,,,0
2029,'1497093',1804,,1022,80,,,0
2029,'1497094',1734,,1023,80,,,0
2029,'1497095',1134,,1024,80,,,0
2029,'1497096',2234,,1025,80,,,0
2029,'1497097',2330,,1026,80,,,0
2029,'1497098',1034,,1027,80,,,0
2029,'1497099',2034,,1028,80,,,0
2029,'1497100',934,,1029,80,,,0
2029,'1497101',1534,,1030,80,,,0
2029,'1497102',2134,,1031,80,,,0
2029,'1497103',1834,,1032,80,,,0
2029,'1497104',1234,,1033,80,,,0
2029,'1497105',1434,,1034,80,,,0
2029,'1497106',834,,1035,80,,,0
2029,'1497107',1334,,1036,80,,,0
2029,'1497108',1934,,1037,80,,,0
2029,'1497109',1634,,1038,80,,,0
2029,'1497110',734,,1039,80,,,0
2029,'1497111',1734,,1040,80,,,0
2029,'1497112',1134,,1041,80,,,0
2029,'1497113',2234,,1042,80,,,0
2029,'1497114',2330,,1043,80,,,0
2029,'1497115',1034,,1044,80,,,0
2029,'1497116',2034,,1045,80,,,0
2029,'1497117',934,,1046,80,,,0
2029,'1497118',1534,,1047,80,,,0
2029,'1497119',2134,,1048,80,,,0
2029,'1497120',1834,,1049,80,,,0
2029,'1497121',1234,,1050,80,,,0
2029,'1497122',1434,,1051,80,,,0
2029,'1497123',834,,1052,80,,,0
2029,'1497124',1334,,1053,80,,,0
2029,'1497125',1934,,1054,80,,,0
2029,'1497126',1634,,1055,80,,,0
3019,'1496125',1623,,1056,87,,,0
3019,'1496126',834,,1057,29,0,5,0
3019,'1496127',1034,,1058,29,0,5,0
3019,'1496128',1753,,1059,87,,,0
3019,'1496129',923,,1060,87,,,0
3019,'1496130',753,,1061,87,,,0
3019,'1496131',1653,,1062,87,,,0
3019,'1496132',1104,,1063,29,0,5,0
3019,'1496133',1223,,1064,87,,,0
3019,'1496134',1153,,1065,87,,,0
3019,'1496135',1634,,1066,29,0,5,0
3019,'1496136',823,,1067,87,,,0
3019,'1496137',1434,,1068,29,0,5,0
3019,'1496138',953,,1069,87,,,0
3019,'1496139',1204,,1070,29,0,5,0
3019,'1496140',734,,1071,29,0,5,0
3019,'1496141',1423,,1072,87,,,0
3019,'1496142',1353,,1073,87,,,0
3019,'1496143',704,,1074,29,0,5,0
3019,'1496144',1523,,1075,87,,,0
3019,'1496145',1734,,1076,29,0,5,0
3019,'1496146',1323,,1077,87,,,0
3019,'1496147',1304,,1078,29,0,5,0
3019,'1496148',1004,,1079,29,0,5,0
3019,'1496149',1234,,1080,29,0,5,0
3019,'1496150',1334,,1081,29,0,5,0
3019,'1496151',853,,1082,87,,,0
3019,'1496152',804,,1083,29,0,5,0
3019,'1496153',1823,,1084,87,,,0
3019,'1496154',1453,,1085,87,,,0
3019,'1496155',1053,,1086,87,,,0
3019,'1496156',934,,1087,29,0,5,0
3019,'1496157',1604,,1088,29,0,5,0
3019,'1496158',1404,,1089,29,0,5,0
3019,'1496159',1123,,1090,87,,,0
3019,'1496160',1704,,1091,29,0,5,0
3019,'1496161',1134,,1092,29,0,5,0
3019,'1496162',1504,,1093,29,0,5,0
3019,'1496164',1253,,1095,87,,,0
3019,'1496165',1723,,1096,87,,,0
3019,'1496166',1534,,1097,29,0,5,0
3019,'1496167',1023,,1098,87,,,0
3019,'1496168',1553,,1099,87,,,0
3019,'1496169',904,,1100,29,0,5,0
3019,'1496171',623,,1102,31,,,0
3019,'1496173',723,,1104,87,,,0
3019,'1496374',1623,,1105,87,,,0
3019,'1496375',834,,1106,29,0,5,0
3019,'1496376',1034,,1107,29,0,5,0
3019,'1496377',1753,,1108,87,,,0
3019,'1496378',2108,,1109,87,,,0
3019,'1496379',2104,,1110,29,0,5,0
3019,'1496380',923,,1111,87,,,0
3019,'1496381',753,,1112,87,,,0
3019,'1496382',1653,,1113,87,,,0
3019,'1496383',2204,,1114,29,0,5,0
3019,'1496384',1104,,1115,29,0,5,0
3019,'1496385',1223,,1116,87,,,0
3019,'1496386',1153,,1117,87,,,0
3019,'1496387',1634,,1118,29,0,5,0
3019,'1496388',823,,1119,87,,,0
3019,'1496389',2304,,1120,29,0,5,0
3019,'1496390',1434,,1121,29,0,5,0
3019,'1496391',1904,,1122,29,0,5,0
3019,'1496392',953,,1123,87,,,0
3019,'1496393',1204,,1124,29,0,5,0
3019,'1496394',734,,1125,29,0,5,0
3019,'1496395',2308,,1126,87,,,0
3019,'1496396',1423,,1127,87,,,0
3019,'1496397',2004,,1128,29,0,5,0
3019,'1496398',1353,,1129,87,,,0
3019,'1496399',704,,1130,29,0,5,0
3019,'1496400',1523,,1131,87,,,0
3019,'1496401',1734,,1132,29,0,5,0
3019,'1496402',1323,,1133,87,,,0
3019,'1496403',1304,,1134,29,0,5,0
3019,'1496404',2208,,1135,87,,,0
3019,'1496405',1804,,1136,29,0,5,0
3019,'1496406',1004,,1137,29,0,5,0
3019,'1496407',1234,,1138,29,0,5,0
3019,'1496408',1334,,1139,29,0,5,0
3019,'1496409',853,,1140,87,,,0
3019,'1496410',804,,1141,29,0,5,0
3019,'1496411',1823,,1142,87,,,0
3019,'1496412',1453,,1143,87,,,0
3019,'1496413',1053,,1144,87,,,0
3019,'1496414',934,,1145,29,0,5,0
3019,'1496415',1604,,1146,29,0,5,0
3019,'1496416',1404,,1147,29,0,5,0
3019,'1496417',1123,,1148,87,,,0
3019,'1496418',1704,,1149,29,0,5,0
3019,'1496419',1134,,1150,29,0,5,0
3019,'1496420',1504,,1151,29,0,5,0
3019,'1496422',1253,,1153,87,,,0
3019,'1496423',1723,,1154,87,,,0
3019,'1496424',1534,,1155,29,0,5,0
3019,'1496425',1023,,1156,87,,,0
3019,'1496426',1553,,1157,87,,,0
3019,'1496427',1908,,1158,87,,,0
3019,'1496428',904,,1159,29,0,5,0
3019,'1496431',623,,1162,31,,,0
3019,'1496432',2008,,1163,87,,,0
3019,'1496434',723,,1165,87,,,0
3019,'1496453',808,,1166,87,,,0
3019,'1496454',1704,,1167,29,0,5,0
3019,'1496455',1508,,1168,87,,,0
3019,'1496456',2204,,1169,29,0,5,0
3019,'1496457',908,,1170,87,,,0
3019,'1496458',1208,,1171,87,,,0
3019,'1496459',2308,,1172,87,,,0
3019,'1496460',1908,,1173,87,,,0
3019,'1496461',1904,,1174,29,0,5,0
3019,'1496462',1404,,1175,29,0,5,0
3019,'1496463',1408,,1176,87,,,0
3019,'1496464',2004,,1177,29,0,5,0
3019,'1496465',2008,,1178,87,,,0
3019,'1496466',2304,,1179,29,0,5,0
3019,'1496467',1708,,1180,87,,,0
3019,'1496468',1008,,1181,87,,,0
3019,'1496469',1308,,1182,87,,,0
3019,'1496470',1804,,1183,29,0,5,0
3019,'1496471',704,,1184,29,0,5,0
3019,'1496472',904,,1185,29,0,5,0
3019,'1496473',2208,,1186,87,,,0
3019,'1496474',1808,,1187,87,,,0
3019,'1496475',1108,,1188,87,,,0
3019,'1496476',1004,,1189,29,0,5,0
3019,'1496477',1304,,1190,29,0,5,0
3019,'1496478',1604,,1191,29,0,5,0
3019,'1496479',1608,,1192,87,,,0
3019,'1496480',1104,,1193,29,0,5,0
3019,'1496481',1504,,1194,29,0,5,0
3019,'1496482',2104,,1195,29,0,5,0
3019,'1496483',804,,1196,29,0,5,0
3019,'1496484',2108,,1197,87,,,0
3019,'1496485',1204,,1198,29,0,5,0
3019,'1496486',638,,1199,31,,,0
3019,'1496488',708,,1201,87,,,0
3019,'1496627',808,,1203,87,,,0
3019,'1496628',1704,,1204,29,0,5,0
3019,'1496629',1508,,1205,87,,,0
3019,'1496630',2204,,1206,29,0,5,0
3019,'1496631',908,,1207,87,,,0
3019,'1496632',1208,,1208,87,,,0
3019,'1496633',1908,,1209,87,,,0
3019,'1496634',1904,,1210,29,0,5,0
3019,'1496635',1404,,1211,29,0,5,0
3019,'1496636',1408,,1212,87,,,0
3019,'1496637',2004,,1213,29,0,5,0
3019,'1496638',2008,,1214,87,,,0
3019,'1496639',2304,,1215,29,0,5,0
3019,'1496640',1708,,1216,87,,,0
3019,'1496641',1008,,1217,87,,,0
3019,'1496642',1308,,1218,87,,,0
3019,'1496643',1804,,1219,29,0,5,0
3019,'1496644',904,,1220,29,0,5,0
3019,'1496645',2208,,1221,87,,,0
3019,'1496646',1808,,1222,87,,,0
3019,'1496647',1108,,1223,87,,,0
3019,'1496648',1004,,1224,29,0,5,0
3019,'1496649',1304,,1225,29,0,5,0
3019,'1496650',1604,,1226,29,0,5,0
3019,'1496651',1608,,1227,87,,,0
3019,'1496652',1104,,1228,29,0,5,0
3019,'1496653',1504,,1229,29,0,5,0
3019,'1496654',2104,,1230,29,0,5,0
3019,'1496655',804,,1231,29,0,5,0
3019,'1496656',2108,,1232,87,,,0
3019,'1496657',1204,,1233,29,0,5,0
3019,'1496658',738,,1234,31,,,0
