1019,'1496067',723,,702,27,,,0
1019,'1496069',823,,703,27,,,0
1019,'1496071',1553,,704,27,,,0
1019,'1496072',1653,,705,27,,,0
1019,'1496074',753,,706,27,,,0
1019,'1496075',1453,,707,27,,,0
1019,'1496076',1253,,708,27,,,0
1019,'1496080',1353,,709,27,,,0
1019,'1496085',1053,,710,27,,,0
1019,'1496087',1323,,711,27,,,0
1019,'1496089',853,,712,27,,,0
1019,'1496090',1153,,713,27,,,0
1019,'1496091',953,,714,27,,,0
1019,'1496093',1753,,715,27,,,0
1019,'1496095',1023,,716,27,,,0
1019,'1496097',923,,717,27,,,0
1019,'1496099',1423,,718,27,,,0
1019,'1496100',1523,,719,27,,,0
1019,'1496102',653,,720,27,,,0
1019,'1496103',1223,,721,27,,,0
1019,'1496104',1123,,722,27,,,0
1019,'1496107',1723,,723,27,,,0
1019,'1496109',1623,,724,27,,,0
1019,'1496296',723,,726,27,,,0
1019,'1496298',823,,727,27,,,0
1019,'1496301',1553,,728,27,,,0
1019,'1496302',2138,,729,27,,,0
1019,'1496303',1653,,730,27,,,0
1019,'1496305',753,,731,27,,,0
1019,'1496306',1453,,732,27,,,0
1019,'1496307',1253,,733,27,,,0
1019,'1496308',1823,,734,27,,,0
1019,'1496313',1353,,735,27,,,0
1019,'1496314',1938,,736,27,,,0
1019,'1496315',2038,,737,27,,,0
1019,'1496321',1053,,738,27,,,0
1019,'1496323',1323,,739,27,,,0
1019,'1496326',853,,740,27,,,0
1019,'1496327',1153,,741,27,,,0
1019,'1496328',953,,742,27,,,0
1019,'1496330',2337,,743,27,,,0
1019,'1496331',1753,,744,27,,,0
1019,'1496334',1023,,745,27,,,0
1019,'1496336',923,,746,27,,,0
1019,'1496338',2238,,747,27,,,0
1019,'1496340',1423,,748,27,,,0
1019,'1496341',1523,,749,27,,,0
1019,'1496343',653,,750,27,,,0
1019,'1496344',1223,,751,27,,,0
1019,'1496345',1123,,752,27,,,0
1019,'1496348',1723,,753,27,,,0
1019,'1496350',1623,,754,27,,,0
1019,'1496353',1853,,756,27,,,0
1019,'1496526',1338,,757,27,,,0
1019,'1496529',1938,,758,27,,,0
1019,'1496530',738,,759,27,,,0
1019,'1496531',638,,760,27,,,0
1019,'1496532',2038,,761,27,,,0
1019,'1496536',1038,,762,27,,,0
1019,'1496538',1438,,763,27,,,0
1019,'1496541',1638,,764,27,,,0
1019,'1496543',1138,,765,27,,,0
1019,'1496546',2138,,766,27,,,0
1019,'1496548',1538,,767,27,,,0
1019,'1496549',1738,,768,27,,,0
1019,'1496553',938,,769,27,,,0
1019,'1496554',838,,770,27,,,0
1019,'1496557',1238,,771,27,,,0
1019,'1496558',1838,,772,27,,,0
1019,'1496559',2337,,773,27,,,0
1019,'1496560',2238,,774,27,,,0
1019,'1496561',1338,,775,27,,,0
1019,'1496564',1938,,776,27,,,0
1019,'1496565',738,,777,27,,,0
1019,'1496566',2038,,778,27,,,0
1019,'1496570',1038,,779,27,,,0
1019,'1496572',1438,,780,27,,,0
1019,'1496575',1638,,781,27,,,0
1019,'1496576',1138,,782,27,,,0
1019,'1496579',2138,,783,27,,,0
1019,'1496581',1538,,784,27,,,0
1019,'1496582',1738,,785,27,,,0
1019,'1496586',938,,786,27,,,0
1019,'1496587',838,,787,27,,,0
1019,'1496590',1238,,788,27,,,0
1019,'1496591',1838,,789,27,,,0
1019,'1496592',2337,,790,27,,,0
1019,'1496593',2238,,791,27,,,0
4019,'1496112',643,,1237,21,,,0
4019,'1496113',1043,,1238,21,,,0
4019,'1496114',843,,1239,21,,,0
4019,'1496115',1643,,1240,21,,,0
4019,'1496116',943,,1241,21,,,0
4019,'1496117',1143,,1242,21,,,0
4019,'1496118',743,,1243,21,,,0
4019,'1496119',1543,,1244,21,,,0
4019,'1496120',1743,,1245,21,,,0
4019,'1496121',1343,,1246,21,,,0
4019,'1496122',1443,,1247,21,,,0
4019,'1496123',1243,,1248,21,,,0
4019,'1496355',643,,1250,21,,,0
4019,'1496356',2326,,1251,21,,,0
4019,'1496357',1043,,1252,21,,,0
4019,'1496358',843,,1253,21,,,0
4019,'1496359',2028,,1254,21,,,0
4019,'1496360',1643,,1255,21,,,0
4019,'1496361',1843,,1256,21,,,0
4019,'1496362',2128,,1257,21,,,0
4019,'1496363',943,,1258,21,,,0
4019,'1496364',1143,,1259,21,,,0
4019,'1496365',1928,,1260,21,,,0
4019,'1496366',743,,1261,21,,,0
4019,'1496367',1543,,1262,21,,,0
4019,'1496368',1743,,1263,21,,,0
4019,'1496369',1343,,1264,21,,,0
4019,'1496370',1443,,1265,21,,,0
4019,'1496371',2228,,1266,21,,,0
4019,'1496372',1243,,1267,21,,,0
4019,'1496435',828,,1269,21,,,0
4019,'1496436',728,,1270,21,,,0
4019,'1496437',1628,,1271,21,,,0
4019,'1496438',2228,,1272,21,,,0
4019,'1496439',1728,,1273,21,,,0
4019,'1496440',1428,,1274,21,,,0
4019,'1496441',2128,,1275,21,,,0
4019,'1496442',1028,,1276,21,,,0
4019,'1496443',1928,,1277,21,,,0
4019,'1496444',1528,,1278,21,,,0
4019,'1496445',928,,1279,21,,,0
4019,'1496446',1828,,1280,21,,,0
4019,'1496447',1328,,1281,21,,,0
4019,'1496448',628,,1282,21,,,0
4019,'1496449',2028,,1283,21,,,0
4019,'1496450',1128,,1284,21,,,0
4019,'1496451',1228,,1285,21,,,0
4019,'1496452',2326,,1286,21,,,0
4019,'1496661',828,,1287,21,,,0
4019,'1496662',728,,1288,21,,,0
4019,'1496663',1628,,1289,21,,,0
4019,'1496664',2228,,1290,21,,,0
4019,'1496665',1728,,1291,21,,,0
4019,'1496666',1428,,1292,21,,,0
4019,'1496667',2128,,1293,21,,,0
4019,'1496668',1028,,1294,21,,,0
4019,'1496669',1928,,1295,21,,,0
4019,'1496670',1528,,1296,21,,,0
4019,'1496671',928,,1297,21,,,0
4019,'1496672',1828,,1298,21,,,0
4019,'1496673',1328,,1299,21,,,0
4019,'1496674',2028,,1300,21,,,0
4019,'1496675',1128,,1301,21,,,0
4019,'1496676',1228,,1302,21,,,0
4019,'1496677',2326,,1303,21,,,0
