1029,'1496065',1424,,792,17,,,0
1029,'1496066',1524,,793,17,,,0
1029,'1496068',1624,,794,17,,,0
1029,'1496070',724,,795,17,,,0
1029,'1496073',1024,,796,17,,,0
1029,'1496077',854,,797,17,,,0
1029,'1496078',1654,,798,17,,,0
1029,'1496079',1554,,799,17,,,0
1029,'1496081',1154,,800,17,,,0
1029,'1496082',1224,,801,17,,,0
1029,'1496083',1354,,802,17,,,0
1029,'1496084',954,,803,17,,,0
1029,'1496086',654,,804,17,,,0
1029,'1496088',1724,,805,17,,,0
1029,'1496092',1324,,806,17,,,0
1029,'1496094',924,,807,17,,,0
1029,'1496096',1124,,808,17,,,0
1029,'1496098',824,,809,17,,,0
1029,'1496101',754,,810,17,,,0
1029,'1496105',1454,,811,17,,,0
1029,'1496106',1254,,812,17,,,0
1029,'1496108',1054,,813,17,,,0
1029,'1496294',1424,,815,17,,,0
1029,'1496295',1524,,816,17,,,0
1029,'1496297',1624,,817,17,,,0
1029,'1496299',724,,818,17,,,0
1029,'1496300',2054,,819,17,,,0
1029,'1496304',1024,,820,17,,,0
1029,'1496309',1954,,821,17,,,0
1029,'1496310',854,,822,17,,,0
1029,'1496311',1654,,823,17,,,0
1029,'1496312',1554,,824,17,,,0
1029,'1496316',1754,,825,17,,,0
1029,'1496317',1154,,826,17,,,0
1029,'1496318',1224,,827,17,,,0
1029,'1496319',1354,,828,17,,,0
1029,'1496320',954,,829,17,,,0
1029,'1496322',654,,830,17,,,0
1029,'1496324',1824,,831,17,,,0
1029,'1496325',1724,,832,17,,,0
1029,'1496329',1324,,833,17,,,0
1029,'1496332',924,,834,17,,,0
1029,'1496333',2154,,835,17,,,0
1029,'1496335',1124,,836,17,,,0
1029,'1496337',2254,,837,17,,,0
1029,'1496339',824,,838,17,,,0
1029,'1496342',754,,839,17,,,0
1029,'1496346',1454,,840,17,,,0
1029,'1496347',1254,,841,17,,,0
1029,'1496349',1054,,842,17,,,0
1029,'1496354',1854,,844,17,,,0
1029,'1496527',1854,,845,17,,,0
1029,'1496528',2054,,846,17,,,0
1029,'1496533',1754,,847,17,,,0
1029,'1496534',2154,,848,17,,,0
1029,'1496535',1254,,849,17,,,0
1029,'1496537',1054,,850,17,,,0
1029,'1496539',954,,851,17,,,0
1029,'1496540',1954,,852,17,,,0
1029,'1496542',654,,853,17,,,0
1029,'1496544',2254,,854,17,,,0
1029,'1496545',1454,,855,17,,,0
1029,'1496547',1554,,856,17,,,0
1029,'1496550',754,,857,17,,,0
1029,'1496551',1154,,858,17,,,0
1029,'1496552',854,,859,17,,,0
1029,'1496555',1654,,860,17,,,0
1029,'1496556',1354,,861,17,,,0
1029,'1496562',1854,,862,17,,,0
1029,'1496563',2054,,863,17,,,0
1029,'1496567',1754,,864,17,,,0
1029,'1496568',2154,,865,17,,,0
1029,'1496569',1254,,866,17,,,0
1029,'1496571',1054,,867,17,,,0
1029,'1496573',954,,868,17,,,0
1029,'1496574',1954,,869,17,,,0
1029,'1496577',2254,,870,17,,,0
1029,'1496578',1454,,871,17,,,0
1029,'1496580',1554,,872,17,,,0
1029,'1496583',754,,873,17,,,0
1029,'1496584',1154,,874,17,,,0
1029,'1496585',854,,875,17,,,0
1029,'1496588',1654,,876,17,,,0
1029,'1496589',1354,,877,17,,,0
