3019,'1496126',933,,1057,122,0,5,0
3019,'1496127',1133,,1058,122,0,5,0
3019,'1496132',1203,,1063,122,0,5,0
3019,'1496135',1733,,1066,122,0,5,0
3019,'1496137',1533,,1068,122,0,5,0
3019,'1496139',1303,,1070,122,0,5,0
3019,'1496140',833,,1071,122,0,5,0
3019,'1496143',803,,1074,122,0,5,0
3019,'1496145',1833,,1076,122,0,5,0
3019,'1496147',1403,,1078,122,0,5,0
3019,'1496148',1103,,1079,122,0,5,0
3019,'1496149',1333,,1080,122,0,5,0
3019,'1496150',1433,,1081,122,0,5,0
3019,'1496152',903,,1083,122,0,5,0
3019,'1496156',1033,,1087,122,0,5,0
3019,'1496157',1703,,1088,122,0,5,0
3019,'1496158',1503,,1089,122,0,5,0
3019,'1496160',1803,,1091,122,0,5,0
3019,'1496161',1233,,1092,122,0,5,0
3019,'1496162',1603,,1093,122,0,5,0
3019,'1496163',633,,1094,44,0,5,0
3019,'1496166',1633,,1097,122,0,5,0
3019,'1496169',1003,,1100,122,0,5,0
3019,'1496172',703,,1103,91,0,5,0
3019,'1496375',933,,1106,122,0,5,0
3019,'1496376',1133,,1107,122,0,5,0
3019,'1496379',2203,,1110,122,0,5,0
3019,'1496383',2303,,1114,122,0,5,0
3019,'1496384',1203,,1115,122,0,5,0
3019,'1496387',1733,,1118,122,0,5,0
3019,'1496389',2353,,1120,122,0,5,0
3019,'1496390',1533,,1121,122,0,5,0
3019,'1496391',2003,,1122,122,0,5,0
3019,'1496393',1303,,1124,122,0,5,0
3019,'1496394',833,,1125,122,0,5,0
3019,'1496397',2103,,1128,122,0,5,0
3019,'1496399',803,,1130,122,0,5,0
3019,'1496401',1833,,1132,122,0,5,0
3019,'1496403',1403,,1134,122,0,5,0
3019,'1496405',1903,,1136,122,0,5,0
3019,'1496406',1103,,1137,122,0,5,0
3019,'1496407',1333,,1138,122,0,5,0
3019,'1496408',1433,,1139,122,0,5,0
3019,'1496410',903,,1141,122,0,5,0
3019,'1496414',1033,,1145,122,0,5,0
3019,'1496415',1703,,1146,122,0,5,0
3019,'1496416',1503,,1147,122,0,5,0
3019,'1496418',1803,,1149,122,0,5,0
3019,'1496419',1233,,1150,122,0,5,0
3019,'1496420',1603,,1151,122,0,5,0
3019,'1496421',633,,1152,44,0,5,0
3019,'1496424',1633,,1155,122,0,5,0
3019,'1496428',1003,,1159,122,0,5,0
3019,'1496433',703,,1164,91,0,5,0
3019,'1496454',1803,,1167,122,0,5,0
3019,'1496456',2303,,1169,122,0,5,0
3019,'1496461',2003,,1174,122,0,5,0
3019,'1496462',1503,,1175,122,0,5,0
3019,'1496464',2103,,1177,122,0,5,0
3019,'1496466',2353,,1179,122,0,5,0
3019,'1496470',1903,,1183,122,0,5,0
3019,'1496471',803,,1184,122,0,5,0
3019,'1496472',1003,,1185,122,0,5,0
3019,'1496476',1103,,1189,122,0,5,0
3019,'1496477',1403,,1190,122,0,5,0
3019,'1496478',1703,,1191,122,0,5,0
3019,'1496480',1203,,1193,122,0,5,0
3019,'1496481',1603,,1194,122,0,5,0
3019,'1496482',2203,,1195,122,0,5,0
3019,'1496483',903,,1196,122,0,5,0
3019,'1496485',1303,,1198,122,0,5,0
3019,'1496489',633,,1202,44,0,5,0
3019,'1496628',1803,,1204,122,0,5,0
3019,'1496630',2303,,1206,122,0,5,0
3019,'1496634',2003,,1210,122,0,5,0
3019,'1496635',1503,,1211,122,0,5,0
3019,'1496637',2103,,1213,122,0,5,0
3019,'1496639',2353,,1215,122,0,5,0
3019,'1496643',1903,,1219,122,0,5,0
3019,'1496644',1003,,1220,122,0,5,0
3019,'1496648',1103,,1224,122,0,5,0
3019,'1496649',1403,,1225,122,0,5,0
3019,'1496650',1703,,1226,122,0,5,0
3019,'1496652',1203,,1228,122,0,5,0
3019,'1496653',1603,,1229,122,0,5,0
3019,'1496654',2203,,1230,122,0,5,0
3019,'1496655',903,,1231,122,0,5,0
3019,'1496657',1303,,1233,122,0,5,0
3019,'1496660',733,,1236,44,0,5,0
