1019,'1496067',754,,702,73,,,0
1019,'1496069',854,,703,73,,,0
1019,'1496071',1624,,704,73,,,0
1019,'1496072',1724,,705,73,,,0
1019,'1496074',824,,706,73,,,0
1019,'1496075',1524,,707,73,,,0
1019,'1496076',1324,,708,73,,,0
1019,'1496080',1424,,709,73,,,0
1019,'1496085',1124,,710,73,,,0
1019,'1496087',1354,,711,73,,,0
1019,'1496089',924,,712,73,,,0
1019,'1496090',1224,,713,73,,,0
1019,'1496091',1024,,714,73,,,0
1019,'1496093',1824,,715,73,,,0
1019,'1496095',1054,,716,73,,,0
1019,'1496097',954,,717,73,,,0
1019,'1496099',1454,,718,73,,,0
1019,'1496100',1554,,719,73,,,0
1019,'1496102',724,,720,73,,,0
1019,'1496103',1254,,721,73,,,0
1019,'1496104',1154,,722,73,,,0
1019,'1496107',1754,,723,73,,,0
1019,'1496109',1654,,724,73,,,0
1019,'1496110',624,,725,42,,,0
1019,'1496296',754,,726,73,,,0
1019,'1496298',854,,727,73,,,0
1019,'1496301',1624,,728,73,,,0
1019,'1496302',2209,,729,73,,,0
1019,'1496303',1724,,730,73,,,0
1019,'1496305',824,,731,73,,,0
1019,'1496306',1524,,732,73,,,0
1019,'1496307',1324,,733,73,,,0
1019,'1496308',1854,,734,73,,,0
1019,'1496313',1424,,735,73,,,0
1019,'1496314',2009,,736,73,,,0
1019,'1496315',2109,,737,73,,,0
1019,'1496321',1124,,738,73,,,0
1019,'1496323',1354,,739,73,,,0
1019,'1496326',924,,740,73,,,0
1019,'1496327',1224,,741,73,,,0
1019,'1496328',1024,,742,73,,,0
1019,'1496330',2359,,743,73,,,0
1019,'1496331',1824,,744,73,,,0
1019,'1496334',1054,,745,73,,,0
1019,'1496336',954,,746,73,,,0
1019,'1496338',2309,,747,73,,,0
1019,'1496340',1454,,748,73,,,0
1019,'1496341',1554,,749,73,,,0
1019,'1496343',724,,750,73,,,0
1019,'1496344',1254,,751,73,,,0
1019,'1496345',1154,,752,73,,,0
1019,'1496348',1754,,753,73,,,0
1019,'1496350',1654,,754,73,,,0
1019,'1496351',624,,755,42,,,0
1019,'1496353',1924,,756,73,,,0
1019,'1496526',1409,,757,73,,,0
1019,'1496529',2009,,758,73,,,0
1019,'1496530',809,,759,73,,,0
1019,'1496531',709,,760,73,,,0
1019,'1496532',2109,,761,73,,,0
1019,'1496536',1109,,762,73,,,0
1019,'1496538',1509,,763,73,,,0
1019,'1496541',1709,,764,73,,,0
1019,'1496543',1209,,765,73,,,0
1019,'1496546',2209,,766,73,,,0
1019,'1496548',1609,,767,73,,,0
1019,'1496549',1809,,768,73,,,0
1019,'1496553',1009,,769,73,,,0
1019,'1496554',909,,770,73,,,0
1019,'1496557',1309,,771,73,,,0
1019,'1496558',1909,,772,73,,,0
1019,'1496559',2359,,773,73,,,0
1019,'1496560',2309,,774,73,,,0
1019,'1496561',1409,,775,73,,,0
1019,'1496564',2009,,776,73,,,0
1019,'1496565',809,,777,73,,,0
1019,'1496566',2109,,778,73,,,0
1019,'1496570',1109,,779,73,,,0
1019,'1496572',1509,,780,73,,,0
1019,'1496575',1709,,781,73,,,0
1019,'1496576',1209,,782,73,,,0
1019,'1496579',2209,,783,73,,,0
1019,'1496581',1609,,784,73,,,0
1019,'1496582',1809,,785,73,,,0
1019,'1496586',1009,,786,73,,,0
1019,'1496587',909,,787,73,,,0
1019,'1496590',1309,,788,73,,,0
1019,'1496591',1909,,789,73,,,0
1019,'1496592',2359,,790,73,,,0
1019,'1496593',2309,,791,73,,,0
3019,'1496126',939,,1057,132,0,5,0
3019,'1496127',1139,,1058,132,0,5,0
3019,'1496132',1209,,1063,132,0,5,0
3019,'1496135',1739,,1066,132,0,5,0
3019,'1496137',1539,,1068,132,0,5,0
3019,'1496139',1309,,1070,132,0,5,0
3019,'1496140',839,,1071,132,0,5,0
3019,'1496143',809,,1074,132,0,5,0
3019,'1496145',1839,,1076,132,0,5,0
3019,'1496147',1409,,1078,132,0,5,0
3019,'1496148',1109,,1079,132,0,5,0
3019,'1496149',1339,,1080,132,0,5,0
3019,'1496150',1439,,1081,132,0,5,0
3019,'1496152',909,,1083,132,0,5,0
3019,'1496156',1039,,1087,132,0,5,0
3019,'1496157',1709,,1088,132,0,5,0
3019,'1496158',1509,,1089,132,0,5,0
3019,'1496160',1809,,1091,132,0,5,0
3019,'1496161',1239,,1092,132,0,5,0
3019,'1496162',1609,,1093,132,0,5,0
3019,'1496163',639,,1094,54,0,5,0
3019,'1496166',1639,,1097,132,0,5,0
3019,'1496169',1009,,1100,132,0,5,0
3019,'1496172',709,,1103,101,0,5,0
3019,'1496375',939,,1106,132,0,5,0
3019,'1496376',1139,,1107,132,0,5,0
3019,'1496379',2209,,1110,132,0,5,0
3019,'1496383',2309,,1114,132,0,5,0
3019,'1496384',1209,,1115,132,0,5,0
3019,'1496387',1739,,1118,132,0,5,0
3019,'1496389',2359,,1120,132,0,5,0
3019,'1496390',1539,,1121,132,0,5,0
3019,'1496391',2009,,1122,132,0,5,0
3019,'1496393',1309,,1124,132,0,5,0
3019,'1496394',839,,1125,132,0,5,0
3019,'1496397',2109,,1128,132,0,5,0
3019,'1496399',809,,1130,132,0,5,0
3019,'1496401',1839,,1132,132,0,5,0
3019,'1496403',1409,,1134,132,0,5,0
3019,'1496405',1909,,1136,132,0,5,0
3019,'1496406',1109,,1137,132,0,5,0
3019,'1496407',1339,,1138,132,0,5,0
3019,'1496408',1439,,1139,132,0,5,0
3019,'1496410',909,,1141,132,0,5,0
3019,'1496414',1039,,1145,132,0,5,0
3019,'1496415',1709,,1146,132,0,5,0
3019,'1496416',1509,,1147,132,0,5,0
3019,'1496418',1809,,1149,132,0,5,0
3019,'1496419',1239,,1150,132,0,5,0
3019,'1496420',1609,,1151,132,0,5,0
3019,'1496421',639,,1152,54,0,5,0
3019,'1496424',1639,,1155,132,0,5,0
3019,'1496428',1009,,1159,132,0,5,0
3019,'1496433',709,,1164,101,0,5,0
3019,'1496454',1809,,1167,132,0,5,0
3019,'1496456',2309,,1169,132,0,5,0
3019,'1496461',2009,,1174,132,0,5,0
3019,'1496462',1509,,1175,132,0,5,0
3019,'1496464',2109,,1177,132,0,5,0
3019,'1496466',2359,,1179,132,0,5,0
3019,'1496470',1909,,1183,132,0,5,0
3019,'1496471',809,,1184,132,0,5,0
3019,'1496472',1009,,1185,132,0,5,0
3019,'1496476',1109,,1189,132,0,5,0
3019,'1496477',1409,,1190,132,0,5,0
3019,'1496478',1709,,1191,132,0,5,0
3019,'1496480',1209,,1193,132,0,5,0
3019,'1496481',1609,,1194,132,0,5,0
3019,'1496482',2209,,1195,132,0,5,0
3019,'1496483',909,,1196,132,0,5,0
3019,'1496485',1309,,1198,132,0,5,0
3019,'1496489',639,,1202,54,0,5,0
3019,'1496628',1809,,1204,132,0,5,0
3019,'1496630',2309,,1206,132,0,5,0
3019,'1496634',2009,,1210,132,0,5,0
3019,'1496635',1509,,1211,132,0,5,0
3019,'1496637',2109,,1213,132,0,5,0
3019,'1496639',2359,,1215,132,0,5,0
3019,'1496643',1909,,1219,132,0,5,0
3019,'1496644',1009,,1220,132,0,5,0
3019,'1496648',1109,,1224,132,0,5,0
3019,'1496649',1409,,1225,132,0,5,0
3019,'1496650',1709,,1226,132,0,5,0
3019,'1496652',1209,,1228,132,0,5,0
3019,'1496653',1609,,1229,132,0,5,0
3019,'1496654',2209,,1230,132,0,5,0
3019,'1496655',909,,1231,132,0,5,0
3019,'1496657',1309,,1233,132,0,5,0
3019,'1496660',739,,1236,54,0,5,0
