2029,'1496221',612,,971,12,,,0
2029,'1496281',612,,972,12,,,0
2029,'1497044',913,,973,49,,,0
2029,'1497045',1413,,974,49,,,0
2029,'1497046',1213,,975,49,,,0
2029,'1497047',1243,,976,49,,,0
2029,'1497048',1543,,977,49,,,0
2029,'1497049',943,,978,49,,,0
2029,'1497050',813,,979,49,,,0
2029,'1497051',1613,,980,49,,,0
2029,'1497052',1443,,981,49,,,0
2029,'1497053',1043,,982,49,,,0
2029,'1497054',713,,983,49,,,0
2029,'1497055',1313,,984,49,,,0
2029,'1497056',1643,,985,49,,,0
2029,'1497057',1513,,986,49,,,0
2029,'1497058',1343,,987,49,,,0
2029,'1497059',743,,988,49,,,0
2029,'1497060',1713,,989,49,,,0
2029,'1497061',1013,,990,49,,,0
2029,'1497062',843,,991,49,,,0
2029,'1497063',1143,,992,49,,,0
2029,'1497064',1113,,993,49,,,0
2029,'1497065',1743,,994,49,,,0
2029,'1497066',2013,,995,49,,,0
2029,'1497067',913,,996,49,,,0
2029,'1497068',1413,,997,49,,,0
2029,'1497069',1213,,998,49,,,0
2029,'1497070',1813,,999,49,,,0
2029,'1497071',1243,,1000,49,,,0
2029,'1497072',1543,,1001,49,,,0
2029,'1497073',943,,1002,49,,,0
2029,'1497074',2213,,1003,49,,,0
2029,'1497075',813,,1004,49,,,0
2029,'1497076',1613,,1005,49,,,0
2029,'1497077',1443,,1006,49,,,0
2029,'1497078',2311,,1007,49,,,0
2029,'1497079',1043,,1008,49,,,0
2029,'1497080',713,,1009,49,,,0
2029,'1497081',1313,,1010,49,,,0
2029,'1497082',1913,,1011,49,,,0
2029,'1497083',1643,,1012,49,,,0
2029,'1497084',1513,,1013,49,,,0
2029,'1497085',1343,,1014,49,,,0
2029,'1497086',743,,1015,49,,,0
2029,'1497087',1713,,1016,49,,,0
2029,'1497088',1013,,1017,49,,,0
2029,'1497089',843,,1018,49,,,0
2029,'1497090',2113,,1019,49,,,0
2029,'1497091',1143,,1020,49,,,0
2029,'1497092',1113,,1021,49,,,0
2029,'1497093',1743,,1022,49,,,0
2029,'1497094',1713,,1023,49,,,0
2029,'1497095',1113,,1024,49,,,0
2029,'1497096',2213,,1025,49,,,0
2029,'1497097',2311,,1026,49,,,0
2029,'1497098',1013,,1027,49,,,0
2029,'1497099',2013,,1028,49,,,0
2029,'1497100',913,,1029,49,,,0
2029,'1497101',1513,,1030,49,,,0
2029,'1497102',2113,,1031,49,,,0
2029,'1497103',1813,,1032,49,,,0
2029,'1497104',1213,,1033,49,,,0
2029,'1497105',1413,,1034,49,,,0
2029,'1497106',813,,1035,49,,,0
2029,'1497107',1313,,1036,49,,,0
2029,'1497108',1913,,1037,49,,,0
2029,'1497109',1613,,1038,49,,,0
2029,'1497110',713,,1039,49,,,0
2029,'1497111',1713,,1040,49,,,0
2029,'1497112',1113,,1041,49,,,0
2029,'1497113',2213,,1042,49,,,0
2029,'1497114',2311,,1043,49,,,0
2029,'1497115',1013,,1044,49,,,0
2029,'1497116',2013,,1045,49,,,0
2029,'1497117',913,,1046,49,,,0
2029,'1497118',1513,,1047,49,,,0
2029,'1497119',2113,,1048,49,,,0
2029,'1497120',1813,,1049,49,,,0
2029,'1497121',1213,,1050,49,,,0
2029,'1497122',1413,,1051,49,,,0
2029,'1497123',813,,1052,49,,,0
2029,'1497124',1313,,1053,49,,,0
2029,'1497125',1913,,1054,49,,,0
2029,'1497126',1613,,1055,49,,,0
