1019,'1496067',750,,702,65,,,0
1019,'1496069',850,,703,65,,,0
1019,'1496071',1620,,704,65,,,0
1019,'1496072',1720,,705,65,,,0
1019,'1496074',820,,706,65,,,0
1019,'1496075',1520,,707,65,,,0
1019,'1496076',1320,,708,65,,,0
1019,'1496080',1420,,709,65,,,0
1019,'1496085',1120,,710,65,,,0
1019,'1496087',1350,,711,65,,,0
1019,'1496089',920,,712,65,,,0
1019,'1496090',1220,,713,65,,,0
1019,'1496091',1020,,714,65,,,0
1019,'1496093',1820,,715,65,,,0
1019,'1496095',1050,,716,65,,,0
1019,'1496097',950,,717,65,,,0
1019,'1496099',1450,,718,65,,,0
1019,'1496100',1550,,719,65,,,0
1019,'1496102',720,,720,65,,,0
1019,'1496103',1250,,721,65,,,0
1019,'1496104',1150,,722,65,,,0
1019,'1496107',1750,,723,65,,,0
1019,'1496109',1650,,724,65,,,0
1019,'1496110',620,,725,34,,,0
1019,'1496296',750,,726,65,,,0
1019,'1496298',850,,727,65,,,0
1019,'1496301',1620,,728,65,,,0
1019,'1496302',2205,,729,65,,,0
1019,'1496303',1720,,730,65,,,0
1019,'1496305',820,,731,65,,,0
1019,'1496306',1520,,732,65,,,0
1019,'1496307',1320,,733,65,,,0
1019,'1496308',1850,,734,65,,,0
1019,'1496313',1420,,735,65,,,0
1019,'1496314',2005,,736,65,,,0
1019,'1496315',2105,,737,65,,,0
1019,'1496321',1120,,738,65,,,0
1019,'1496323',1350,,739,65,,,0
1019,'1496326',920,,740,65,,,0
1019,'1496327',1220,,741,65,,,0
1019,'1496328',1020,,742,65,,,0
1019,'1496330',2355,,743,65,,,0
1019,'1496331',1820,,744,65,,,0
1019,'1496334',1050,,745,65,,,0
1019,'1496336',950,,746,65,,,0
1019,'1496338',2305,,747,65,,,0
1019,'1496340',1450,,748,65,,,0
1019,'1496341',1550,,749,65,,,0
1019,'1496343',720,,750,65,,,0
1019,'1496344',1250,,751,65,,,0
1019,'1496345',1150,,752,65,,,0
1019,'1496348',1750,,753,65,,,0
1019,'1496350',1650,,754,65,,,0
1019,'1496351',620,,755,34,,,0
1019,'1496353',1920,,756,65,,,0
1019,'1496526',1405,,757,65,,,0
1019,'1496529',2005,,758,65,,,0
1019,'1496530',805,,759,65,,,0
1019,'1496531',705,,760,65,,,0
1019,'1496532',2105,,761,65,,,0
1019,'1496536',1105,,762,65,,,0
1019,'1496538',1505,,763,65,,,0
1019,'1496541',1705,,764,65,,,0
1019,'1496543',1205,,765,65,,,0
1019,'1496546',2205,,766,65,,,0
1019,'1496548',1605,,767,65,,,0
1019,'1496549',1805,,768,65,,,0
1019,'1496553',1005,,769,65,,,0
1019,'1496554',905,,770,65,,,0
1019,'1496557',1305,,771,65,,,0
1019,'1496558',1905,,772,65,,,0
1019,'1496559',2353,,773,65,,,0
1019,'1496560',2305,,774,65,,,0
1019,'1496561',1405,,775,65,,,0
1019,'1496564',2005,,776,65,,,0
1019,'1496565',805,,777,65,,,0
1019,'1496566',2105,,778,65,,,0
1019,'1496570',1105,,779,65,,,0
1019,'1496572',1505,,780,65,,,0
1019,'1496575',1705,,781,65,,,0
1019,'1496576',1205,,782,65,,,0
1019,'1496579',2205,,783,65,,,0
1019,'1496581',1605,,784,65,,,0
1019,'1496582',1805,,785,65,,,0
1019,'1496586',1005,,786,65,,,0
1019,'1496587',905,,787,65,,,0
1019,'1496590',1305,,788,65,,,0
1019,'1496591',1905,,789,65,,,0
1019,'1496592',2353,,790,65,,,0
1019,'1496593',2305,,791,65,,,0
2019,'1496174',1321,,878,121,,,0
2019,'1496175',1451,,879,121,,,0
2019,'1496179',1421,,880,121,,,0
2019,'1496181',1551,,881,121,,,0
2019,'1496183',1051,,882,121,,,0
2019,'1496184',1621,,883,121,,,0
2019,'1496185',1021,,884,121,,,0
2019,'1496187',1221,,885,121,,,0
2019,'1496188',951,,886,121,,,0
2019,'1496189',921,,887,121,,,0
2019,'1496191',1121,,888,121,,,0
2019,'1496194',1651,,889,121,,,0
2019,'1496198',821,,890,121,,,0
2019,'1496200',1821,,891,121,,,0
2019,'1496204',1521,,892,121,,,0
2019,'1496206',1151,,893,121,,,0
2019,'1496208',1251,,894,121,,,0
2019,'1496209',1721,,895,121,,,0
2019,'1496210',1851,,896,121,,,0
2019,'1496211',1751,,897,121,,,0
2019,'1496215',851,,898,121,,,0
2019,'1496216',1351,,899,121,,,0
2019,'1496218',751,,900,121,,,0
2019,'1496219',621,,901,35,,,0
2019,'1496220',651,,902,89,,,0
2019,'1496223',2336,,903,121,,,0
2019,'1496224',1321,,904,121,,,0
2019,'1496225',1451,,905,121,,,0
2019,'1496227',2236,,906,121,,,0
2019,'1496228',1936,,907,121,,,0
2019,'1496232',1421,,908,121,,,0
2019,'1496234',1551,,909,121,,,0
2019,'1496236',1051,,910,121,,,0
2019,'1496237',1621,,911,121,,,0
2019,'1496238',1021,,912,121,,,0
2019,'1496240',1221,,913,121,,,0
2019,'1496242',951,,914,121,,,0
2019,'1496243',921,,915,121,,,0
2019,'1496245',1121,,916,121,,,0
2019,'1496248',1651,,917,121,,,0
2019,'1496253',2136,,918,121,,,0
2019,'1496255',821,,919,121,,,0
2019,'1496257',1821,,920,121,,,0
2019,'1496262',1521,,922,121,,,0
2019,'1496264',1151,,923,121,,,0
2019,'1496266',1251,,924,121,,,0
2019,'1496267',1721,,925,121,,,0
2019,'1496268',1851,,926,121,,,0
2019,'1496269',1751,,927,121,,,0
2019,'1496274',851,,928,121,,,0
2019,'1496275',1351,,929,121,,,0
2019,'1496277',751,,930,121,,,0
2019,'1496278',621,,931,35,,,0
2019,'1496279',651,,932,99,,,0
2019,'1496280',2036,,933,121,,,0
2019,'1496490',1836,,934,121,,,0
2019,'1496491',2236,,935,121,,,0
2019,'1496492',1436,,936,121,,,0
2019,'1496494',1236,,937,121,,,0
2019,'1496495',1536,,938,121,,,0
2019,'1496498',2136,,939,121,,,0
2019,'1496499',836,,940,121,,,0
2019,'1496505',1336,,941,121,,,0
2019,'1496507',2336,,942,121,,,0
2019,'1496510',1636,,943,121,,,0
2019,'1496511',1936,,944,121,,,0
2019,'1496512',1136,,945,121,,,0
2019,'1496516',1036,,946,121,,,0
2019,'1496518',936,,947,121,,,0
2019,'1496520',1736,,948,121,,,0
2019,'1496521',2036,,949,121,,,0
2019,'1496523',736,,950,121,,,0
2019,'1496524',706,,951,89,,,0
2019,'1496594',1836,,953,121,,,0
2019,'1496595',2236,,954,121,,,0
2019,'1496596',1436,,955,121,,,0
2019,'1496598',1236,,956,121,,,0
2019,'1496599',1536,,957,121,,,0
2019,'1496602',2136,,958,121,,,0
2019,'1496603',836,,959,121,,,0
2019,'1496609',1336,,960,121,,,0
2019,'1496613',1636,,961,121,,,0
2019,'1496614',1936,,962,121,,,0
2019,'1496615',1136,,963,121,,,0
2019,'1496619',1036,,964,121,,,0
2019,'1496621',936,,965,121,,,0
2019,'1496623',1736,,966,121,,,0
2019,'1496624',2036,,967,121,,,0
2019,'1496625',806,,968,89,,,0
3019,'1496125',1651,,1056,123,,,0
3019,'1496128',1821,,1059,123,,,0
3019,'1496129',951,,1060,123,,,0
3019,'1496130',821,,1061,123,,,0
3019,'1496131',1721,,1062,123,,,0
3019,'1496133',1251,,1064,123,,,0
3019,'1496134',1221,,1065,123,,,0
3019,'1496136',851,,1067,123,,,0
3019,'1496138',1021,,1069,123,,,0
3019,'1496141',1451,,1072,123,,,0
3019,'1496142',1421,,1073,123,,,0
3019,'1496144',1551,,1075,123,,,0
3019,'1496146',1351,,1077,123,,,0
3019,'1496151',921,,1082,123,,,0
3019,'1496153',1851,,1084,123,,,0
3019,'1496154',1521,,1085,123,,,0
3019,'1496155',1121,,1086,123,,,0
3019,'1496159',1151,,1090,123,,,0
3019,'1496164',1321,,1095,123,,,0
3019,'1496165',1751,,1096,123,,,0
3019,'1496167',1051,,1098,123,,,0
3019,'1496168',1621,,1099,123,,,0
3019,'1496170',621,,1101,33,,,0
3019,'1496171',651,,1102,67,,,0
3019,'1496173',751,,1104,123,,,0
3019,'1496374',1651,,1105,123,,,0
3019,'1496377',1821,,1108,123,,,0
3019,'1496378',2136,,1109,123,,,0
3019,'1496380',951,,1111,123,,,0
3019,'1496381',821,,1112,123,,,0
3019,'1496382',1721,,1113,123,,,0
3019,'1496385',1251,,1116,123,,,0
3019,'1496386',1221,,1117,123,,,0
3019,'1496388',851,,1119,123,,,0
3019,'1496392',1021,,1123,123,,,0
3019,'1496395',2336,,1126,123,,,0
3019,'1496396',1451,,1127,123,,,0
3019,'1496398',1421,,1129,123,,,0
3019,'1496400',1551,,1131,123,,,0
3019,'1496402',1351,,1133,123,,,0
3019,'1496404',2236,,1135,123,,,0
3019,'1496409',921,,1140,123,,,0
3019,'1496411',1851,,1142,123,,,0
3019,'1496412',1521,,1143,123,,,0
3019,'1496413',1121,,1144,123,,,0
3019,'1496417',1151,,1148,123,,,0
3019,'1496422',1321,,1153,123,,,0
3019,'1496423',1751,,1154,123,,,0
3019,'1496425',1051,,1156,123,,,0
3019,'1496426',1621,,1157,123,,,0
3019,'1496427',1936,,1158,123,,,0
3019,'1496430',621,,1161,33,,,0
3019,'1496431',651,,1162,67,,,0
3019,'1496432',2036,,1163,123,,,0
3019,'1496434',751,,1165,123,,,0
3019,'1496453',836,,1166,123,,,0
3019,'1496455',1536,,1168,123,,,0
3019,'1496457',936,,1170,123,,,0
3019,'1496458',1236,,1171,123,,,0
3019,'1496459',2336,,1172,123,,,0
3019,'1496460',1936,,1173,123,,,0
3019,'1496463',1436,,1176,123,,,0
3019,'1496465',2036,,1178,123,,,0
3019,'1496467',1736,,1180,123,,,0
3019,'1496468',1036,,1181,123,,,0
3019,'1496469',1336,,1182,123,,,0
3019,'1496473',2236,,1186,123,,,0
3019,'1496474',1836,,1187,123,,,0
3019,'1496475',1136,,1188,123,,,0
3019,'1496479',1636,,1192,123,,,0
3019,'1496484',2136,,1197,123,,,0
3019,'1496486',706,,1199,67,,,0
3019,'1496488',736,,1201,123,,,0
3019,'1496627',836,,1203,123,,,0
3019,'1496629',1536,,1205,123,,,0
3019,'1496631',936,,1207,123,,,0
3019,'1496632',1236,,1208,123,,,0
3019,'1496633',1936,,1209,123,,,0
3019,'1496636',1436,,1212,123,,,0
3019,'1496638',2036,,1214,123,,,0
3019,'1496640',1736,,1216,123,,,0
3019,'1496641',1036,,1217,123,,,0
3019,'1496642',1336,,1218,123,,,0
3019,'1496645',2236,,1221,123,,,0
3019,'1496646',1836,,1222,123,,,0
3019,'1496647',1136,,1223,123,,,0
3019,'1496651',1636,,1227,123,,,0
3019,'1496656',2136,,1232,123,,,0
3019,'1496658',806,,1234,67,,,0
