1019,'1496067',712,,702,18,,,0
1019,'1496069',812,,703,18,,,0
1019,'1496071',1542,,704,18,,,0
1019,'1496072',1642,,705,18,,,0
1019,'1496074',742,,706,18,,,0
1019,'1496075',1442,,707,18,,,0
1019,'1496076',1242,,708,18,,,0
1019,'1496080',1342,,709,18,,,0
1019,'1496085',1042,,710,18,,,0
1019,'1496087',1312,,711,18,,,0
1019,'1496089',842,,712,18,,,0
1019,'1496090',1142,,713,18,,,0
1019,'1496091',942,,714,18,,,0
1019,'1496093',1742,,715,18,,,0
1019,'1496095',1012,,716,18,,,0
1019,'1496097',912,,717,18,,,0
1019,'1496099',1412,,718,18,,,0
1019,'1496100',1512,,719,18,,,0
1019,'1496102',642,,720,18,,,0
1019,'1496103',1212,,721,18,,,0
1019,'1496104',1112,,722,18,,,0
1019,'1496107',1712,,723,18,,,0
1019,'1496109',1612,,724,18,,,0
1019,'1496296',712,,726,18,,,0
1019,'1496298',812,,727,18,,,0
1019,'1496301',1542,,728,18,,,0
1019,'1496302',2127,,729,18,,,0
1019,'1496303',1642,,730,18,,,0
1019,'1496305',742,,731,18,,,0
1019,'1496306',1442,,732,18,,,0
1019,'1496307',1242,,733,18,,,0
1019,'1496308',1812,,734,18,,,0
1019,'1496313',1342,,735,18,,,0
1019,'1496314',1927,,736,18,,,0
1019,'1496315',2027,,737,18,,,0
1019,'1496321',1042,,738,18,,,0
1019,'1496323',1312,,739,18,,,0
1019,'1496326',842,,740,18,,,0
1019,'1496327',1142,,741,18,,,0
1019,'1496328',942,,742,18,,,0
1019,'1496330',2327,,743,18,,,0
1019,'1496331',1742,,744,18,,,0
1019,'1496334',1012,,745,18,,,0
1019,'1496336',912,,746,18,,,0
1019,'1496338',2227,,747,18,,,0
1019,'1496340',1412,,748,18,,,0
1019,'1496341',1512,,749,18,,,0
1019,'1496343',642,,750,18,,,0
1019,'1496344',1212,,751,18,,,0
1019,'1496345',1112,,752,18,,,0
1019,'1496348',1712,,753,18,,,0
1019,'1496350',1612,,754,18,,,0
1019,'1496353',1842,,756,18,,,0
1019,'1496526',1327,,757,18,,,0
1019,'1496529',1927,,758,18,,,0
1019,'1496530',727,,759,18,,,0
1019,'1496531',627,,760,18,,,0
1019,'1496532',2027,,761,18,,,0
1019,'1496536',1027,,762,18,,,0
1019,'1496538',1427,,763,18,,,0
1019,'1496541',1627,,764,18,,,0
1019,'1496543',1127,,765,18,,,0
1019,'1496546',2127,,766,18,,,0
1019,'1496548',1527,,767,18,,,0
1019,'1496549',1727,,768,18,,,0
1019,'1496553',927,,769,18,,,0
1019,'1496554',827,,770,18,,,0
1019,'1496557',1227,,771,18,,,0
1019,'1496558',1827,,772,18,,,0
1019,'1496559',2327,,773,18,,,0
1019,'1496560',2227,,774,18,,,0
1019,'1496561',1327,,775,18,,,0
1019,'1496564',1927,,776,18,,,0
1019,'1496565',727,,777,18,,,0
1019,'1496566',2027,,778,18,,,0
1019,'1496570',1027,,779,18,,,0
1019,'1496572',1427,,780,18,,,0
1019,'1496575',1627,,781,18,,,0
1019,'1496576',1127,,782,18,,,0
1019,'1496579',2127,,783,18,,,0
1019,'1496581',1527,,784,18,,,0
1019,'1496582',1727,,785,18,,,0
1019,'1496586',927,,786,18,,,0
1019,'1496587',827,,787,18,,,0
1019,'1496590',1227,,788,18,,,0
1019,'1496591',1827,,789,18,,,0
1019,'1496592',2327,,790,18,,,0
1019,'1496593',2227,,791,18,,,0
