2019,'1496174',1302,,878,92,,,0
2019,'1496175',1432,,879,92,,,0
2019,'1496179',1402,,880,92,,,0
2019,'1496181',1532,,881,92,,,0
2019,'1496183',1032,,882,92,,,0
2019,'1496184',1602,,883,92,,,0
2019,'1496185',1002,,884,92,,,0
2019,'1496187',1202,,885,92,,,0
2019,'1496188',932,,886,92,,,0
2019,'1496189',902,,887,92,,,0
2019,'1496191',1102,,888,92,,,0
2019,'1496194',1632,,889,92,,,0
2019,'1496198',802,,890,92,,,0
2019,'1496200',1802,,891,92,,,0
2019,'1496204',1502,,892,92,,,0
2019,'1496206',1132,,893,92,,,0
2019,'1496208',1232,,894,92,,,0
2019,'1496209',1702,,895,92,,,0
2019,'1496210',1832,,896,92,,,0
2019,'1496211',1732,,897,92,,,0
2019,'1496215',832,,898,92,,,0
2019,'1496216',1332,,899,92,,,0
2019,'1496218',732,,900,92,,,0
2019,'1496219',602,,901,6,,,0
2019,'1496220',632,,902,60,,,0
2019,'1496223',2317,,903,92,,,0
2019,'1496224',1302,,904,92,,,0
2019,'1496225',1432,,905,92,,,0
2019,'1496227',2217,,906,92,,,0
2019,'1496228',1917,,907,92,,,0
2019,'1496232',1402,,908,92,,,0
2019,'1496234',1532,,909,92,,,0
2019,'1496236',1032,,910,92,,,0
2019,'1496237',1602,,911,92,,,0
2019,'1496238',1002,,912,92,,,0
2019,'1496240',1202,,913,92,,,0
2019,'1496242',932,,914,92,,,0
2019,'1496243',902,,915,92,,,0
2019,'1496245',1102,,916,92,,,0
2019,'1496248',1632,,917,92,,,0
2019,'1496253',2117,,918,92,,,0
2019,'1496255',802,,919,92,,,0
2019,'1496257',1802,,920,92,,,0
2019,'1496262',1502,,922,92,,,0
2019,'1496264',1132,,923,92,,,0
2019,'1496266',1232,,924,92,,,0
2019,'1496267',1702,,925,92,,,0
2019,'1496268',1832,,926,92,,,0
2019,'1496269',1732,,927,92,,,0
2019,'1496274',832,,928,92,,,0
2019,'1496275',1332,,929,92,,,0
2019,'1496277',732,,930,92,,,0
2019,'1496278',602,,931,6,,,0
2019,'1496279',632,,932,70,,,0
2019,'1496280',2017,,933,92,,,0
2019,'1496490',1817,,934,92,,,0
2019,'1496491',2217,,935,92,,,0
2019,'1496492',1417,,936,92,,,0
2019,'1496494',1217,,937,92,,,0
2019,'1496495',1517,,938,92,,,0
2019,'1496498',2117,,939,92,,,0
2019,'1496499',817,,940,92,,,0
2019,'1496505',1317,,941,92,,,0
2019,'1496507',2317,,942,92,,,0
2019,'1496510',1617,,943,92,,,0
2019,'1496511',1917,,944,92,,,0
2019,'1496512',1117,,945,92,,,0
2019,'1496516',1017,,946,92,,,0
2019,'1496518',917,,947,92,,,0
2019,'1496520',1717,,948,92,,,0
2019,'1496521',2017,,949,92,,,0
2019,'1496523',717,,950,92,,,0
2019,'1496524',647,,951,60,,,0
2019,'1496594',1817,,953,92,,,0
2019,'1496595',2217,,954,92,,,0
2019,'1496596',1417,,955,92,,,0
2019,'1496598',1217,,956,92,,,0
2019,'1496599',1517,,957,92,,,0
2019,'1496602',2117,,958,92,,,0
2019,'1496603',817,,959,92,,,0
2019,'1496609',1317,,960,92,,,0
2019,'1496613',1617,,961,92,,,0
2019,'1496614',1917,,962,92,,,0
2019,'1496615',1117,,963,92,,,0
2019,'1496619',1017,,964,92,,,0
2019,'1496621',917,,965,92,,,0
2019,'1496623',1717,,966,92,,,0
2019,'1496624',2017,,967,92,,,0
2019,'1496625',747,,968,60,,,0
