2029,'1497044',856,,973,17,,,0
2029,'1497045',1356,,974,17,,,0
2029,'1497046',1156,,975,17,,,0
2029,'1497047',1226,,976,17,,,0
2029,'1497048',1526,,977,17,,,0
2029,'1497049',926,,978,17,,,0
2029,'1497050',756,,979,17,,,0
2029,'1497051',1556,,980,17,,,0
2029,'1497052',1426,,981,17,,,0
2029,'1497053',1026,,982,17,,,0
2029,'1497054',656,,983,17,,,0
2029,'1497055',1256,,984,17,,,0
2029,'1497056',1626,,985,17,,,0
2029,'1497057',1456,,986,17,,,0
2029,'1497058',1326,,987,17,,,0
2029,'1497059',726,,988,17,,,0
2029,'1497060',1656,,989,17,,,0
2029,'1497061',956,,990,17,,,0
2029,'1497062',826,,991,17,,,0
2029,'1497063',1126,,992,17,,,0
2029,'1497064',1056,,993,17,,,0
2029,'1497065',1726,,994,17,,,0
2029,'1497066',1956,,995,17,,,0
2029,'1497067',856,,996,17,,,0
2029,'1497068',1356,,997,17,,,0
2029,'1497069',1156,,998,17,,,0
2029,'1497070',1756,,999,17,,,0
2029,'1497071',1226,,1000,17,,,0
2029,'1497072',1526,,1001,17,,,0
2029,'1497073',926,,1002,17,,,0
2029,'1497074',2156,,1003,17,,,0
2029,'1497075',756,,1004,17,,,0
2029,'1497076',1556,,1005,17,,,0
2029,'1497077',1426,,1006,17,,,0
2029,'1497078',2253,,1007,17,,,0
2029,'1497079',1026,,1008,17,,,0
2029,'1497080',656,,1009,17,,,0
2029,'1497081',1256,,1010,17,,,0
2029,'1497082',1856,,1011,17,,,0
2029,'1497083',1626,,1012,17,,,0
2029,'1497084',1456,,1013,17,,,0
2029,'1497085',1326,,1014,17,,,0
2029,'1497086',726,,1015,17,,,0
2029,'1497087',1656,,1016,17,,,0
2029,'1497088',956,,1017,17,,,0
2029,'1497089',826,,1018,17,,,0
2029,'1497090',2056,,1019,17,,,0
2029,'1497091',1126,,1020,17,,,0
2029,'1497092',1056,,1021,17,,,0
2029,'1497093',1726,,1022,17,,,0
2029,'1497094',1656,,1023,17,,,0
2029,'1497095',1056,,1024,17,,,0
2029,'1497096',2156,,1025,17,,,0
2029,'1497097',2253,,1026,17,,,0
2029,'1497098',956,,1027,17,,,0
2029,'1497099',1956,,1028,17,,,0
2029,'1497100',856,,1029,17,,,0
2029,'1497101',1456,,1030,17,,,0
2029,'1497102',2056,,1031,17,,,0
2029,'1497103',1756,,1032,17,,,0
2029,'1497104',1156,,1033,17,,,0
2029,'1497105',1356,,1034,17,,,0
2029,'1497106',756,,1035,17,,,0
2029,'1497107',1256,,1036,17,,,0
2029,'1497108',1856,,1037,17,,,0
2029,'1497109',1556,,1038,17,,,0
2029,'1497110',656,,1039,17,,,0
2029,'1497111',1656,,1040,17,,,0
2029,'1497112',1056,,1041,17,,,0
2029,'1497113',2156,,1042,17,,,0
2029,'1497114',2253,,1043,17,,,0
2029,'1497115',956,,1044,17,,,0
2029,'1497116',1956,,1045,17,,,0
2029,'1497117',856,,1046,17,,,0
2029,'1497118',1456,,1047,17,,,0
2029,'1497119',2056,,1048,17,,,0
2029,'1497120',1756,,1049,17,,,0
2029,'1497121',1156,,1050,17,,,0
2029,'1497122',1356,,1051,17,,,0
2029,'1497123',756,,1052,17,,,0
2029,'1497124',1256,,1053,17,,,0
2029,'1497125',1856,,1054,17,,,0
2029,'1497126',1556,,1055,17,,,0
