3019,'1496125',1536,,1056,10,,,0
3019,'1496128',1706,,1059,10,,,0
3019,'1496129',836,,1060,10,,,0
3019,'1496130',706,,1061,10,,,0
3019,'1496131',1606,,1062,10,,,0
3019,'1496133',1136,,1064,10,,,0
3019,'1496134',1106,,1065,10,,,0
3019,'1496136',736,,1067,10,,,0
3019,'1496138',906,,1069,10,,,0
3019,'1496141',1336,,1072,10,,,0
3019,'1496142',1306,,1073,10,,,0
3019,'1496144',1436,,1075,10,,,0
3019,'1496146',1236,,1077,10,,,0
3019,'1496151',806,,1082,10,,,0
3019,'1496153',1736,,1084,10,,,0
3019,'1496154',1406,,1085,10,,,0
3019,'1496155',1006,,1086,10,,,0
3019,'1496159',1036,,1090,10,,,0
3019,'1496164',1206,,1095,10,,,0
3019,'1496165',1636,,1096,10,,,0
3019,'1496167',936,,1098,10,,,0
3019,'1496168',1506,,1099,10,,,0
3019,'1496173',636,,1104,10,,,0
3019,'1496374',1536,,1105,10,,,0
3019,'1496377',1706,,1108,10,,,0
3019,'1496378',2021,,1109,10,,,0
3019,'1496380',836,,1111,10,,,0
3019,'1496381',706,,1112,10,,,0
3019,'1496382',1606,,1113,10,,,0
3019,'1496385',1136,,1116,10,,,0
3019,'1496386',1106,,1117,10,,,0
3019,'1496388',736,,1119,10,,,0
3019,'1496392',906,,1123,10,,,0
3019,'1496395',2221,,1126,10,,,0
3019,'1496396',1336,,1127,10,,,0
3019,'1496398',1306,,1129,10,,,0
3019,'1496400',1436,,1131,10,,,0
3019,'1496402',1236,,1133,10,,,0
3019,'1496404',2121,,1135,10,,,0
3019,'1496409',806,,1140,10,,,0
3019,'1496411',1736,,1142,10,,,0
3019,'1496412',1406,,1143,10,,,0
3019,'1496413',1006,,1144,10,,,0
3019,'1496417',1036,,1148,10,,,0
3019,'1496422',1206,,1153,10,,,0
3019,'1496423',1636,,1154,10,,,0
3019,'1496425',936,,1156,10,,,0
3019,'1496426',1506,,1157,10,,,0
3019,'1496427',1821,,1158,10,,,0
3019,'1496429',2320,,1160,10,,,0
3019,'1496432',1921,,1163,10,,,0
3019,'1496434',636,,1165,10,,,0
3019,'1496453',721,,1166,10,,,0
3019,'1496455',1421,,1168,10,,,0
3019,'1496457',821,,1170,10,,,0
3019,'1496458',1121,,1171,10,,,0
3019,'1496459',2221,,1172,10,,,0
3019,'1496460',1821,,1173,10,,,0
3019,'1496463',1321,,1176,10,,,0
3019,'1496465',1921,,1178,10,,,0
3019,'1496467',1621,,1180,10,,,0
3019,'1496468',921,,1181,10,,,0
3019,'1496469',1221,,1182,10,,,0
3019,'1496473',2121,,1186,10,,,0
3019,'1496474',1721,,1187,10,,,0
3019,'1496475',1021,,1188,10,,,0
3019,'1496479',1521,,1192,10,,,0
3019,'1496484',2021,,1197,10,,,0
3019,'1496487',2320,,1200,10,,,0
3019,'1496488',621,,1201,10,,,0
3019,'1496627',721,,1203,10,,,0
3019,'1496629',1421,,1205,10,,,0
3019,'1496631',821,,1207,10,,,0
3019,'1496632',1121,,1208,10,,,0
3019,'1496633',1821,,1209,10,,,0
3019,'1496636',1321,,1212,10,,,0
3019,'1496638',1921,,1214,10,,,0
3019,'1496640',1621,,1216,10,,,0
3019,'1496641',921,,1217,10,,,0
3019,'1496642',1221,,1218,10,,,0
3019,'1496645',2121,,1221,10,,,0
3019,'1496646',1721,,1222,10,,,0
3019,'1496647',1021,,1223,10,,,0
3019,'1496651',1521,,1227,10,,,0
3019,'1496656',2021,,1232,10,,,0
3019,'1496659',2320,,1235,10,,,0
