2029,'1488850',622,,970,10,,,0
2029,'1496221',651,,971,70,,,0
2029,'1496281',651,,972,70,,,0
2029,'1497044',952,,973,107,,,0
2029,'1497045',1452,,974,107,,,0
2029,'1497046',1252,,975,107,,,0
2029,'1497047',1322,,976,107,,,0
2029,'1497048',1622,,977,107,,,0
2029,'1497049',1022,,978,107,,,0
2029,'1497050',852,,979,107,,,0
2029,'1497051',1652,,980,107,,,0
2029,'1497052',1522,,981,107,,,0
2029,'1497053',1122,,982,107,,,0
2029,'1497054',752,,983,107,,,0
2029,'1497055',1352,,984,107,,,0
2029,'1497056',1722,,985,107,,,0
2029,'1497057',1552,,986,107,,,0
2029,'1497058',1422,,987,107,,,0
2029,'1497059',822,,988,107,,,0
2029,'1497060',1752,,989,107,,,0
2029,'1497061',1052,,990,107,,,0
2029,'1497062',922,,991,107,,,0
2029,'1497063',1222,,992,107,,,0
2029,'1497064',1152,,993,107,,,0
2029,'1497065',1822,,994,107,,,0
2029,'1497066',2052,,995,107,,,0
2029,'1497067',952,,996,107,,,0
2029,'1497068',1452,,997,107,,,0
2029,'1497069',1252,,998,107,,,0
2029,'1497070',1852,,999,107,,,0
2029,'1497071',1322,,1000,107,,,0
2029,'1497072',1622,,1001,107,,,0
2029,'1497073',1022,,1002,107,,,0
2029,'1497074',2252,,1003,107,,,0
2029,'1497075',852,,1004,107,,,0
2029,'1497076',1652,,1005,107,,,0
2029,'1497077',1522,,1006,107,,,0
2029,'1497078',2346,,1007,107,,,0
2029,'1497079',1122,,1008,107,,,0
2029,'1497080',752,,1009,107,,,0
2029,'1497081',1352,,1010,107,,,0
2029,'1497082',1952,,1011,107,,,0
2029,'1497083',1722,,1012,107,,,0
2029,'1497084',1552,,1013,107,,,0
2029,'1497085',1422,,1014,107,,,0
2029,'1497086',822,,1015,107,,,0
2029,'1497087',1752,,1016,107,,,0
2029,'1497088',1052,,1017,107,,,0
2029,'1497089',922,,1018,107,,,0
2029,'1497090',2152,,1019,107,,,0
2029,'1497091',1222,,1020,107,,,0
2029,'1497092',1152,,1021,107,,,0
2029,'1497093',1822,,1022,107,,,0
2029,'1497094',1752,,1023,107,,,0
2029,'1497095',1152,,1024,107,,,0
2029,'1497096',2252,,1025,107,,,0
2029,'1497097',2346,,1026,107,,,0
2029,'1497098',1052,,1027,107,,,0
2029,'1497099',2052,,1028,107,,,0
2029,'1497100',952,,1029,107,,,0
2029,'1497101',1552,,1030,107,,,0
2029,'1497102',2152,,1031,107,,,0
2029,'1497103',1852,,1032,107,,,0
2029,'1497104',1252,,1033,107,,,0
2029,'1497105',1452,,1034,107,,,0
2029,'1497106',852,,1035,107,,,0
2029,'1497107',1352,,1036,107,,,0
2029,'1497108',1952,,1037,107,,,0
2029,'1497109',1652,,1038,107,,,0
2029,'1497110',752,,1039,107,,,0
2029,'1497111',1752,,1040,107,,,0
2029,'1497112',1152,,1041,107,,,0
2029,'1497113',2252,,1042,107,,,0
2029,'1497114',2346,,1043,107,,,0
2029,'1497115',1052,,1044,107,,,0
2029,'1497116',2052,,1045,107,,,0
2029,'1497117',952,,1046,107,,,0
2029,'1497118',1552,,1047,107,,,0
2029,'1497119',2152,,1048,107,,,0
2029,'1497120',1852,,1049,107,,,0
2029,'1497121',1252,,1050,107,,,0
2029,'1497122',1452,,1051,107,,,0
2029,'1497123',852,,1052,107,,,0
2029,'1497124',1352,,1053,107,,,0
2029,'1497125',1952,,1054,107,,,0
2029,'1497126',1652,,1055,107,,,0
