3019,'1496125',1648,,1056,118,,,0
3019,'1496128',1818,,1059,118,,,0
3019,'1496129',948,,1060,118,,,0
3019,'1496130',818,,1061,118,,,0
3019,'1496131',1718,,1062,118,,,0
3019,'1496133',1248,,1064,118,,,0
3019,'1496134',1218,,1065,118,,,0
3019,'1496136',848,,1067,118,,,0
3019,'1496138',1018,,1069,118,,,0
3019,'1496141',1448,,1072,118,,,0
3019,'1496142',1418,,1073,118,,,0
3019,'1496144',1548,,1075,118,,,0
3019,'1496146',1348,,1077,118,,,0
3019,'1496151',918,,1082,118,,,0
3019,'1496153',1848,,1084,118,,,0
3019,'1496154',1518,,1085,118,,,0
3019,'1496155',1118,,1086,118,,,0
3019,'1496159',1148,,1090,118,,,0
3019,'1496164',1318,,1095,118,,,0
3019,'1496165',1748,,1096,118,,,0
3019,'1496167',1048,,1098,118,,,0
3019,'1496168',1618,,1099,118,,,0
3019,'1496170',618,,1101,28,,,0
3019,'1496171',648,,1102,62,,,0
3019,'1496173',748,,1104,118,,,0
3019,'1496374',1648,,1105,118,,,0
3019,'1496377',1818,,1108,118,,,0
3019,'1496378',2133,,1109,118,,,0
3019,'1496380',948,,1111,118,,,0
3019,'1496381',818,,1112,118,,,0
3019,'1496382',1718,,1113,118,,,0
3019,'1496385',1248,,1116,118,,,0
3019,'1496386',1218,,1117,118,,,0
3019,'1496388',848,,1119,118,,,0
3019,'1496392',1018,,1123,118,,,0
3019,'1496395',2333,,1126,118,,,0
3019,'1496396',1448,,1127,118,,,0
3019,'1496398',1418,,1129,118,,,0
3019,'1496400',1548,,1131,118,,,0
3019,'1496402',1348,,1133,118,,,0
3019,'1496404',2233,,1135,118,,,0
3019,'1496409',918,,1140,118,,,0
3019,'1496411',1848,,1142,118,,,0
3019,'1496412',1518,,1143,118,,,0
3019,'1496413',1118,,1144,118,,,0
3019,'1496417',1148,,1148,118,,,0
3019,'1496422',1318,,1153,118,,,0
3019,'1496423',1748,,1154,118,,,0
3019,'1496425',1048,,1156,118,,,0
3019,'1496426',1618,,1157,118,,,0
3019,'1496427',1933,,1158,118,,,0
3019,'1496430',618,,1161,28,,,0
3019,'1496431',648,,1162,62,,,0
3019,'1496432',2033,,1163,118,,,0
3019,'1496434',748,,1165,118,,,0
3019,'1496453',833,,1166,118,,,0
3019,'1496455',1533,,1168,118,,,0
3019,'1496457',933,,1170,118,,,0
3019,'1496458',1233,,1171,118,,,0
3019,'1496459',2333,,1172,118,,,0
3019,'1496460',1933,,1173,118,,,0
3019,'1496463',1433,,1176,118,,,0
3019,'1496465',2033,,1178,118,,,0
3019,'1496467',1733,,1180,118,,,0
3019,'1496468',1033,,1181,118,,,0
3019,'1496469',1333,,1182,118,,,0
3019,'1496473',2233,,1186,118,,,0
3019,'1496474',1833,,1187,118,,,0
3019,'1496475',1133,,1188,118,,,0
3019,'1496479',1633,,1192,118,,,0
3019,'1496484',2133,,1197,118,,,0
3019,'1496486',703,,1199,62,,,0
3019,'1496488',733,,1201,118,,,0
3019,'1496627',833,,1203,118,,,0
3019,'1496629',1533,,1205,118,,,0
3019,'1496631',933,,1207,118,,,0
3019,'1496632',1233,,1208,118,,,0
3019,'1496633',1933,,1209,118,,,0
3019,'1496636',1433,,1212,118,,,0
3019,'1496638',2033,,1214,118,,,0
3019,'1496640',1733,,1216,118,,,0
3019,'1496641',1033,,1217,118,,,0
3019,'1496642',1333,,1218,118,,,0
3019,'1496645',2233,,1221,118,,,0
3019,'1496646',1833,,1222,118,,,0
3019,'1496647',1133,,1223,118,,,0
3019,'1496651',1633,,1227,118,,,0
3019,'1496656',2133,,1232,118,,,0
3019,'1496658',803,,1234,62,,,0
