2019,'1496174',1253,,878,75,,,0
2019,'1496175',1423,,879,75,,,0
2019,'1496179',1353,,880,75,,,0
2019,'1496181',1523,,881,75,,,0
2019,'1496183',1023,,882,75,,,0
2019,'1496184',1553,,883,75,,,0
2019,'1496185',953,,884,75,,,0
2019,'1496187',1153,,885,75,,,0
2019,'1496188',923,,886,75,,,0
2019,'1496189',853,,887,75,,,0
2019,'1496191',1053,,888,75,,,0
2019,'1496194',1623,,889,75,,,0
2019,'1496198',753,,890,75,,,0
2019,'1496200',1753,,891,75,,,0
2019,'1496204',1453,,892,75,,,0
2019,'1496206',1123,,893,75,,,0
2019,'1496208',1223,,894,75,,,0
2019,'1496209',1653,,895,75,,,0
2019,'1496210',1823,,896,75,,,0
2019,'1496211',1723,,897,75,,,0
2019,'1496215',823,,898,75,,,0
2019,'1496216',1323,,899,75,,,0
2019,'1496218',723,,900,75,,,0
2019,'1496220',623,,902,43,,,0
2019,'1496223',2308,,903,75,,,0
2019,'1496224',1253,,904,75,,,0
2019,'1496225',1423,,905,75,,,0
2019,'1496227',2208,,906,75,,,0
2019,'1496228',1908,,907,75,,,0
2019,'1496232',1353,,908,75,,,0
2019,'1496234',1523,,909,75,,,0
2019,'1496236',1023,,910,75,,,0
2019,'1496237',1553,,911,75,,,0
2019,'1496238',953,,912,75,,,0
2019,'1496240',1153,,913,75,,,0
2019,'1496242',923,,914,75,,,0
2019,'1496243',853,,915,75,,,0
2019,'1496245',1053,,916,75,,,0
2019,'1496248',1623,,917,75,,,0
2019,'1496253',2108,,918,75,,,0
2019,'1496255',753,,919,75,,,0
2019,'1496257',1753,,920,75,,,0
2019,'1496262',1453,,922,75,,,0
2019,'1496264',1123,,923,75,,,0
2019,'1496266',1223,,924,75,,,0
2019,'1496267',1653,,925,75,,,0
2019,'1496268',1823,,926,75,,,0
2019,'1496269',1723,,927,75,,,0
2019,'1496274',823,,928,75,,,0
2019,'1496275',1323,,929,75,,,0
2019,'1496277',723,,930,75,,,0
2019,'1496279',623,,932,53,,,0
2019,'1496280',2008,,933,75,,,0
2019,'1496490',1808,,934,75,,,0
2019,'1496491',2208,,935,75,,,0
2019,'1496492',1408,,936,75,,,0
2019,'1496494',1208,,937,75,,,0
2019,'1496495',1508,,938,75,,,0
2019,'1496498',2108,,939,75,,,0
2019,'1496499',808,,940,75,,,0
2019,'1496505',1308,,941,75,,,0
2019,'1496507',2308,,942,75,,,0
2019,'1496510',1608,,943,75,,,0
2019,'1496511',1908,,944,75,,,0
2019,'1496512',1108,,945,75,,,0
2019,'1496516',1008,,946,75,,,0
2019,'1496518',908,,947,75,,,0
2019,'1496520',1708,,948,75,,,0
2019,'1496521',2008,,949,75,,,0
2019,'1496523',708,,950,75,,,0
2019,'1496524',638,,951,43,,,0
2019,'1496594',1808,,953,75,,,0
2019,'1496595',2208,,954,75,,,0
2019,'1496596',1408,,955,75,,,0
2019,'1496598',1208,,956,75,,,0
2019,'1496599',1508,,957,75,,,0
2019,'1496602',2108,,958,75,,,0
2019,'1496603',808,,959,75,,,0
2019,'1496609',1308,,960,75,,,0
2019,'1496613',1608,,961,75,,,0
2019,'1496614',1908,,962,75,,,0
2019,'1496615',1108,,963,75,,,0
2019,'1496619',1008,,964,75,,,0
2019,'1496621',908,,965,75,,,0
2019,'1496623',1708,,966,75,,,0
2019,'1496624',2008,,967,75,,,0
2019,'1496625',738,,968,43,,,0
