1019,'1496067',702,,702,4,,,0
1019,'1496069',802,,703,4,,,0
1019,'1496071',1532,,704,4,,,0
1019,'1496072',1632,,705,4,,,0
1019,'1496074',732,,706,4,,,0
1019,'1496075',1432,,707,4,,,0
1019,'1496076',1232,,708,4,,,0
1019,'1496080',1332,,709,4,,,0
1019,'1496085',1032,,710,4,,,0
1019,'1496087',1302,,711,4,,,0
1019,'1496089',832,,712,4,,,0
1019,'1496090',1132,,713,4,,,0
1019,'1496091',932,,714,4,,,0
1019,'1496093',1732,,715,4,,,0
1019,'1496095',1002,,716,4,,,0
1019,'1496097',902,,717,4,,,0
1019,'1496099',1402,,718,4,,,0
1019,'1496100',1502,,719,4,,,0
1019,'1496102',632,,720,4,,,0
1019,'1496103',1202,,721,4,,,0
1019,'1496104',1102,,722,4,,,0
1019,'1496107',1702,,723,4,,,0
1019,'1496109',1602,,724,4,,,0
1019,'1496296',702,,726,4,,,0
1019,'1496298',802,,727,4,,,0
1019,'1496301',1532,,728,4,,,0
1019,'1496302',2117,,729,4,,,0
1019,'1496303',1632,,730,4,,,0
1019,'1496305',732,,731,4,,,0
1019,'1496306',1432,,732,4,,,0
1019,'1496307',1232,,733,4,,,0
1019,'1496308',1802,,734,4,,,0
1019,'1496313',1332,,735,4,,,0
1019,'1496314',1917,,736,4,,,0
1019,'1496315',2017,,737,4,,,0
1019,'1496321',1032,,738,4,,,0
1019,'1496323',1302,,739,4,,,0
1019,'1496326',832,,740,4,,,0
1019,'1496327',1132,,741,4,,,0
1019,'1496328',932,,742,4,,,0
1019,'1496330',2317,,743,4,,,0
1019,'1496331',1732,,744,4,,,0
1019,'1496334',1002,,745,4,,,0
1019,'1496336',902,,746,4,,,0
1019,'1496338',2217,,747,4,,,0
1019,'1496340',1402,,748,4,,,0
1019,'1496341',1502,,749,4,,,0
1019,'1496343',632,,750,4,,,0
1019,'1496344',1202,,751,4,,,0
1019,'1496345',1102,,752,4,,,0
1019,'1496348',1702,,753,4,,,0
1019,'1496350',1602,,754,4,,,0
1019,'1496353',1832,,756,4,,,0
1019,'1496526',1317,,757,4,,,0
1019,'1496529',1917,,758,4,,,0
1019,'1496530',717,,759,4,,,0
1019,'1496531',617,,760,4,,,0
1019,'1496532',2017,,761,4,,,0
1019,'1496536',1017,,762,4,,,0
1019,'1496538',1417,,763,4,,,0
1019,'1496541',1617,,764,4,,,0
1019,'1496543',1117,,765,4,,,0
1019,'1496546',2117,,766,4,,,0
1019,'1496548',1517,,767,4,,,0
1019,'1496549',1717,,768,4,,,0
1019,'1496553',917,,769,4,,,0
1019,'1496554',817,,770,4,,,0
1019,'1496557',1217,,771,4,,,0
1019,'1496558',1817,,772,4,,,0
1019,'1496559',2317,,773,4,,,0
1019,'1496560',2217,,774,4,,,0
1019,'1496561',1317,,775,4,,,0
1019,'1496564',1917,,776,4,,,0
1019,'1496565',717,,777,4,,,0
1019,'1496566',2017,,778,4,,,0
1019,'1496570',1017,,779,4,,,0
1019,'1496572',1417,,780,4,,,0
1019,'1496575',1617,,781,4,,,0
1019,'1496576',1117,,782,4,,,0
1019,'1496579',2117,,783,4,,,0
1019,'1496581',1517,,784,4,,,0
1019,'1496582',1717,,785,4,,,0
1019,'1496586',917,,786,4,,,0
1019,'1496587',817,,787,4,,,0
1019,'1496590',1217,,788,4,,,0
1019,'1496591',1817,,789,4,,,0
1019,'1496592',2317,,790,4,,,0
1019,'1496593',2217,,791,4,,,0
