1019,'1496067',731,,702,39,,,0
1019,'1496069',831,,703,39,,,0
1019,'1496071',1601,,704,39,,,0
1019,'1496072',1701,,705,39,,,0
1019,'1496074',801,,706,39,,,0
1019,'1496075',1501,,707,39,,,0
1019,'1496076',1301,,708,39,,,0
1019,'1496080',1401,,709,39,,,0
1019,'1496085',1101,,710,39,,,0
1019,'1496087',1331,,711,39,,,0
1019,'1496089',901,,712,39,,,0
1019,'1496090',1201,,713,39,,,0
1019,'1496091',1001,,714,39,,,0
1019,'1496093',1801,,715,39,,,0
1019,'1496095',1031,,716,39,,,0
1019,'1496097',931,,717,39,,,0
1019,'1496099',1431,,718,39,,,0
1019,'1496100',1531,,719,39,,,0
1019,'1496102',701,,720,39,,,0
1019,'1496103',1231,,721,39,,,0
1019,'1496104',1131,,722,39,,,0
1019,'1496107',1731,,723,39,,,0
1019,'1496109',1631,,724,39,,,0
1019,'1496110',601,,725,8,,,0
1019,'1496296',731,,726,39,,,0
1019,'1496298',831,,727,39,,,0
1019,'1496301',1601,,728,39,,,0
1019,'1496302',2146,,729,39,,,0
1019,'1496303',1701,,730,39,,,0
1019,'1496305',801,,731,39,,,0
1019,'1496306',1501,,732,39,,,0
1019,'1496307',1301,,733,39,,,0
1019,'1496308',1831,,734,39,,,0
1019,'1496313',1401,,735,39,,,0
1019,'1496314',1946,,736,39,,,0
1019,'1496315',2046,,737,39,,,0
1019,'1496321',1101,,738,39,,,0
1019,'1496323',1331,,739,39,,,0
1019,'1496326',901,,740,39,,,0
1019,'1496327',1201,,741,39,,,0
1019,'1496328',1001,,742,39,,,0
1019,'1496330',2340,,743,39,,,0
1019,'1496331',1801,,744,39,,,0
1019,'1496334',1031,,745,39,,,0
1019,'1496336',931,,746,39,,,0
1019,'1496338',2246,,747,39,,,0
1019,'1496340',1431,,748,39,,,0
1019,'1496341',1531,,749,39,,,0
1019,'1496343',701,,750,39,,,0
1019,'1496344',1231,,751,39,,,0
1019,'1496345',1131,,752,39,,,0
1019,'1496348',1731,,753,39,,,0
1019,'1496350',1631,,754,39,,,0
1019,'1496351',601,,755,8,,,0
1019,'1496353',1901,,756,39,,,0
1019,'1496526',1346,,757,39,,,0
1019,'1496529',1946,,758,39,,,0
1019,'1496530',746,,759,39,,,0
1019,'1496531',646,,760,39,,,0
1019,'1496532',2046,,761,39,,,0
1019,'1496536',1046,,762,39,,,0
1019,'1496538',1446,,763,39,,,0
1019,'1496541',1646,,764,39,,,0
1019,'1496543',1146,,765,39,,,0
1019,'1496546',2146,,766,39,,,0
1019,'1496548',1546,,767,39,,,0
1019,'1496549',1746,,768,39,,,0
1019,'1496553',946,,769,39,,,0
1019,'1496554',846,,770,39,,,0
1019,'1496557',1246,,771,39,,,0
1019,'1496558',1846,,772,39,,,0
1019,'1496559',2341,,773,39,,,0
1019,'1496560',2246,,774,39,,,0
1019,'1496561',1346,,775,39,,,0
1019,'1496564',1946,,776,39,,,0
1019,'1496565',746,,777,39,,,0
1019,'1496566',2046,,778,39,,,0
1019,'1496570',1046,,779,39,,,0
1019,'1496572',1446,,780,39,,,0
1019,'1496575',1646,,781,39,,,0
1019,'1496576',1146,,782,39,,,0
1019,'1496579',2146,,783,39,,,0
1019,'1496581',1546,,784,39,,,0
1019,'1496582',1746,,785,39,,,0
1019,'1496586',946,,786,39,,,0
1019,'1496587',846,,787,39,,,0
1019,'1496590',1246,,788,39,,,0
1019,'1496591',1846,,789,39,,,0
1019,'1496592',2341,,790,39,,,0
1019,'1496593',2246,,791,39,,,0
