1019,'1496067',745,,702,53,,,0
1019,'1496069',845,,703,53,,,0
1019,'1496071',1615,,704,53,,,0
1019,'1496072',1715,,705,53,,,0
1019,'1496074',815,,706,53,,,0
1019,'1496075',1515,,707,53,,,0
1019,'1496076',1315,,708,53,,,0
1019,'1496080',1415,,709,53,,,0
1019,'1496085',1115,,710,53,,,0
1019,'1496087',1345,,711,53,,,0
1019,'1496089',915,,712,53,,,0
1019,'1496090',1215,,713,53,,,0
1019,'1496091',1015,,714,53,,,0
1019,'1496093',1815,,715,53,,,0
1019,'1496095',1045,,716,53,,,0
1019,'1496097',945,,717,53,,,0
1019,'1496099',1445,,718,53,,,0
1019,'1496100',1545,,719,53,,,0
1019,'1496102',715,,720,53,,,0
1019,'1496103',1245,,721,53,,,0
1019,'1496104',1145,,722,53,,,0
1019,'1496107',1745,,723,53,,,0
1019,'1496109',1645,,724,53,,,0
1019,'1496110',615,,725,22,,,0
1019,'1496296',745,,726,53,,,0
1019,'1496298',845,,727,53,,,0
1019,'1496301',1615,,728,53,,,0
1019,'1496302',2200,,729,53,,,0
1019,'1496303',1715,,730,53,,,0
1019,'1496305',815,,731,53,,,0
1019,'1496306',1515,,732,53,,,0
1019,'1496307',1315,,733,53,,,0
1019,'1496308',1845,,734,53,,,0
1019,'1496313',1415,,735,53,,,0
1019,'1496314',2000,,736,53,,,0
1019,'1496315',2100,,737,53,,,0
1019,'1496321',1115,,738,53,,,0
1019,'1496323',1345,,739,53,,,0
1019,'1496326',915,,740,53,,,0
1019,'1496327',1215,,741,53,,,0
1019,'1496328',1015,,742,53,,,0
1019,'1496330',2351,,743,53,,,0
1019,'1496331',1815,,744,53,,,0
1019,'1496334',1045,,745,53,,,0
1019,'1496336',945,,746,53,,,0
1019,'1496338',2300,,747,53,,,0
1019,'1496340',1445,,748,53,,,0
1019,'1496341',1545,,749,53,,,0
1019,'1496343',715,,750,53,,,0
1019,'1496344',1245,,751,53,,,0
1019,'1496345',1145,,752,53,,,0
1019,'1496348',1745,,753,53,,,0
1019,'1496350',1645,,754,53,,,0
1019,'1496351',615,,755,22,,,0
1019,'1496353',1915,,756,53,,,0
1019,'1496526',1400,,757,53,,,0
1019,'1496529',2000,,758,53,,,0
1019,'1496530',800,,759,53,,,0
1019,'1496531',700,,760,53,,,0
1019,'1496532',2100,,761,53,,,0
1019,'1496536',1100,,762,53,,,0
1019,'1496538',1500,,763,53,,,0
1019,'1496541',1700,,764,53,,,0
1019,'1496543',1200,,765,53,,,0
1019,'1496546',2200,,766,53,,,0
1019,'1496548',1600,,767,53,,,0
1019,'1496549',1800,,768,53,,,0
1019,'1496553',1000,,769,53,,,0
1019,'1496554',900,,770,53,,,0
1019,'1496557',1300,,771,53,,,0
1019,'1496558',1900,,772,53,,,0
1019,'1496559',2349,,773,53,,,0
1019,'1496560',2300,,774,53,,,0
1019,'1496561',1400,,775,53,,,0
1019,'1496564',2000,,776,53,,,0
1019,'1496565',800,,777,53,,,0
1019,'1496566',2100,,778,53,,,0
1019,'1496570',1100,,779,53,,,0
1019,'1496572',1500,,780,53,,,0
1019,'1496575',1700,,781,53,,,0
1019,'1496576',1200,,782,53,,,0
1019,'1496579',2200,,783,53,,,0
1019,'1496581',1600,,784,53,,,0
1019,'1496582',1800,,785,53,,,0
1019,'1496586',1000,,786,53,,,0
1019,'1496587',900,,787,53,,,0
1019,'1496590',1300,,788,53,,,0
1019,'1496591',1900,,789,53,,,0
1019,'1496592',2349,,790,53,,,0
1019,'1496593',2300,,791,53,,,0
