1029,'1496065',1500,,792,58,,,0
1029,'1496066',1600,,793,58,,,0
1029,'1496068',1700,,794,58,,,0
1029,'1496070',800,,795,58,,,0
1029,'1496073',1100,,796,58,,,0
1029,'1496077',930,,797,58,,,0
1029,'1496078',1730,,798,58,,,0
1029,'1496079',1630,,799,58,,,0
1029,'1496081',1230,,800,58,,,0
1029,'1496082',1300,,801,58,,,0
1029,'1496083',1430,,802,58,,,0
1029,'1496084',1030,,803,58,,,0
1029,'1496086',730,,804,58,,,0
1029,'1496088',1800,,805,58,,,0
1029,'1496092',1400,,806,58,,,0
1029,'1496094',1000,,807,58,,,0
1029,'1496096',1200,,808,58,,,0
1029,'1496098',900,,809,58,,,0
1029,'1496101',830,,810,58,,,0
1029,'1496105',1530,,811,58,,,0
1029,'1496106',1330,,812,58,,,0
1029,'1496108',1130,,813,58,,,0
1029,'1496111',632,,814,13,,,0
1029,'1496294',1500,,815,58,,,0
1029,'1496295',1600,,816,58,,,0
1029,'1496297',1700,,817,58,,,0
1029,'1496299',800,,818,58,,,0
1029,'1496300',2130,,819,58,,,0
1029,'1496304',1100,,820,58,,,0
1029,'1496309',2030,,821,58,,,0
1029,'1496310',930,,822,58,,,0
1029,'1496311',1730,,823,58,,,0
1029,'1496312',1630,,824,58,,,0
1029,'1496316',1830,,825,58,,,0
1029,'1496317',1230,,826,58,,,0
1029,'1496318',1300,,827,58,,,0
1029,'1496319',1430,,828,58,,,0
1029,'1496320',1030,,829,58,,,0
1029,'1496322',730,,830,58,,,0
1029,'1496324',1900,,831,58,,,0
1029,'1496325',1800,,832,58,,,0
1029,'1496329',1400,,833,58,,,0
1029,'1496332',1000,,834,58,,,0
1029,'1496333',2230,,835,58,,,0
1029,'1496335',1200,,836,58,,,0
1029,'1496337',2330,,837,58,,,0
1029,'1496339',900,,838,58,,,0
1029,'1496342',830,,839,58,,,0
1029,'1496346',1530,,840,58,,,0
1029,'1496347',1330,,841,58,,,0
1029,'1496349',1130,,842,58,,,0
1029,'1496352',632,,843,13,,,0
1029,'1496354',1930,,844,58,,,0
1029,'1496527',1930,,845,58,,,0
1029,'1496528',2130,,846,58,,,0
1029,'1496533',1830,,847,58,,,0
1029,'1496534',2230,,848,58,,,0
1029,'1496535',1330,,849,58,,,0
1029,'1496537',1130,,850,58,,,0
1029,'1496539',1030,,851,58,,,0
1029,'1496540',2030,,852,58,,,0
1029,'1496542',730,,853,58,,,0
1029,'1496544',2330,,854,58,,,0
1029,'1496545',1530,,855,58,,,0
1029,'1496547',1630,,856,58,,,0
1029,'1496550',830,,857,58,,,0
1029,'1496551',1230,,858,58,,,0
1029,'1496552',930,,859,58,,,0
1029,'1496555',1730,,860,58,,,0
1029,'1496556',1430,,861,58,,,0
1029,'1496562',1930,,862,58,,,0
1029,'1496563',2130,,863,58,,,0
1029,'1496567',1830,,864,58,,,0
1029,'1496568',2230,,865,58,,,0
1029,'1496569',1330,,866,58,,,0
1029,'1496571',1130,,867,58,,,0
1029,'1496573',1030,,868,58,,,0
1029,'1496574',2030,,869,58,,,0
1029,'1496577',2330,,870,58,,,0
1029,'1496578',1530,,871,58,,,0
1029,'1496580',1630,,872,58,,,0
1029,'1496583',830,,873,58,,,0
1029,'1496584',1230,,874,58,,,0
1029,'1496585',930,,875,58,,,0
1029,'1496588',1730,,876,58,,,0
1029,'1496589',1430,,877,58,,,0
