4019,'1496112',650,,1237,31,,,0
4019,'1496113',1050,,1238,31,,,0
4019,'1496114',850,,1239,31,,,0
4019,'1496115',1650,,1240,31,,,0
4019,'1496116',950,,1241,31,,,0
4019,'1496117',1150,,1242,31,,,0
4019,'1496118',750,,1243,31,,,0
4019,'1496119',1550,,1244,31,,,0
4019,'1496120',1750,,1245,31,,,0
4019,'1496121',1350,,1246,31,,,0
4019,'1496122',1450,,1247,31,,,0
4019,'1496123',1250,,1248,31,,,0
4019,'1496355',650,,1250,31,,,0
4019,'1496356',2332,,1251,31,,,0
4019,'1496357',1050,,1252,31,,,0
4019,'1496358',850,,1253,31,,,0
4019,'1496359',2035,,1254,31,,,0
4019,'1496360',1650,,1255,31,,,0
4019,'1496361',1850,,1256,31,,,0
4019,'1496362',2135,,1257,31,,,0
4019,'1496363',950,,1258,31,,,0
4019,'1496364',1150,,1259,31,,,0
4019,'1496365',1935,,1260,31,,,0
4019,'1496366',750,,1261,31,,,0
4019,'1496367',1550,,1262,31,,,0
4019,'1496368',1750,,1263,31,,,0
4019,'1496369',1350,,1264,31,,,0
4019,'1496370',1450,,1265,31,,,0
4019,'1496371',2235,,1266,31,,,0
4019,'1496372',1250,,1267,31,,,0
4019,'1496435',835,,1269,31,,,0
4019,'1496436',735,,1270,31,,,0
4019,'1496437',1635,,1271,31,,,0
4019,'1496438',2235,,1272,31,,,0
4019,'1496439',1735,,1273,31,,,0
4019,'1496440',1435,,1274,31,,,0
4019,'1496441',2135,,1275,31,,,0
4019,'1496442',1035,,1276,31,,,0
4019,'1496443',1935,,1277,31,,,0
4019,'1496444',1535,,1278,31,,,0
4019,'1496445',935,,1279,31,,,0
4019,'1496446',1835,,1280,31,,,0
4019,'1496447',1335,,1281,31,,,0
4019,'1496448',635,,1282,31,,,0
4019,'1496449',2035,,1283,31,,,0
4019,'1496450',1135,,1284,31,,,0
4019,'1496451',1235,,1285,31,,,0
4019,'1496452',2332,,1286,31,,,0
4019,'1496661',835,,1287,31,,,0
4019,'1496662',735,,1288,31,,,0
4019,'1496663',1635,,1289,31,,,0
4019,'1496664',2235,,1290,31,,,0
4019,'1496665',1735,,1291,31,,,0
4019,'1496666',1435,,1292,31,,,0
4019,'1496667',2135,,1293,31,,,0
4019,'1496668',1035,,1294,31,,,0
4019,'1496669',1935,,1295,31,,,0
4019,'1496670',1535,,1296,31,,,0
4019,'1496671',935,,1297,31,,,0
4019,'1496672',1835,,1298,31,,,0
4019,'1496673',1335,,1299,31,,,0
4019,'1496674',2035,,1300,31,,,0
4019,'1496675',1135,,1301,31,,,0
4019,'1496676',1235,,1302,31,,,0
4019,'1496677',2332,,1303,31,,,0
