2019,'1496174',1300,,878,88,,,0
2019,'1496175',1430,,879,88,,,0
2019,'1496179',1400,,880,88,,,0
2019,'1496181',1530,,881,88,,,0
2019,'1496183',1030,,882,88,,,0
2019,'1496184',1600,,883,88,,,0
2019,'1496185',1000,,884,88,,,0
2019,'1496187',1200,,885,88,,,0
2019,'1496188',930,,886,88,,,0
2019,'1496189',900,,887,88,,,0
2019,'1496191',1100,,888,88,,,0
2019,'1496194',1630,,889,88,,,0
2019,'1496198',800,,890,88,,,0
2019,'1496200',1800,,891,88,,,0
2019,'1496204',1500,,892,88,,,0
2019,'1496206',1130,,893,88,,,0
2019,'1496208',1230,,894,88,,,0
2019,'1496209',1700,,895,88,,,0
2019,'1496210',1830,,896,88,,,0
2019,'1496211',1730,,897,88,,,0
2019,'1496215',830,,898,88,,,0
2019,'1496216',1330,,899,88,,,0
2019,'1496218',730,,900,88,,,0
2019,'1496219',600,,901,2,,,0
2019,'1496220',630,,902,56,,,0
2019,'1496223',2315,,903,88,,,0
2019,'1496224',1300,,904,88,,,0
2019,'1496225',1430,,905,88,,,0
2019,'1496227',2215,,906,88,,,0
2019,'1496228',1915,,907,88,,,0
2019,'1496232',1400,,908,88,,,0
2019,'1496234',1530,,909,88,,,0
2019,'1496236',1030,,910,88,,,0
2019,'1496237',1600,,911,88,,,0
2019,'1496238',1000,,912,88,,,0
2019,'1496240',1200,,913,88,,,0
2019,'1496242',930,,914,88,,,0
2019,'1496243',900,,915,88,,,0
2019,'1496245',1100,,916,88,,,0
2019,'1496248',1630,,917,88,,,0
2019,'1496253',2115,,918,88,,,0
2019,'1496255',800,,919,88,,,0
2019,'1496257',1800,,920,88,,,0
2019,'1496262',1500,,922,88,,,0
2019,'1496264',1130,,923,88,,,0
2019,'1496266',1230,,924,88,,,0
2019,'1496267',1700,,925,88,,,0
2019,'1496268',1830,,926,88,,,0
2019,'1496269',1730,,927,88,,,0
2019,'1496274',830,,928,88,,,0
2019,'1496275',1330,,929,88,,,0
2019,'1496277',730,,930,88,,,0
2019,'1496278',600,,931,2,,,0
2019,'1496279',630,,932,66,,,0
2019,'1496280',2015,,933,88,,,0
2019,'1496490',1815,,934,88,,,0
2019,'1496491',2215,,935,88,,,0
2019,'1496492',1415,,936,88,,,0
2019,'1496494',1215,,937,88,,,0
2019,'1496495',1515,,938,88,,,0
2019,'1496498',2115,,939,88,,,0
2019,'1496499',815,,940,88,,,0
2019,'1496505',1315,,941,88,,,0
2019,'1496507',2315,,942,88,,,0
2019,'1496510',1615,,943,88,,,0
2019,'1496511',1915,,944,88,,,0
2019,'1496512',1115,,945,88,,,0
2019,'1496516',1015,,946,88,,,0
2019,'1496518',915,,947,88,,,0
2019,'1496520',1715,,948,88,,,0
2019,'1496521',2015,,949,88,,,0
2019,'1496523',715,,950,88,,,0
2019,'1496524',645,,951,56,,,0
2019,'1496594',1815,,953,88,,,0
2019,'1496595',2215,,954,88,,,0
2019,'1496596',1415,,955,88,,,0
2019,'1496598',1215,,956,88,,,0
2019,'1496599',1515,,957,88,,,0
2019,'1496602',2115,,958,88,,,0
2019,'1496603',815,,959,88,,,0
2019,'1496609',1315,,960,88,,,0
2019,'1496613',1615,,961,88,,,0
2019,'1496614',1915,,962,88,,,0
2019,'1496615',1115,,963,88,,,0
2019,'1496619',1015,,964,88,,,0
2019,'1496621',915,,965,88,,,0
2019,'1496623',1715,,966,88,,,0
2019,'1496624',2015,,967,88,,,0
2019,'1496625',745,,968,56,,,0
