2019,'1496174',1250,,878,71,,,0
2019,'1496175',1420,,879,71,,,0
2019,'1496179',1350,,880,71,,,0
2019,'1496181',1520,,881,71,,,0
2019,'1496183',1020,,882,71,,,0
2019,'1496184',1550,,883,71,,,0
2019,'1496185',950,,884,71,,,0
2019,'1496187',1150,,885,71,,,0
2019,'1496188',920,,886,71,,,0
2019,'1496189',850,,887,71,,,0
2019,'1496191',1050,,888,71,,,0
2019,'1496194',1620,,889,71,,,0
2019,'1496198',750,,890,71,,,0
2019,'1496200',1750,,891,71,,,0
2019,'1496204',1450,,892,71,,,0
2019,'1496206',1120,,893,71,,,0
2019,'1496208',1220,,894,71,,,0
2019,'1496209',1650,,895,71,,,0
2019,'1496210',1820,,896,71,,,0
2019,'1496211',1720,,897,71,,,0
2019,'1496215',820,,898,71,,,0
2019,'1496216',1320,,899,71,,,0
2019,'1496218',720,,900,71,,,0
2019,'1496220',620,,902,39,,,0
2019,'1496223',2305,,903,71,,,0
2019,'1496224',1250,,904,71,,,0
2019,'1496225',1420,,905,71,,,0
2019,'1496227',2205,,906,71,,,0
2019,'1496228',1905,,907,71,,,0
2019,'1496232',1350,,908,71,,,0
2019,'1496234',1520,,909,71,,,0
2019,'1496236',1020,,910,71,,,0
2019,'1496237',1550,,911,71,,,0
2019,'1496238',950,,912,71,,,0
2019,'1496240',1150,,913,71,,,0
2019,'1496242',920,,914,71,,,0
2019,'1496243',850,,915,71,,,0
2019,'1496245',1050,,916,71,,,0
2019,'1496248',1620,,917,71,,,0
2019,'1496253',2105,,918,71,,,0
2019,'1496255',750,,919,71,,,0
2019,'1496257',1750,,920,71,,,0
2019,'1496262',1450,,922,71,,,0
2019,'1496264',1120,,923,71,,,0
2019,'1496266',1220,,924,71,,,0
2019,'1496267',1650,,925,71,,,0
2019,'1496268',1820,,926,71,,,0
2019,'1496269',1720,,927,71,,,0
2019,'1496274',820,,928,71,,,0
2019,'1496275',1320,,929,71,,,0
2019,'1496277',720,,930,71,,,0
2019,'1496279',620,,932,49,,,0
2019,'1496280',2005,,933,71,,,0
2019,'1496490',1805,,934,71,,,0
2019,'1496491',2205,,935,71,,,0
2019,'1496492',1405,,936,71,,,0
2019,'1496494',1205,,937,71,,,0
2019,'1496495',1505,,938,71,,,0
2019,'1496498',2105,,939,71,,,0
2019,'1496499',805,,940,71,,,0
2019,'1496505',1305,,941,71,,,0
2019,'1496507',2305,,942,71,,,0
2019,'1496510',1605,,943,71,,,0
2019,'1496511',1905,,944,71,,,0
2019,'1496512',1105,,945,71,,,0
2019,'1496516',1005,,946,71,,,0
2019,'1496518',905,,947,71,,,0
2019,'1496520',1705,,948,71,,,0
2019,'1496521',2005,,949,71,,,0
2019,'1496523',705,,950,71,,,0
2019,'1496524',635,,951,39,,,0
2019,'1496594',1805,,953,71,,,0
2019,'1496595',2205,,954,71,,,0
2019,'1496596',1405,,955,71,,,0
2019,'1496598',1205,,956,71,,,0
2019,'1496599',1505,,957,71,,,0
2019,'1496602',2105,,958,71,,,0
2019,'1496603',805,,959,71,,,0
2019,'1496609',1305,,960,71,,,0
2019,'1496613',1605,,961,71,,,0
2019,'1496614',1905,,962,71,,,0
2019,'1496615',1105,,963,71,,,0
2019,'1496619',1005,,964,71,,,0
2019,'1496621',905,,965,71,,,0
2019,'1496623',1705,,966,71,,,0
2019,'1496624',2005,,967,71,,,0
2019,'1496625',735,,968,39,,,0
