4019,'1496112',640,,1237,18,,,0
4019,'1496113',1040,,1238,18,,,0
4019,'1496114',840,,1239,18,,,0
4019,'1496115',1640,,1240,18,,,0
4019,'1496116',940,,1241,18,,,0
4019,'1496117',1140,,1242,18,,,0
4019,'1496118',740,,1243,18,,,0
4019,'1496119',1540,,1244,18,,,0
4019,'1496120',1740,,1245,18,,,0
4019,'1496121',1340,,1246,18,,,0
4019,'1496122',1440,,1247,18,,,0
4019,'1496123',1240,,1248,18,,,0
4019,'1496355',640,,1250,18,,,0
4019,'1496356',2324,,1251,18,,,0
4019,'1496357',1040,,1252,18,,,0
4019,'1496358',840,,1253,18,,,0
4019,'1496359',2025,,1254,18,,,0
4019,'1496360',1640,,1255,18,,,0
4019,'1496361',1840,,1256,18,,,0
4019,'1496362',2125,,1257,18,,,0
4019,'1496363',940,,1258,18,,,0
4019,'1496364',1140,,1259,18,,,0
4019,'1496365',1925,,1260,18,,,0
4019,'1496366',740,,1261,18,,,0
4019,'1496367',1540,,1262,18,,,0
4019,'1496368',1740,,1263,18,,,0
4019,'1496369',1340,,1264,18,,,0
4019,'1496370',1440,,1265,18,,,0
4019,'1496371',2225,,1266,18,,,0
4019,'1496372',1240,,1267,18,,,0
4019,'1496435',825,,1269,18,,,0
4019,'1496436',725,,1270,18,,,0
4019,'1496437',1625,,1271,18,,,0
4019,'1496438',2225,,1272,18,,,0
4019,'1496439',1725,,1273,18,,,0
4019,'1496440',1425,,1274,18,,,0
4019,'1496441',2125,,1275,18,,,0
4019,'1496442',1025,,1276,18,,,0
4019,'1496443',1925,,1277,18,,,0
4019,'1496444',1525,,1278,18,,,0
4019,'1496445',925,,1279,18,,,0
4019,'1496446',1825,,1280,18,,,0
4019,'1496447',1325,,1281,18,,,0
4019,'1496448',625,,1282,18,,,0
4019,'1496449',2025,,1283,18,,,0
4019,'1496450',1125,,1284,18,,,0
4019,'1496451',1225,,1285,18,,,0
4019,'1496452',2324,,1286,18,,,0
4019,'1496661',825,,1287,18,,,0
4019,'1496662',725,,1288,18,,,0
4019,'1496663',1625,,1289,18,,,0
4019,'1496664',2225,,1290,18,,,0
4019,'1496665',1725,,1291,18,,,0
4019,'1496666',1425,,1292,18,,,0
4019,'1496667',2125,,1293,18,,,0
4019,'1496668',1025,,1294,18,,,0
4019,'1496669',1925,,1295,18,,,0
4019,'1496670',1525,,1296,18,,,0
4019,'1496671',925,,1297,18,,,0
4019,'1496672',1825,,1298,18,,,0
4019,'1496673',1325,,1299,18,,,0
4019,'1496674',2025,,1300,18,,,0
4019,'1496675',1125,,1301,18,,,0
4019,'1496676',1225,,1302,18,,,0
4019,'1496677',2324,,1303,18,,,0
