1019,'1496067',703,,702,7,,,0
1019,'1496069',803,,703,7,,,0
1019,'1496071',1533,,704,7,,,0
1019,'1496072',1633,,705,7,,,0
1019,'1496074',733,,706,7,,,0
1019,'1496075',1433,,707,7,,,0
1019,'1496076',1233,,708,7,,,0
1019,'1496080',1333,,709,7,,,0
1019,'1496085',1033,,710,7,,,0
1019,'1496087',1303,,711,7,,,0
1019,'1496089',833,,712,7,,,0
1019,'1496090',1133,,713,7,,,0
1019,'1496091',933,,714,7,,,0
1019,'1496093',1733,,715,7,,,0
1019,'1496095',1003,,716,7,,,0
1019,'1496097',903,,717,7,,,0
1019,'1496099',1403,,718,7,,,0
1019,'1496100',1503,,719,7,,,0
1019,'1496102',633,,720,7,,,0
1019,'1496103',1203,,721,7,,,0
1019,'1496104',1103,,722,7,,,0
1019,'1496107',1703,,723,7,,,0
1019,'1496109',1603,,724,7,,,0
1019,'1496296',703,,726,7,,,0
1019,'1496298',803,,727,7,,,0
1019,'1496301',1533,,728,7,,,0
1019,'1496302',2118,,729,7,,,0
1019,'1496303',1633,,730,7,,,0
1019,'1496305',733,,731,7,,,0
1019,'1496306',1433,,732,7,,,0
1019,'1496307',1233,,733,7,,,0
1019,'1496308',1803,,734,7,,,0
1019,'1496313',1333,,735,7,,,0
1019,'1496314',1918,,736,7,,,0
1019,'1496315',2018,,737,7,,,0
1019,'1496321',1033,,738,7,,,0
1019,'1496323',1303,,739,7,,,0
1019,'1496326',833,,740,7,,,0
1019,'1496327',1133,,741,7,,,0
1019,'1496328',933,,742,7,,,0
1019,'1496330',2318,,743,7,,,0
1019,'1496331',1733,,744,7,,,0
1019,'1496334',1003,,745,7,,,0
1019,'1496336',903,,746,7,,,0
1019,'1496338',2218,,747,7,,,0
1019,'1496340',1403,,748,7,,,0
1019,'1496341',1503,,749,7,,,0
1019,'1496343',633,,750,7,,,0
1019,'1496344',1203,,751,7,,,0
1019,'1496345',1103,,752,7,,,0
1019,'1496348',1703,,753,7,,,0
1019,'1496350',1603,,754,7,,,0
1019,'1496353',1833,,756,7,,,0
1019,'1496526',1318,,757,7,,,0
1019,'1496529',1918,,758,7,,,0
1019,'1496530',718,,759,7,,,0
1019,'1496531',618,,760,7,,,0
1019,'1496532',2018,,761,7,,,0
1019,'1496536',1018,,762,7,,,0
1019,'1496538',1418,,763,7,,,0
1019,'1496541',1618,,764,7,,,0
1019,'1496543',1118,,765,7,,,0
1019,'1496546',2118,,766,7,,,0
1019,'1496548',1518,,767,7,,,0
1019,'1496549',1718,,768,7,,,0
1019,'1496553',918,,769,7,,,0
1019,'1496554',818,,770,7,,,0
1019,'1496557',1218,,771,7,,,0
1019,'1496558',1818,,772,7,,,0
1019,'1496559',2318,,773,7,,,0
1019,'1496560',2218,,774,7,,,0
1019,'1496561',1318,,775,7,,,0
1019,'1496564',1918,,776,7,,,0
1019,'1496565',718,,777,7,,,0
1019,'1496566',2018,,778,7,,,0
1019,'1496570',1018,,779,7,,,0
1019,'1496572',1418,,780,7,,,0
1019,'1496575',1618,,781,7,,,0
1019,'1496576',1118,,782,7,,,0
1019,'1496579',2118,,783,7,,,0
1019,'1496581',1518,,784,7,,,0
1019,'1496582',1718,,785,7,,,0
1019,'1496586',918,,786,7,,,0
1019,'1496587',818,,787,7,,,0
1019,'1496590',1218,,788,7,,,0
1019,'1496591',1818,,789,7,,,0
1019,'1496592',2318,,790,7,,,0
1019,'1496593',2218,,791,7,,,0
