2019,'1496174',1324,,878,127,,,0
2019,'1496175',1454,,879,127,,,0
2019,'1496179',1424,,880,127,,,0
2019,'1496181',1554,,881,127,,,0
2019,'1496183',1054,,882,127,,,0
2019,'1496184',1624,,883,127,,,0
2019,'1496185',1024,,884,127,,,0
2019,'1496187',1224,,885,127,,,0
2019,'1496188',954,,886,127,,,0
2019,'1496189',924,,887,127,,,0
2019,'1496191',1124,,888,127,,,0
2019,'1496194',1654,,889,127,,,0
2019,'1496198',824,,890,127,,,0
2019,'1496200',1824,,891,127,,,0
2019,'1496204',1524,,892,127,,,0
2019,'1496206',1154,,893,127,,,0
2019,'1496208',1254,,894,127,,,0
2019,'1496209',1724,,895,127,,,0
2019,'1496210',1854,,896,127,,,0
2019,'1496211',1754,,897,127,,,0
2019,'1496215',854,,898,127,,,0
2019,'1496216',1354,,899,127,,,0
2019,'1496218',754,,900,127,,,0
2019,'1496219',624,,901,41,,,0
2019,'1496220',654,,902,95,,,0
2019,'1496223',2339,,903,127,,,0
2019,'1496224',1324,,904,127,,,0
2019,'1496225',1454,,905,127,,,0
2019,'1496227',2239,,906,127,,,0
2019,'1496228',1939,,907,127,,,0
2019,'1496232',1424,,908,127,,,0
2019,'1496234',1554,,909,127,,,0
2019,'1496236',1054,,910,127,,,0
2019,'1496237',1624,,911,127,,,0
2019,'1496238',1024,,912,127,,,0
2019,'1496240',1224,,913,127,,,0
2019,'1496242',954,,914,127,,,0
2019,'1496243',924,,915,127,,,0
2019,'1496245',1124,,916,127,,,0
2019,'1496248',1654,,917,127,,,0
2019,'1496253',2139,,918,127,,,0
2019,'1496255',824,,919,127,,,0
2019,'1496257',1824,,920,127,,,0
2019,'1496262',1524,,922,127,,,0
2019,'1496264',1154,,923,127,,,0
2019,'1496266',1254,,924,127,,,0
2019,'1496267',1724,,925,127,,,0
2019,'1496268',1854,,926,127,,,0
2019,'1496269',1754,,927,127,,,0
2019,'1496274',854,,928,127,,,0
2019,'1496275',1354,,929,127,,,0
2019,'1496277',754,,930,127,,,0
2019,'1496278',624,,931,41,,,0
2019,'1496279',654,,932,105,,,0
2019,'1496280',2039,,933,127,,,0
2019,'1496490',1839,,934,127,,,0
2019,'1496491',2239,,935,127,,,0
2019,'1496492',1439,,936,127,,,0
2019,'1496494',1239,,937,127,,,0
2019,'1496495',1539,,938,127,,,0
2019,'1496498',2139,,939,127,,,0
2019,'1496499',839,,940,127,,,0
2019,'1496505',1339,,941,127,,,0
2019,'1496507',2339,,942,127,,,0
2019,'1496510',1639,,943,127,,,0
2019,'1496511',1939,,944,127,,,0
2019,'1496512',1139,,945,127,,,0
2019,'1496516',1039,,946,127,,,0
2019,'1496518',939,,947,127,,,0
2019,'1496520',1739,,948,127,,,0
2019,'1496521',2039,,949,127,,,0
2019,'1496523',739,,950,127,,,0
2019,'1496524',709,,951,95,,,0
2019,'1496594',1839,,953,127,,,0
2019,'1496595',2239,,954,127,,,0
2019,'1496596',1439,,955,127,,,0
2019,'1496598',1239,,956,127,,,0
2019,'1496599',1539,,957,127,,,0
2019,'1496602',2139,,958,127,,,0
2019,'1496603',839,,959,127,,,0
2019,'1496609',1339,,960,127,,,0
2019,'1496613',1639,,961,127,,,0
2019,'1496614',1939,,962,127,,,0
2019,'1496615',1139,,963,127,,,0
2019,'1496619',1039,,964,127,,,0
2019,'1496621',939,,965,127,,,0
2019,'1496623',1739,,966,127,,,0
2019,'1496624',2039,,967,127,,,0
2019,'1496625',809,,968,95,,,0
3019,'1496125',1654,,1056,129,,,0
3019,'1496128',1824,,1059,129,,,0
3019,'1496129',954,,1060,129,,,0
3019,'1496130',824,,1061,129,,,0
3019,'1496131',1724,,1062,129,,,0
3019,'1496133',1254,,1064,129,,,0
3019,'1496134',1224,,1065,129,,,0
3019,'1496136',854,,1067,129,,,0
3019,'1496138',1024,,1069,129,,,0
3019,'1496141',1454,,1072,129,,,0
3019,'1496142',1424,,1073,129,,,0
3019,'1496144',1554,,1075,129,,,0
3019,'1496146',1354,,1077,129,,,0
3019,'1496151',924,,1082,129,,,0
3019,'1496153',1854,,1084,129,,,0
3019,'1496154',1524,,1085,129,,,0
3019,'1496155',1124,,1086,129,,,0
3019,'1496159',1154,,1090,129,,,0
3019,'1496164',1324,,1095,129,,,0
3019,'1496165',1754,,1096,129,,,0
3019,'1496167',1054,,1098,129,,,0
3019,'1496168',1624,,1099,129,,,0
3019,'1496170',624,,1101,39,,,0
3019,'1496171',654,,1102,73,,,0
3019,'1496173',754,,1104,129,,,0
3019,'1496374',1654,,1105,129,,,0
3019,'1496377',1824,,1108,129,,,0
3019,'1496378',2139,,1109,129,,,0
3019,'1496380',954,,1111,129,,,0
3019,'1496381',824,,1112,129,,,0
3019,'1496382',1724,,1113,129,,,0
3019,'1496385',1254,,1116,129,,,0
3019,'1496386',1224,,1117,129,,,0
3019,'1496388',854,,1119,129,,,0
3019,'1496392',1024,,1123,129,,,0
3019,'1496395',2339,,1126,129,,,0
3019,'1496396',1454,,1127,129,,,0
3019,'1496398',1424,,1129,129,,,0
3019,'1496400',1554,,1131,129,,,0
3019,'1496402',1354,,1133,129,,,0
3019,'1496404',2239,,1135,129,,,0
3019,'1496409',924,,1140,129,,,0
3019,'1496411',1854,,1142,129,,,0
3019,'1496412',1524,,1143,129,,,0
3019,'1496413',1124,,1144,129,,,0
3019,'1496417',1154,,1148,129,,,0
3019,'1496422',1324,,1153,129,,,0
3019,'1496423',1754,,1154,129,,,0
3019,'1496425',1054,,1156,129,,,0
3019,'1496426',1624,,1157,129,,,0
3019,'1496427',1939,,1158,129,,,0
3019,'1496430',624,,1161,39,,,0
3019,'1496431',654,,1162,73,,,0
3019,'1496432',2039,,1163,129,,,0
3019,'1496434',754,,1165,129,,,0
3019,'1496453',839,,1166,129,,,0
3019,'1496455',1539,,1168,129,,,0
3019,'1496457',939,,1170,129,,,0
3019,'1496458',1239,,1171,129,,,0
3019,'1496459',2339,,1172,129,,,0
3019,'1496460',1939,,1173,129,,,0
3019,'1496463',1439,,1176,129,,,0
3019,'1496465',2039,,1178,129,,,0
3019,'1496467',1739,,1180,129,,,0
3019,'1496468',1039,,1181,129,,,0
3019,'1496469',1339,,1182,129,,,0
3019,'1496473',2239,,1186,129,,,0
3019,'1496474',1839,,1187,129,,,0
3019,'1496475',1139,,1188,129,,,0
3019,'1496479',1639,,1192,129,,,0
3019,'1496484',2139,,1197,129,,,0
3019,'1496486',709,,1199,73,,,0
3019,'1496488',739,,1201,129,,,0
3019,'1496627',839,,1203,129,,,0
3019,'1496629',1539,,1205,129,,,0
3019,'1496631',939,,1207,129,,,0
3019,'1496632',1239,,1208,129,,,0
3019,'1496633',1939,,1209,129,,,0
3019,'1496636',1439,,1212,129,,,0
3019,'1496638',2039,,1214,129,,,0
3019,'1496640',1739,,1216,129,,,0
3019,'1496641',1039,,1217,129,,,0
3019,'1496642',1339,,1218,129,,,0
3019,'1496645',2239,,1221,129,,,0
3019,'1496646',1839,,1222,129,,,0
3019,'1496647',1139,,1223,129,,,0
3019,'1496651',1639,,1227,129,,,0
3019,'1496656',2139,,1232,129,,,0
3019,'1496658',809,,1234,73,,,0
