3019,'1496125',1541,,1056,21,,,0
3019,'1496128',1711,,1059,21,,,0
3019,'1496129',841,,1060,21,,,0
3019,'1496130',711,,1061,21,,,0
3019,'1496131',1611,,1062,21,,,0
3019,'1496133',1141,,1064,21,,,0
3019,'1496134',1111,,1065,21,,,0
3019,'1496136',741,,1067,21,,,0
3019,'1496138',911,,1069,21,,,0
3019,'1496141',1341,,1072,21,,,0
3019,'1496142',1311,,1073,21,,,0
3019,'1496144',1441,,1075,21,,,0
3019,'1496146',1241,,1077,21,,,0
3019,'1496151',811,,1082,21,,,0
3019,'1496153',1741,,1084,21,,,0
3019,'1496154',1411,,1085,21,,,0
3019,'1496155',1011,,1086,21,,,0
3019,'1496159',1041,,1090,21,,,0
3019,'1496164',1211,,1095,21,,,0
3019,'1496165',1641,,1096,21,,,0
3019,'1496167',941,,1098,21,,,0
3019,'1496168',1511,,1099,21,,,0
3019,'1496173',641,,1104,21,,,0
3019,'1496374',1541,,1105,21,,,0
3019,'1496377',1711,,1108,21,,,0
3019,'1496378',2026,,1109,21,,,0
3019,'1496380',841,,1111,21,,,0
3019,'1496381',711,,1112,21,,,0
3019,'1496382',1611,,1113,21,,,0
3019,'1496385',1141,,1116,21,,,0
3019,'1496386',1111,,1117,21,,,0
3019,'1496388',741,,1119,21,,,0
3019,'1496392',911,,1123,21,,,0
3019,'1496395',2226,,1126,21,,,0
3019,'1496396',1341,,1127,21,,,0
3019,'1496398',1311,,1129,21,,,0
3019,'1496400',1441,,1131,21,,,0
3019,'1496402',1241,,1133,21,,,0
3019,'1496404',2126,,1135,21,,,0
3019,'1496409',811,,1140,21,,,0
3019,'1496411',1741,,1142,21,,,0
3019,'1496412',1411,,1143,21,,,0
3019,'1496413',1011,,1144,21,,,0
3019,'1496417',1041,,1148,21,,,0
3019,'1496422',1211,,1153,21,,,0
3019,'1496423',1641,,1154,21,,,0
3019,'1496425',941,,1156,21,,,0
3019,'1496426',1511,,1157,21,,,0
3019,'1496427',1826,,1158,21,,,0
3019,'1496429',2324,,1160,21,,,0
3019,'1496432',1926,,1163,21,,,0
3019,'1496434',641,,1165,21,,,0
3019,'1496453',726,,1166,21,,,0
3019,'1496455',1426,,1168,21,,,0
3019,'1496457',826,,1170,21,,,0
3019,'1496458',1126,,1171,21,,,0
3019,'1496459',2226,,1172,21,,,0
3019,'1496460',1826,,1173,21,,,0
3019,'1496463',1326,,1176,21,,,0
3019,'1496465',1926,,1178,21,,,0
3019,'1496467',1626,,1180,21,,,0
3019,'1496468',926,,1181,21,,,0
3019,'1496469',1226,,1182,21,,,0
3019,'1496473',2126,,1186,21,,,0
3019,'1496474',1726,,1187,21,,,0
3019,'1496475',1026,,1188,21,,,0
3019,'1496479',1526,,1192,21,,,0
3019,'1496484',2026,,1197,21,,,0
3019,'1496487',2324,,1200,21,,,0
3019,'1496488',626,,1201,21,,,0
3019,'1496627',726,,1203,21,,,0
3019,'1496629',1426,,1205,21,,,0
3019,'1496631',826,,1207,21,,,0
3019,'1496632',1126,,1208,21,,,0
3019,'1496633',1826,,1209,21,,,0
3019,'1496636',1326,,1212,21,,,0
3019,'1496638',1926,,1214,21,,,0
3019,'1496640',1626,,1216,21,,,0
3019,'1496641',926,,1217,21,,,0
3019,'1496642',1226,,1218,21,,,0
3019,'1496645',2126,,1221,21,,,0
3019,'1496646',1726,,1222,21,,,0
3019,'1496647',1026,,1223,21,,,0
3019,'1496651',1526,,1227,21,,,0
3019,'1496656',2026,,1232,21,,,0
3019,'1496659',2324,,1235,21,,,0
