2029,'1496221',624,,971,29,,,0
2029,'1496281',624,,972,29,,,0
2029,'1497044',925,,973,66,,,0
2029,'1497045',1425,,974,66,,,0
2029,'1497046',1225,,975,66,,,0
2029,'1497047',1255,,976,66,,,0
2029,'1497048',1555,,977,66,,,0
2029,'1497049',955,,978,66,,,0
2029,'1497050',825,,979,66,,,0
2029,'1497051',1625,,980,66,,,0
2029,'1497052',1455,,981,66,,,0
2029,'1497053',1055,,982,66,,,0
2029,'1497054',725,,983,66,,,0
2029,'1497055',1325,,984,66,,,0
2029,'1497056',1655,,985,66,,,0
2029,'1497057',1525,,986,66,,,0
2029,'1497058',1355,,987,66,,,0
2029,'1497059',755,,988,66,,,0
2029,'1497060',1725,,989,66,,,0
2029,'1497061',1025,,990,66,,,0
2029,'1497062',855,,991,66,,,0
2029,'1497063',1155,,992,66,,,0
2029,'1497064',1125,,993,66,,,0
2029,'1497065',1755,,994,66,,,0
2029,'1497066',2025,,995,66,,,0
2029,'1497067',925,,996,66,,,0
2029,'1497068',1425,,997,66,,,0
2029,'1497069',1225,,998,66,,,0
2029,'1497070',1825,,999,66,,,0
2029,'1497071',1255,,1000,66,,,0
2029,'1497072',1555,,1001,66,,,0
2029,'1497073',955,,1002,66,,,0
2029,'1497074',2225,,1003,66,,,0
2029,'1497075',825,,1004,66,,,0
2029,'1497076',1625,,1005,66,,,0
2029,'1497077',1455,,1006,66,,,0
2029,'1497078',2322,,1007,66,,,0
2029,'1497079',1055,,1008,66,,,0
2029,'1497080',725,,1009,66,,,0
2029,'1497081',1325,,1010,66,,,0
2029,'1497082',1925,,1011,66,,,0
2029,'1497083',1655,,1012,66,,,0
2029,'1497084',1525,,1013,66,,,0
2029,'1497085',1355,,1014,66,,,0
2029,'1497086',755,,1015,66,,,0
2029,'1497087',1725,,1016,66,,,0
2029,'1497088',1025,,1017,66,,,0
2029,'1497089',855,,1018,66,,,0
2029,'1497090',2125,,1019,66,,,0
2029,'1497091',1155,,1020,66,,,0
2029,'1497092',1125,,1021,66,,,0
2029,'1497093',1755,,1022,66,,,0
2029,'1497094',1725,,1023,66,,,0
2029,'1497095',1125,,1024,66,,,0
2029,'1497096',2225,,1025,66,,,0
2029,'1497097',2322,,1026,66,,,0
2029,'1497098',1025,,1027,66,,,0
2029,'1497099',2025,,1028,66,,,0
2029,'1497100',925,,1029,66,,,0
2029,'1497101',1525,,1030,66,,,0
2029,'1497102',2125,,1031,66,,,0
2029,'1497103',1825,,1032,66,,,0
2029,'1497104',1225,,1033,66,,,0
2029,'1497105',1425,,1034,66,,,0
2029,'1497106',825,,1035,66,,,0
2029,'1497107',1325,,1036,66,,,0
2029,'1497108',1925,,1037,66,,,0
2029,'1497109',1625,,1038,66,,,0
2029,'1497110',725,,1039,66,,,0
2029,'1497111',1725,,1040,66,,,0
2029,'1497112',1125,,1041,66,,,0
2029,'1497113',2225,,1042,66,,,0
2029,'1497114',2322,,1043,66,,,0
2029,'1497115',1025,,1044,66,,,0
2029,'1497116',2025,,1045,66,,,0
2029,'1497117',925,,1046,66,,,0
2029,'1497118',1525,,1047,66,,,0
2029,'1497119',2125,,1048,66,,,0
2029,'1497120',1825,,1049,66,,,0
2029,'1497121',1225,,1050,66,,,0
2029,'1497122',1425,,1051,66,,,0
2029,'1497123',825,,1052,66,,,0
2029,'1497124',1325,,1053,66,,,0
2029,'1497125',1925,,1054,66,,,0
2029,'1497126',1625,,1055,66,,,0
4019,'1496112',715,,1237,67,,,0
4019,'1496113',1115,,1238,67,,,0
4019,'1496114',915,,1239,67,,,0
4019,'1496115',1715,,1240,67,,,0
4019,'1496116',1015,,1241,67,,,0
4019,'1496117',1215,,1242,67,,,0
4019,'1496118',815,,1243,67,,,0
4019,'1496119',1615,,1244,67,,,0
4019,'1496120',1815,,1245,67,,,0
4019,'1496121',1415,,1246,67,,,0
4019,'1496122',1515,,1247,67,,,0
4019,'1496123',1315,,1248,67,,,0
4019,'1496124',615,,1249,33,,,0
4019,'1496355',715,,1250,67,,,0
4019,'1496356',2351,,1251,67,,,0
4019,'1496357',1115,,1252,67,,,0
4019,'1496358',915,,1253,67,,,0
4019,'1496359',2100,,1254,67,,,0
4019,'1496360',1715,,1255,67,,,0
4019,'1496361',1915,,1256,67,,,0
4019,'1496362',2200,,1257,67,,,0
4019,'1496363',1015,,1258,67,,,0
4019,'1496364',1215,,1259,67,,,0
4019,'1496365',2000,,1260,67,,,0
4019,'1496366',815,,1261,67,,,0
4019,'1496367',1615,,1262,67,,,0
4019,'1496368',1815,,1263,67,,,0
4019,'1496369',1415,,1264,67,,,0
4019,'1496370',1515,,1265,67,,,0
4019,'1496371',2300,,1266,67,,,0
4019,'1496372',1315,,1267,67,,,0
4019,'1496373',615,,1268,33,,,0
4019,'1496435',900,,1269,67,,,0
4019,'1496436',800,,1270,67,,,0
4019,'1496437',1700,,1271,67,,,0
4019,'1496438',2300,,1272,67,,,0
4019,'1496439',1800,,1273,67,,,0
4019,'1496440',1500,,1274,67,,,0
4019,'1496441',2200,,1275,67,,,0
4019,'1496442',1100,,1276,67,,,0
4019,'1496443',2000,,1277,67,,,0
4019,'1496444',1600,,1278,67,,,0
4019,'1496445',1000,,1279,67,,,0
4019,'1496446',1900,,1280,67,,,0
4019,'1496447',1400,,1281,67,,,0
4019,'1496448',700,,1282,67,,,0
4019,'1496449',2100,,1283,67,,,0
4019,'1496450',1200,,1284,67,,,0
4019,'1496451',1300,,1285,67,,,0
4019,'1496452',2351,,1286,67,,,0
4019,'1496661',900,,1287,67,,,0
4019,'1496662',800,,1288,67,,,0
4019,'1496663',1700,,1289,67,,,0
4019,'1496664',2300,,1290,67,,,0
4019,'1496665',1800,,1291,67,,,0
4019,'1496666',1500,,1292,67,,,0
4019,'1496667',2200,,1293,67,,,0
4019,'1496668',1100,,1294,67,,,0
4019,'1496669',2000,,1295,67,,,0
4019,'1496670',1600,,1296,67,,,0
4019,'1496671',1000,,1297,67,,,0
4019,'1496672',1900,,1298,67,,,0
4019,'1496673',1400,,1299,67,,,0
4019,'1496674',2100,,1300,67,,,0
4019,'1496675',1200,,1301,67,,,0
4019,'1496676',1300,,1302,67,,,0
4019,'1496677',2351,,1303,67,,,0
