1029,'1496065',1418,,792,3,,,0
1029,'1496066',1518,,793,3,,,0
1029,'1496068',1618,,794,3,,,0
1029,'1496070',718,,795,3,,,0
1029,'1496073',1018,,796,3,,,0
1029,'1496077',848,,797,3,,,0
1029,'1496078',1648,,798,3,,,0
1029,'1496079',1548,,799,3,,,0
1029,'1496081',1148,,800,3,,,0
1029,'1496082',1218,,801,3,,,0
1029,'1496083',1348,,802,3,,,0
1029,'1496084',948,,803,3,,,0
1029,'1496086',648,,804,3,,,0
1029,'1496088',1718,,805,3,,,0
1029,'1496092',1318,,806,3,,,0
1029,'1496094',918,,807,3,,,0
1029,'1496096',1118,,808,3,,,0
1029,'1496098',818,,809,3,,,0
1029,'1496101',748,,810,3,,,0
1029,'1496105',1448,,811,3,,,0
1029,'1496106',1248,,812,3,,,0
1029,'1496108',1048,,813,3,,,0
1029,'1496294',1418,,815,3,,,0
1029,'1496295',1518,,816,3,,,0
1029,'1496297',1618,,817,3,,,0
1029,'1496299',718,,818,3,,,0
1029,'1496300',2048,,819,3,,,0
1029,'1496304',1018,,820,3,,,0
1029,'1496309',1948,,821,3,,,0
1029,'1496310',848,,822,3,,,0
1029,'1496311',1648,,823,3,,,0
1029,'1496312',1548,,824,3,,,0
1029,'1496316',1748,,825,3,,,0
1029,'1496317',1148,,826,3,,,0
1029,'1496318',1218,,827,3,,,0
1029,'1496319',1348,,828,3,,,0
1029,'1496320',948,,829,3,,,0
1029,'1496322',648,,830,3,,,0
1029,'1496324',1818,,831,3,,,0
1029,'1496325',1718,,832,3,,,0
1029,'1496329',1318,,833,3,,,0
1029,'1496332',918,,834,3,,,0
1029,'1496333',2148,,835,3,,,0
1029,'1496335',1118,,836,3,,,0
1029,'1496337',2248,,837,3,,,0
1029,'1496339',818,,838,3,,,0
1029,'1496342',748,,839,3,,,0
1029,'1496346',1448,,840,3,,,0
1029,'1496347',1248,,841,3,,,0
1029,'1496349',1048,,842,3,,,0
1029,'1496354',1848,,844,3,,,0
1029,'1496527',1848,,845,3,,,0
1029,'1496528',2048,,846,3,,,0
1029,'1496533',1748,,847,3,,,0
1029,'1496534',2148,,848,3,,,0
1029,'1496535',1248,,849,3,,,0
1029,'1496537',1048,,850,3,,,0
1029,'1496539',948,,851,3,,,0
1029,'1496540',1948,,852,3,,,0
1029,'1496542',648,,853,3,,,0
1029,'1496544',2248,,854,3,,,0
1029,'1496545',1448,,855,3,,,0
1029,'1496547',1548,,856,3,,,0
1029,'1496550',748,,857,3,,,0
1029,'1496551',1148,,858,3,,,0
1029,'1496552',848,,859,3,,,0
1029,'1496555',1648,,860,3,,,0
1029,'1496556',1348,,861,3,,,0
1029,'1496562',1848,,862,3,,,0
1029,'1496563',2048,,863,3,,,0
1029,'1496567',1748,,864,3,,,0
1029,'1496568',2148,,865,3,,,0
1029,'1496569',1248,,866,3,,,0
1029,'1496571',1048,,867,3,,,0
1029,'1496573',948,,868,3,,,0
1029,'1496574',1948,,869,3,,,0
1029,'1496577',2248,,870,3,,,0
1029,'1496578',1448,,871,3,,,0
1029,'1496580',1548,,872,3,,,0
1029,'1496583',748,,873,3,,,0
1029,'1496584',1148,,874,3,,,0
1029,'1496585',848,,875,3,,,0
1029,'1496588',1648,,876,3,,,0
1029,'1496589',1348,,877,3,,,0
3019,'1496126',818,,1057,7,0,5,0
3019,'1496127',1018,,1058,7,0,5,0
3019,'1496132',1048,,1063,7,0,5,0
3019,'1496135',1618,,1066,7,0,5,0
3019,'1496137',1418,,1068,7,0,5,0
3019,'1496139',1148,,1070,7,0,5,0
3019,'1496140',718,,1071,7,0,5,0
3019,'1496143',648,,1074,7,0,5,0
3019,'1496145',1718,,1076,7,0,5,0
3019,'1496147',1248,,1078,7,0,5,0
3019,'1496148',948,,1079,7,0,5,0
3019,'1496149',1218,,1080,7,0,5,0
3019,'1496150',1318,,1081,7,0,5,0
3019,'1496152',748,,1083,7,0,5,0
3019,'1496156',918,,1087,7,0,5,0
3019,'1496157',1548,,1088,7,0,5,0
3019,'1496158',1348,,1089,7,0,5,0
3019,'1496160',1648,,1091,7,0,5,0
3019,'1496161',1118,,1092,7,0,5,0
3019,'1496162',1448,,1093,7,0,5,0
3019,'1496166',1518,,1097,7,0,5,0
3019,'1496169',848,,1100,7,0,5,0
3019,'1496375',818,,1106,7,0,5,0
3019,'1496376',1018,,1107,7,0,5,0
3019,'1496379',2048,,1110,7,0,5,0
3019,'1496383',2148,,1114,7,0,5,0
3019,'1496384',1048,,1115,7,0,5,0
3019,'1496387',1618,,1118,7,0,5,0
3019,'1496389',2248,,1120,7,0,5,0
3019,'1496390',1418,,1121,7,0,5,0
3019,'1496391',1848,,1122,7,0,5,0
3019,'1496393',1148,,1124,7,0,5,0
3019,'1496394',718,,1125,7,0,5,0
3019,'1496397',1948,,1128,7,0,5,0
3019,'1496399',648,,1130,7,0,5,0
3019,'1496401',1718,,1132,7,0,5,0
3019,'1496403',1248,,1134,7,0,5,0
3019,'1496405',1748,,1136,7,0,5,0
3019,'1496406',948,,1137,7,0,5,0
3019,'1496407',1218,,1138,7,0,5,0
3019,'1496408',1318,,1139,7,0,5,0
3019,'1496410',748,,1141,7,0,5,0
3019,'1496414',918,,1145,7,0,5,0
3019,'1496415',1548,,1146,7,0,5,0
3019,'1496416',1348,,1147,7,0,5,0
3019,'1496418',1648,,1149,7,0,5,0
3019,'1496419',1118,,1150,7,0,5,0
3019,'1496420',1448,,1151,7,0,5,0
3019,'1496424',1518,,1155,7,0,5,0
3019,'1496428',848,,1159,7,0,5,0
3019,'1496454',1648,,1167,7,0,5,0
3019,'1496456',2148,,1169,7,0,5,0
3019,'1496461',1848,,1174,7,0,5,0
3019,'1496462',1348,,1175,7,0,5,0
3019,'1496464',1948,,1177,7,0,5,0
3019,'1496466',2248,,1179,7,0,5,0
3019,'1496470',1748,,1183,7,0,5,0
3019,'1496471',648,,1184,7,0,5,0
3019,'1496472',848,,1185,7,0,5,0
3019,'1496476',948,,1189,7,0,5,0
3019,'1496477',1248,,1190,7,0,5,0
3019,'1496478',1548,,1191,7,0,5,0
3019,'1496480',1048,,1193,7,0,5,0
3019,'1496481',1448,,1194,7,0,5,0
3019,'1496482',2048,,1195,7,0,5,0
3019,'1496483',748,,1196,7,0,5,0
3019,'1496485',1148,,1198,7,0,5,0
3019,'1496628',1648,,1204,7,0,5,0
3019,'1496630',2148,,1206,7,0,5,0
3019,'1496634',1848,,1210,7,0,5,0
3019,'1496635',1348,,1211,7,0,5,0
3019,'1496637',1948,,1213,7,0,5,0
3019,'1496639',2248,,1215,7,0,5,0
3019,'1496643',1748,,1219,7,0,5,0
3019,'1496644',848,,1220,7,0,5,0
3019,'1496648',948,,1224,7,0,5,0
3019,'1496649',1248,,1225,7,0,5,0
3019,'1496650',1548,,1226,7,0,5,0
3019,'1496652',1048,,1228,7,0,5,0
3019,'1496653',1448,,1229,7,0,5,0
3019,'1496654',2048,,1230,7,0,5,0
3019,'1496655',748,,1231,7,0,5,0
3019,'1496657',1148,,1233,7,0,5,0
