1029,'1496065',1506,,792,64,,,0
1029,'1496066',1606,,793,64,,,0
1029,'1496068',1706,,794,64,,,0
1029,'1496070',806,,795,64,,,0
1029,'1496073',1106,,796,64,,,0
1029,'1496077',936,,797,64,,,0
1029,'1496078',1736,,798,64,,,0
1029,'1496079',1636,,799,64,,,0
1029,'1496081',1236,,800,64,,,0
1029,'1496082',1306,,801,64,,,0
1029,'1496083',1436,,802,64,,,0
1029,'1496084',1036,,803,64,,,0
1029,'1496086',736,,804,64,,,0
1029,'1496088',1806,,805,64,,,0
1029,'1496092',1406,,806,64,,,0
1029,'1496094',1006,,807,64,,,0
1029,'1496096',1206,,808,64,,,0
1029,'1496098',906,,809,64,,,0
1029,'1496101',836,,810,64,,,0
1029,'1496105',1536,,811,64,,,0
1029,'1496106',1336,,812,64,,,0
1029,'1496108',1136,,813,64,,,0
1029,'1496111',638,,814,19,,,0
1029,'1496294',1506,,815,64,,,0
1029,'1496295',1606,,816,64,,,0
1029,'1496297',1706,,817,64,,,0
1029,'1496299',806,,818,64,,,0
1029,'1496300',2136,,819,64,,,0
1029,'1496304',1106,,820,64,,,0
1029,'1496309',2036,,821,64,,,0
1029,'1496310',936,,822,64,,,0
1029,'1496311',1736,,823,64,,,0
1029,'1496312',1636,,824,64,,,0
1029,'1496316',1836,,825,64,,,0
1029,'1496317',1236,,826,64,,,0
1029,'1496318',1306,,827,64,,,0
1029,'1496319',1436,,828,64,,,0
1029,'1496320',1036,,829,64,,,0
1029,'1496322',736,,830,64,,,0
1029,'1496324',1906,,831,64,,,0
1029,'1496325',1806,,832,64,,,0
1029,'1496329',1406,,833,64,,,0
1029,'1496332',1006,,834,64,,,0
1029,'1496333',2236,,835,64,,,0
1029,'1496335',1206,,836,64,,,0
1029,'1496337',2336,,837,64,,,0
1029,'1496339',906,,838,64,,,0
1029,'1496342',836,,839,64,,,0
1029,'1496346',1536,,840,64,,,0
1029,'1496347',1336,,841,64,,,0
1029,'1496349',1136,,842,64,,,0
1029,'1496352',638,,843,19,,,0
1029,'1496354',1936,,844,64,,,0
1029,'1496527',1936,,845,64,,,0
1029,'1496528',2136,,846,64,,,0
1029,'1496533',1836,,847,64,,,0
1029,'1496534',2236,,848,64,,,0
1029,'1496535',1336,,849,64,,,0
1029,'1496537',1136,,850,64,,,0
1029,'1496539',1036,,851,64,,,0
1029,'1496540',2036,,852,64,,,0
1029,'1496542',736,,853,64,,,0
1029,'1496544',2336,,854,64,,,0
1029,'1496545',1536,,855,64,,,0
1029,'1496547',1636,,856,64,,,0
1029,'1496550',836,,857,64,,,0
1029,'1496551',1236,,858,64,,,0
1029,'1496552',936,,859,64,,,0
1029,'1496555',1736,,860,64,,,0
1029,'1496556',1436,,861,64,,,0
1029,'1496562',1936,,862,64,,,0
1029,'1496563',2136,,863,64,,,0
1029,'1496567',1836,,864,64,,,0
1029,'1496568',2236,,865,64,,,0
1029,'1496569',1336,,866,64,,,0
1029,'1496571',1136,,867,64,,,0
1029,'1496573',1036,,868,64,,,0
1029,'1496574',2036,,869,64,,,0
1029,'1496577',2336,,870,64,,,0
1029,'1496578',1536,,871,64,,,0
1029,'1496580',1636,,872,64,,,0
1029,'1496583',836,,873,64,,,0
1029,'1496584',1236,,874,64,,,0
1029,'1496585',936,,875,64,,,0
1029,'1496588',1736,,876,64,,,0
1029,'1496589',1436,,877,64,,,0
