1019,'1496067',755,,702,76,,,0
1019,'1496069',855,,703,76,,,0
1019,'1496071',1625,,704,76,,,0
1019,'1496072',1725,,705,76,,,0
1019,'1496074',825,,706,76,,,0
1019,'1496075',1525,,707,76,,,0
1019,'1496076',1325,,708,76,,,0
1019,'1496080',1425,,709,76,,,0
1019,'1496085',1125,,710,76,,,0
1019,'1496087',1355,,711,76,,,0
1019,'1496089',925,,712,76,,,0
1019,'1496090',1225,,713,76,,,0
1019,'1496091',1025,,714,76,,,0
1019,'1496093',1825,,715,76,,,0
1019,'1496095',1055,,716,76,,,0
1019,'1496097',955,,717,76,,,0
1019,'1496099',1455,,718,76,,,0
1019,'1496100',1555,,719,76,,,0
1019,'1496102',725,,720,76,,,0
1019,'1496103',1255,,721,76,,,0
1019,'1496104',1155,,722,76,,,0
1019,'1496107',1755,,723,76,,,0
1019,'1496109',1655,,724,76,,,0
1019,'1496110',625,,725,45,,,0
1019,'1496296',755,,726,76,,,0
1019,'1496298',855,,727,76,,,0
1019,'1496301',1625,,728,76,,,0
1019,'1496302',2210,,729,76,,,0
1019,'1496303',1725,,730,76,,,0
1019,'1496305',825,,731,76,,,0
1019,'1496306',1525,,732,76,,,0
1019,'1496307',1325,,733,76,,,0
1019,'1496308',1855,,734,76,,,0
1019,'1496313',1425,,735,76,,,0
1019,'1496314',2010,,736,76,,,0
1019,'1496315',2110,,737,76,,,0
1019,'1496321',1125,,738,76,,,0
1019,'1496323',1355,,739,76,,,0
1019,'1496326',925,,740,76,,,0
1019,'1496327',1225,,741,76,,,0
1019,'1496328',1025,,742,76,,,0
1019,'1496330',2400,,743,76,,,0
1019,'1496331',1825,,744,76,,,0
1019,'1496334',1055,,745,76,,,0
1019,'1496336',955,,746,76,,,0
1019,'1496338',2310,,747,76,,,0
1019,'1496340',1455,,748,76,,,0
1019,'1496341',1555,,749,76,,,0
1019,'1496343',725,,750,76,,,0
1019,'1496344',1255,,751,76,,,0
1019,'1496345',1155,,752,76,,,0
1019,'1496348',1755,,753,76,,,0
1019,'1496350',1655,,754,76,,,0
1019,'1496351',625,,755,45,,,0
1019,'1496353',1925,,756,76,,,0
1019,'1496526',1410,,757,76,,,0
1019,'1496529',2010,,758,76,,,0
1019,'1496530',810,,759,76,,,0
1019,'1496531',710,,760,76,,,0
1019,'1496532',2110,,761,76,,,0
1019,'1496536',1110,,762,76,,,0
1019,'1496538',1510,,763,76,,,0
1019,'1496541',1710,,764,76,,,0
1019,'1496543',1210,,765,76,,,0
1019,'1496546',2210,,766,76,,,0
1019,'1496548',1610,,767,76,,,0
1019,'1496549',1810,,768,76,,,0
1019,'1496553',1010,,769,76,,,0
1019,'1496554',910,,770,76,,,0
1019,'1496557',1310,,771,76,,,0
1019,'1496558',1910,,772,76,,,0
1019,'1496559',2400,,773,76,,,0
1019,'1496560',2310,,774,76,,,0
1019,'1496561',1410,,775,76,,,0
1019,'1496564',2010,,776,76,,,0
1019,'1496565',810,,777,76,,,0
1019,'1496566',2110,,778,76,,,0
1019,'1496570',1110,,779,76,,,0
1019,'1496572',1510,,780,76,,,0
1019,'1496575',1710,,781,76,,,0
1019,'1496576',1210,,782,76,,,0
1019,'1496579',2210,,783,76,,,0
1019,'1496581',1610,,784,76,,,0
1019,'1496582',1810,,785,76,,,0
1019,'1496586',1010,,786,76,,,0
1019,'1496587',910,,787,76,,,0
1019,'1496590',1310,,788,76,,,0
1019,'1496591',1910,,789,76,,,0
1019,'1496592',2400,,790,76,,,0
1019,'1496593',2310,,791,76,,,0
2029,'1488850',640,,970,33,,,0
2029,'1496221',709,,971,93,,,0
2029,'1496281',709,,972,93,,,0
2029,'1497044',1010,,973,130,,,0
2029,'1497045',1510,,974,130,,,0
2029,'1497046',1310,,975,130,,,0
2029,'1497047',1340,,976,130,,,0
2029,'1497048',1640,,977,130,,,0
2029,'1497049',1040,,978,130,,,0
2029,'1497050',910,,979,130,,,0
2029,'1497051',1710,,980,130,,,0
2029,'1497052',1540,,981,130,,,0
2029,'1497053',1140,,982,130,,,0
2029,'1497054',810,,983,130,,,0
2029,'1497055',1410,,984,130,,,0
2029,'1497056',1740,,985,130,,,0
2029,'1497057',1610,,986,130,,,0
2029,'1497058',1440,,987,130,,,0
2029,'1497059',840,,988,130,,,0
2029,'1497060',1810,,989,130,,,0
2029,'1497061',1110,,990,130,,,0
2029,'1497062',940,,991,130,,,0
2029,'1497063',1240,,992,130,,,0
2029,'1497064',1210,,993,130,,,0
2029,'1497065',1840,,994,130,,,0
2029,'1497066',2110,,995,130,,,0
2029,'1497067',1010,,996,130,,,0
2029,'1497068',1510,,997,130,,,0
2029,'1497069',1310,,998,130,,,0
2029,'1497070',1910,,999,130,,,0
2029,'1497071',1340,,1000,130,,,0
2029,'1497072',1640,,1001,130,,,0
2029,'1497073',1040,,1002,130,,,0
2029,'1497074',2310,,1003,130,,,0
2029,'1497075',910,,1004,130,,,0
2029,'1497076',1710,,1005,130,,,0
2029,'1497077',1540,,1006,130,,,0
2029,'1497078',2400,,1007,130,,,0
2029,'1497079',1140,,1008,130,,,0
2029,'1497080',810,,1009,130,,,0
2029,'1497081',1410,,1010,130,,,0
2029,'1497082',2010,,1011,130,,,0
2029,'1497083',1740,,1012,130,,,0
2029,'1497084',1610,,1013,130,,,0
2029,'1497085',1440,,1014,130,,,0
2029,'1497086',840,,1015,130,,,0
2029,'1497087',1810,,1016,130,,,0
2029,'1497088',1110,,1017,130,,,0
2029,'1497089',940,,1018,130,,,0
2029,'1497090',2210,,1019,130,,,0
2029,'1497091',1240,,1020,130,,,0
2029,'1497092',1210,,1021,130,,,0
2029,'1497093',1840,,1022,130,,,0
2029,'1497094',1810,,1023,130,,,0
2029,'1497095',1210,,1024,130,,,0
2029,'1497096',2310,,1025,130,,,0
2029,'1497097',2400,,1026,130,,,0
2029,'1497098',1110,,1027,130,,,0
2029,'1497099',2110,,1028,130,,,0
2029,'1497100',1010,,1029,130,,,0
2029,'1497101',1610,,1030,130,,,0
2029,'1497102',2210,,1031,130,,,0
2029,'1497103',1910,,1032,130,,,0
2029,'1497104',1310,,1033,130,,,0
2029,'1497105',1510,,1034,130,,,0
2029,'1497106',910,,1035,130,,,0
2029,'1497107',1410,,1036,130,,,0
2029,'1497108',2010,,1037,130,,,0
2029,'1497109',1710,,1038,130,,,0
2029,'1497110',810,,1039,130,,,0
2029,'1497111',1810,,1040,130,,,0
2029,'1497112',1210,,1041,130,,,0
2029,'1497113',2310,,1042,130,,,0
2029,'1497114',2400,,1043,130,,,0
2029,'1497115',1110,,1044,130,,,0
2029,'1497116',2110,,1045,130,,,0
2029,'1497117',1010,,1046,130,,,0
2029,'1497118',1610,,1047,130,,,0
2029,'1497119',2210,,1048,130,,,0
2029,'1497120',1910,,1049,130,,,0
2029,'1497121',1310,,1050,130,,,0
2029,'1497122',1510,,1051,130,,,0
2029,'1497123',910,,1052,130,,,0
2029,'1497124',1410,,1053,130,,,0
2029,'1497125',2010,,1054,130,,,0
2029,'1497126',1710,,1055,130,,,0
3019,'1496126',940,,1057,135,0,5,0
3019,'1496127',1140,,1058,135,0,5,0
3019,'1496132',1210,,1063,135,0,5,0
3019,'1496135',1740,,1066,135,0,5,0
3019,'1496137',1540,,1068,135,0,5,0
3019,'1496139',1310,,1070,135,0,5,0
3019,'1496140',840,,1071,135,0,5,0
3019,'1496143',810,,1074,135,0,5,0
3019,'1496145',1840,,1076,135,0,5,0
3019,'1496147',1410,,1078,135,0,5,0
3019,'1496148',1110,,1079,135,0,5,0
3019,'1496149',1340,,1080,135,0,5,0
3019,'1496150',1440,,1081,135,0,5,0
3019,'1496152',910,,1083,135,0,5,0
3019,'1496156',1040,,1087,135,0,5,0
3019,'1496157',1710,,1088,135,0,5,0
3019,'1496158',1510,,1089,135,0,5,0
3019,'1496160',1810,,1091,135,0,5,0
3019,'1496161',1240,,1092,135,0,5,0
3019,'1496162',1610,,1093,135,0,5,0
3019,'1496163',640,,1094,57,0,5,0
3019,'1496166',1640,,1097,135,0,5,0
3019,'1496169',1010,,1100,135,0,5,0
3019,'1496172',710,,1103,104,0,5,0
3019,'1496375',940,,1106,135,0,5,0
3019,'1496376',1140,,1107,135,0,5,0
3019,'1496379',2210,,1110,135,0,5,0
3019,'1496383',2310,,1114,135,0,5,0
3019,'1496384',1210,,1115,135,0,5,0
3019,'1496387',1740,,1118,135,0,5,0
3019,'1496389',2400,,1120,135,0,5,0
3019,'1496390',1540,,1121,135,0,5,0
3019,'1496391',2010,,1122,135,0,5,0
3019,'1496393',1310,,1124,135,0,5,0
3019,'1496394',840,,1125,135,0,5,0
3019,'1496397',2110,,1128,135,0,5,0
3019,'1496399',810,,1130,135,0,5,0
3019,'1496401',1840,,1132,135,0,5,0
3019,'1496403',1410,,1134,135,0,5,0
3019,'1496405',1910,,1136,135,0,5,0
3019,'1496406',1110,,1137,135,0,5,0
3019,'1496407',1340,,1138,135,0,5,0
3019,'1496408',1440,,1139,135,0,5,0
3019,'1496410',910,,1141,135,0,5,0
3019,'1496414',1040,,1145,135,0,5,0
3019,'1496415',1710,,1146,135,0,5,0
3019,'1496416',1510,,1147,135,0,5,0
3019,'1496418',1810,,1149,135,0,5,0
3019,'1496419',1240,,1150,135,0,5,0
3019,'1496420',1610,,1151,135,0,5,0
3019,'1496421',640,,1152,57,0,5,0
3019,'1496424',1640,,1155,135,0,5,0
3019,'1496428',1010,,1159,135,0,5,0
3019,'1496433',710,,1164,104,0,5,0
3019,'1496454',1810,,1167,135,0,5,0
3019,'1496456',2310,,1169,135,0,5,0
3019,'1496461',2010,,1174,135,0,5,0
3019,'1496462',1510,,1175,135,0,5,0
3019,'1496464',2110,,1177,135,0,5,0
3019,'1496466',2400,,1179,135,0,5,0
3019,'1496470',1910,,1183,135,0,5,0
3019,'1496471',810,,1184,135,0,5,0
3019,'1496472',1010,,1185,135,0,5,0
3019,'1496476',1110,,1189,135,0,5,0
3019,'1496477',1410,,1190,135,0,5,0
3019,'1496478',1710,,1191,135,0,5,0
3019,'1496480',1210,,1193,135,0,5,0
3019,'1496481',1610,,1194,135,0,5,0
3019,'1496482',2210,,1195,135,0,5,0
3019,'1496483',910,,1196,135,0,5,0
3019,'1496485',1310,,1198,135,0,5,0
3019,'1496489',640,,1202,57,0,5,0
3019,'1496628',1810,,1204,135,0,5,0
3019,'1496630',2310,,1206,135,0,5,0
3019,'1496634',2010,,1210,135,0,5,0
3019,'1496635',1510,,1211,135,0,5,0
3019,'1496637',2110,,1213,135,0,5,0
3019,'1496639',2400,,1215,135,0,5,0
3019,'1496643',1910,,1219,135,0,5,0
3019,'1496644',1010,,1220,135,0,5,0
3019,'1496648',1110,,1224,135,0,5,0
3019,'1496649',1410,,1225,135,0,5,0
3019,'1496650',1710,,1226,135,0,5,0
3019,'1496652',1210,,1228,135,0,5,0
3019,'1496653',1610,,1229,135,0,5,0
3019,'1496654',2210,,1230,135,0,5,0
3019,'1496655',910,,1231,135,0,5,0
3019,'1496657',1310,,1233,135,0,5,0
3019,'1496660',740,,1236,57,0,5,0
