2029,'1496221',639,,971,53,,,0
2029,'1496281',639,,972,53,,,0
2029,'1497044',940,,973,90,,,0
2029,'1497045',1440,,974,90,,,0
2029,'1497046',1240,,975,90,,,0
2029,'1497047',1310,,976,90,,,0
2029,'1497048',1610,,977,90,,,0
2029,'1497049',1010,,978,90,,,0
2029,'1497050',840,,979,90,,,0
2029,'1497051',1640,,980,90,,,0
2029,'1497052',1510,,981,90,,,0
2029,'1497053',1110,,982,90,,,0
2029,'1497054',740,,983,90,,,0
2029,'1497055',1340,,984,90,,,0
2029,'1497056',1710,,985,90,,,0
2029,'1497057',1540,,986,90,,,0
2029,'1497058',1410,,987,90,,,0
2029,'1497059',810,,988,90,,,0
2029,'1497060',1740,,989,90,,,0
2029,'1497061',1040,,990,90,,,0
2029,'1497062',910,,991,90,,,0
2029,'1497063',1210,,992,90,,,0
2029,'1497064',1140,,993,90,,,0
2029,'1497065',1810,,994,90,,,0
2029,'1497066',2040,,995,90,,,0
2029,'1497067',940,,996,90,,,0
2029,'1497068',1440,,997,90,,,0
2029,'1497069',1240,,998,90,,,0
2029,'1497070',1840,,999,90,,,0
2029,'1497071',1310,,1000,90,,,0
2029,'1497072',1610,,1001,90,,,0
2029,'1497073',1010,,1002,90,,,0
2029,'1497074',2240,,1003,90,,,0
2029,'1497075',840,,1004,90,,,0
2029,'1497076',1640,,1005,90,,,0
2029,'1497077',1510,,1006,90,,,0
2029,'1497078',2335,,1007,90,,,0
2029,'1497079',1110,,1008,90,,,0
2029,'1497080',740,,1009,90,,,0
2029,'1497081',1340,,1010,90,,,0
2029,'1497082',1940,,1011,90,,,0
2029,'1497083',1710,,1012,90,,,0
2029,'1497084',1540,,1013,90,,,0
2029,'1497085',1410,,1014,90,,,0
2029,'1497086',810,,1015,90,,,0
2029,'1497087',1740,,1016,90,,,0
2029,'1497088',1040,,1017,90,,,0
2029,'1497089',910,,1018,90,,,0
2029,'1497090',2140,,1019,90,,,0
2029,'1497091',1210,,1020,90,,,0
2029,'1497092',1140,,1021,90,,,0
2029,'1497093',1810,,1022,90,,,0
2029,'1497094',1740,,1023,90,,,0
2029,'1497095',1140,,1024,90,,,0
2029,'1497096',2240,,1025,90,,,0
2029,'1497097',2335,,1026,90,,,0
2029,'1497098',1040,,1027,90,,,0
2029,'1497099',2040,,1028,90,,,0
2029,'1497100',940,,1029,90,,,0
2029,'1497101',1540,,1030,90,,,0
2029,'1497102',2140,,1031,90,,,0
2029,'1497103',1840,,1032,90,,,0
2029,'1497104',1240,,1033,90,,,0
2029,'1497105',1440,,1034,90,,,0
2029,'1497106',840,,1035,90,,,0
2029,'1497107',1340,,1036,90,,,0
2029,'1497108',1940,,1037,90,,,0
2029,'1497109',1640,,1038,90,,,0
2029,'1497110',740,,1039,90,,,0
2029,'1497111',1740,,1040,90,,,0
2029,'1497112',1140,,1041,90,,,0
2029,'1497113',2240,,1042,90,,,0
2029,'1497114',2335,,1043,90,,,0
2029,'1497115',1040,,1044,90,,,0
2029,'1497116',2040,,1045,90,,,0
2029,'1497117',940,,1046,90,,,0
2029,'1497118',1540,,1047,90,,,0
2029,'1497119',2140,,1048,90,,,0
2029,'1497120',1840,,1049,90,,,0
2029,'1497121',1240,,1050,90,,,0
2029,'1497122',1440,,1051,90,,,0
2029,'1497123',840,,1052,90,,,0
2029,'1497124',1340,,1053,90,,,0
2029,'1497125',1940,,1054,90,,,0
2029,'1497126',1640,,1055,90,,,0
