2019,'1496174',1227,,878,41,,,0
2019,'1496175',1357,,879,41,,,0
2019,'1496179',1327,,880,41,,,0
2019,'1496181',1457,,881,41,,,0
2019,'1496183',957,,882,41,,,0
2019,'1496184',1527,,883,41,,,0
2019,'1496185',927,,884,41,,,0
2019,'1496187',1127,,885,41,,,0
2019,'1496188',857,,886,41,,,0
2019,'1496189',827,,887,41,,,0
2019,'1496191',1027,,888,41,,,0
2019,'1496194',1557,,889,41,,,0
2019,'1496198',727,,890,41,,,0
2019,'1496200',1727,,891,41,,,0
2019,'1496204',1427,,892,41,,,0
2019,'1496206',1057,,893,41,,,0
2019,'1496208',1157,,894,41,,,0
2019,'1496209',1627,,895,41,,,0
2019,'1496210',1757,,896,41,,,0
2019,'1496211',1657,,897,41,,,0
2019,'1496215',757,,898,41,,,0
2019,'1496216',1257,,899,41,,,0
2019,'1496218',657,,900,41,,,0
2019,'1496220',557,,902,9,,,0
2019,'1496223',2242,,903,41,,,0
2019,'1496224',1227,,904,41,,,0
2019,'1496225',1357,,905,41,,,0
2019,'1496227',2142,,906,41,,,0
2019,'1496228',1842,,907,41,,,0
2019,'1496232',1327,,908,41,,,0
2019,'1496234',1457,,909,41,,,0
2019,'1496236',957,,910,41,,,0
2019,'1496237',1527,,911,41,,,0
2019,'1496238',927,,912,41,,,0
2019,'1496240',1127,,913,41,,,0
2019,'1496242',857,,914,41,,,0
2019,'1496243',827,,915,41,,,0
2019,'1496245',1027,,916,41,,,0
2019,'1496248',1557,,917,41,,,0
2019,'1496253',2042,,918,41,,,0
2019,'1496255',727,,919,41,,,0
2019,'1496257',1727,,920,41,,,0
2019,'1496258',2341,,921,41,,,0
2019,'1496262',1427,,922,41,,,0
2019,'1496264',1057,,923,41,,,0
2019,'1496266',1157,,924,41,,,0
2019,'1496267',1627,,925,41,,,0
2019,'1496268',1757,,926,41,,,0
2019,'1496269',1657,,927,41,,,0
2019,'1496274',757,,928,41,,,0
2019,'1496275',1257,,929,41,,,0
2019,'1496277',657,,930,41,,,0
2019,'1496279',557,,932,19,,,0
2019,'1496280',1942,,933,41,,,0
2019,'1496490',1742,,934,41,,,0
2019,'1496491',2142,,935,41,,,0
2019,'1496492',1342,,936,41,,,0
2019,'1496494',1142,,937,41,,,0
2019,'1496495',1442,,938,41,,,0
2019,'1496498',2042,,939,41,,,0
2019,'1496499',742,,940,41,,,0
2019,'1496505',1242,,941,41,,,0
2019,'1496507',2242,,942,41,,,0
2019,'1496510',1542,,943,41,,,0
2019,'1496511',1842,,944,41,,,0
2019,'1496512',1042,,945,41,,,0
2019,'1496516',942,,946,41,,,0
2019,'1496518',842,,947,41,,,0
2019,'1496520',1642,,948,41,,,0
2019,'1496521',1942,,949,41,,,0
2019,'1496523',642,,950,41,,,0
2019,'1496524',612,,951,9,,,0
2019,'1496525',2341,,952,41,,,0
2019,'1496594',1742,,953,41,,,0
2019,'1496595',2142,,954,41,,,0
2019,'1496596',1342,,955,41,,,0
2019,'1496598',1142,,956,41,,,0
2019,'1496599',1442,,957,41,,,0
2019,'1496602',2042,,958,41,,,0
2019,'1496603',742,,959,41,,,0
2019,'1496609',1242,,960,41,,,0
2019,'1496613',1542,,961,41,,,0
2019,'1496614',1842,,962,41,,,0
2019,'1496615',1042,,963,41,,,0
2019,'1496619',942,,964,41,,,0
2019,'1496621',842,,965,41,,,0
2019,'1496623',1642,,966,41,,,0
2019,'1496624',1942,,967,41,,,0
2019,'1496625',712,,968,9,,,0
2019,'1496626',2341,,969,41,,,0
