3019,'1496126',920,,1057,94,0,5,0
3019,'1496127',1120,,1058,94,0,5,0
3019,'1496132',1150,,1063,94,0,5,0
3019,'1496135',1720,,1066,94,0,5,0
3019,'1496137',1520,,1068,94,0,5,0
3019,'1496139',1250,,1070,94,0,5,0
3019,'1496140',820,,1071,94,0,5,0
3019,'1496143',750,,1074,94,0,5,0
3019,'1496145',1820,,1076,94,0,5,0
3019,'1496147',1350,,1078,94,0,5,0
3019,'1496148',1050,,1079,94,0,5,0
3019,'1496149',1320,,1080,94,0,5,0
3019,'1496150',1420,,1081,94,0,5,0
3019,'1496152',850,,1083,94,0,5,0
3019,'1496156',1020,,1087,94,0,5,0
3019,'1496157',1650,,1088,94,0,5,0
3019,'1496158',1450,,1089,94,0,5,0
3019,'1496160',1750,,1091,94,0,5,0
3019,'1496161',1220,,1092,94,0,5,0
3019,'1496162',1550,,1093,94,0,5,0
3019,'1496163',620,,1094,16,0,5,0
3019,'1496166',1620,,1097,94,0,5,0
3019,'1496169',950,,1100,94,0,5,0
3019,'1496172',650,,1103,63,0,5,0
3019,'1496375',920,,1106,94,0,5,0
3019,'1496376',1120,,1107,94,0,5,0
3019,'1496379',2150,,1110,94,0,5,0
3019,'1496383',2250,,1114,94,0,5,0
3019,'1496384',1150,,1115,94,0,5,0
3019,'1496387',1720,,1118,94,0,5,0
3019,'1496389',2341,,1120,94,0,5,0
3019,'1496390',1520,,1121,94,0,5,0
3019,'1496391',1950,,1122,94,0,5,0
3019,'1496393',1250,,1124,94,0,5,0
3019,'1496394',820,,1125,94,0,5,0
3019,'1496397',2050,,1128,94,0,5,0
3019,'1496399',750,,1130,94,0,5,0
3019,'1496401',1820,,1132,94,0,5,0
3019,'1496403',1350,,1134,94,0,5,0
3019,'1496405',1850,,1136,94,0,5,0
3019,'1496406',1050,,1137,94,0,5,0
3019,'1496407',1320,,1138,94,0,5,0
3019,'1496408',1420,,1139,94,0,5,0
3019,'1496410',850,,1141,94,0,5,0
3019,'1496414',1020,,1145,94,0,5,0
3019,'1496415',1650,,1146,94,0,5,0
3019,'1496416',1450,,1147,94,0,5,0
3019,'1496418',1750,,1149,94,0,5,0
3019,'1496419',1220,,1150,94,0,5,0
3019,'1496420',1550,,1151,94,0,5,0
3019,'1496421',620,,1152,16,0,5,0
3019,'1496424',1620,,1155,94,0,5,0
3019,'1496428',950,,1159,94,0,5,0
3019,'1496433',650,,1164,63,0,5,0
3019,'1496454',1750,,1167,94,0,5,0
3019,'1496456',2250,,1169,94,0,5,0
3019,'1496461',1950,,1174,94,0,5,0
3019,'1496462',1450,,1175,94,0,5,0
3019,'1496464',2050,,1177,94,0,5,0
3019,'1496466',2341,,1179,94,0,5,0
3019,'1496470',1850,,1183,94,0,5,0
3019,'1496471',750,,1184,94,0,5,0
3019,'1496472',950,,1185,94,0,5,0
3019,'1496476',1050,,1189,94,0,5,0
3019,'1496477',1350,,1190,94,0,5,0
3019,'1496478',1650,,1191,94,0,5,0
3019,'1496480',1150,,1193,94,0,5,0
3019,'1496481',1550,,1194,94,0,5,0
3019,'1496482',2150,,1195,94,0,5,0
3019,'1496483',850,,1196,94,0,5,0
3019,'1496485',1250,,1198,94,0,5,0
3019,'1496489',622,,1202,16,0,5,0
3019,'1496628',1750,,1204,94,0,5,0
3019,'1496630',2250,,1206,94,0,5,0
3019,'1496634',1950,,1210,94,0,5,0
3019,'1496635',1450,,1211,94,0,5,0
3019,'1496637',2050,,1213,94,0,5,0
3019,'1496639',2341,,1215,94,0,5,0
3019,'1496643',1850,,1219,94,0,5,0
3019,'1496644',950,,1220,94,0,5,0
3019,'1496648',1050,,1224,94,0,5,0
3019,'1496649',1350,,1225,94,0,5,0
3019,'1496650',1650,,1226,94,0,5,0
3019,'1496652',1150,,1228,94,0,5,0
3019,'1496653',1550,,1229,94,0,5,0
3019,'1496654',2150,,1230,94,0,5,0
3019,'1496655',850,,1231,94,0,5,0
3019,'1496657',1250,,1233,94,0,5,0
3019,'1496660',720,,1236,16,0,5,0
