8019,'1496053',1736,,1304,4,,,0
8019,'1496054',1036,,1305,4,,,0
8019,'1496055',1336,,1306,4,,,0
8019,'1496056',936,,1307,4,,,0
8019,'1496057',1436,,1308,4,,,0
8019,'1496058',736,,1309,4,,,0
8019,'1496059',1636,,1310,4,,,0
8019,'1496060',836,,1311,4,,,0
8019,'1496061',636,,1312,4,,,0
8019,'1496062',1536,,1313,4,,,0
8019,'1496063',1236,,1314,4,,,0
8019,'1496064',1136,,1315,4,,,0
8019,'1496282',1736,,1316,4,,,0
8019,'1496283',1036,,1317,4,,,0
8019,'1496284',1336,,1318,4,,,0
8019,'1496285',936,,1319,4,,,0
8019,'1496286',1436,,1320,4,,,0
8019,'1496287',736,,1321,4,,,0
8019,'1496288',1636,,1322,4,,,0
8019,'1496289',836,,1323,4,,,0
8019,'1496290',636,,1324,4,,,0
8019,'1496291',1536,,1325,4,,,0
8019,'1496292',1236,,1326,4,,,0
8019,'1496293',1136,,1327,4,,,0
