2019,'1496174',1244,,878,61,,,0
2019,'1496175',1414,,879,61,,,0
2019,'1496179',1344,,880,61,,,0
2019,'1496181',1514,,881,61,,,0
2019,'1496183',1014,,882,61,,,0
2019,'1496184',1544,,883,61,,,0
2019,'1496185',944,,884,61,,,0
2019,'1496187',1144,,885,61,,,0
2019,'1496188',914,,886,61,,,0
2019,'1496189',844,,887,61,,,0
2019,'1496191',1044,,888,61,,,0
2019,'1496194',1614,,889,61,,,0
2019,'1496198',744,,890,61,,,0
2019,'1496200',1744,,891,61,,,0
2019,'1496204',1444,,892,61,,,0
2019,'1496206',1114,,893,61,,,0
2019,'1496208',1214,,894,61,,,0
2019,'1496209',1644,,895,61,,,0
2019,'1496210',1814,,896,61,,,0
2019,'1496211',1714,,897,61,,,0
2019,'1496215',814,,898,61,,,0
2019,'1496216',1314,,899,61,,,0
2019,'1496218',714,,900,61,,,0
2019,'1496220',614,,902,29,,,0
2019,'1496223',2259,,903,61,,,0
2019,'1496224',1244,,904,61,,,0
2019,'1496225',1414,,905,61,,,0
2019,'1496227',2159,,906,61,,,0
2019,'1496228',1859,,907,61,,,0
2019,'1496232',1344,,908,61,,,0
2019,'1496234',1514,,909,61,,,0
2019,'1496236',1014,,910,61,,,0
2019,'1496237',1544,,911,61,,,0
2019,'1496238',944,,912,61,,,0
2019,'1496240',1144,,913,61,,,0
2019,'1496242',914,,914,61,,,0
2019,'1496243',844,,915,61,,,0
2019,'1496245',1044,,916,61,,,0
2019,'1496248',1614,,917,61,,,0
2019,'1496253',2059,,918,61,,,0
2019,'1496255',744,,919,61,,,0
2019,'1496257',1744,,920,61,,,0
2019,'1496262',1444,,922,61,,,0
2019,'1496264',1114,,923,61,,,0
2019,'1496266',1214,,924,61,,,0
2019,'1496267',1644,,925,61,,,0
2019,'1496268',1814,,926,61,,,0
2019,'1496269',1714,,927,61,,,0
2019,'1496274',814,,928,61,,,0
2019,'1496275',1314,,929,61,,,0
2019,'1496277',714,,930,61,,,0
2019,'1496279',614,,932,39,,,0
2019,'1496280',1959,,933,61,,,0
2019,'1496490',1759,,934,61,,,0
2019,'1496491',2159,,935,61,,,0
2019,'1496492',1359,,936,61,,,0
2019,'1496494',1159,,937,61,,,0
2019,'1496495',1459,,938,61,,,0
2019,'1496498',2059,,939,61,,,0
2019,'1496499',759,,940,61,,,0
2019,'1496505',1259,,941,61,,,0
2019,'1496507',2259,,942,61,,,0
2019,'1496510',1559,,943,61,,,0
2019,'1496511',1859,,944,61,,,0
2019,'1496512',1059,,945,61,,,0
2019,'1496516',959,,946,61,,,0
2019,'1496518',859,,947,61,,,0
2019,'1496520',1659,,948,61,,,0
2019,'1496521',1959,,949,61,,,0
2019,'1496523',659,,950,61,,,0
2019,'1496524',629,,951,29,,,0
2019,'1496594',1759,,953,61,,,0
2019,'1496595',2159,,954,61,,,0
2019,'1496596',1359,,955,61,,,0
2019,'1496598',1159,,956,61,,,0
2019,'1496599',1459,,957,61,,,0
2019,'1496602',2059,,958,61,,,0
2019,'1496603',759,,959,61,,,0
2019,'1496609',1259,,960,61,,,0
2019,'1496613',1559,,961,61,,,0
2019,'1496614',1859,,962,61,,,0
2019,'1496615',1059,,963,61,,,0
2019,'1496619',959,,964,61,,,0
2019,'1496621',859,,965,61,,,0
2019,'1496623',1659,,966,61,,,0
2019,'1496624',1959,,967,61,,,0
2019,'1496625',729,,968,29,,,0
