4019,'1496112',654,,1237,35,,,0
4019,'1496113',1054,,1238,35,,,0
4019,'1496114',854,,1239,35,,,0
4019,'1496115',1654,,1240,35,,,0
4019,'1496116',954,,1241,35,,,0
4019,'1496117',1154,,1242,35,,,0
4019,'1496118',754,,1243,35,,,0
4019,'1496119',1554,,1244,35,,,0
4019,'1496120',1754,,1245,35,,,0
4019,'1496121',1354,,1246,35,,,0
4019,'1496122',1454,,1247,35,,,0
4019,'1496123',1254,,1248,35,,,0
4019,'1496124',555,,1249,1,,,0
4019,'1496355',654,,1250,35,,,0
4019,'1496356',2335,,1251,35,,,0
4019,'1496357',1054,,1252,35,,,0
4019,'1496358',854,,1253,35,,,0
4019,'1496359',2039,,1254,35,,,0
4019,'1496360',1654,,1255,35,,,0
4019,'1496361',1854,,1256,35,,,0
4019,'1496362',2139,,1257,35,,,0
4019,'1496363',954,,1258,35,,,0
4019,'1496364',1154,,1259,35,,,0
4019,'1496365',1939,,1260,35,,,0
4019,'1496366',754,,1261,35,,,0
4019,'1496367',1554,,1262,35,,,0
4019,'1496368',1754,,1263,35,,,0
4019,'1496369',1354,,1264,35,,,0
4019,'1496370',1454,,1265,35,,,0
4019,'1496371',2239,,1266,35,,,0
4019,'1496372',1254,,1267,35,,,0
4019,'1496373',555,,1268,1,,,0
4019,'1496435',839,,1269,35,,,0
4019,'1496436',739,,1270,35,,,0
4019,'1496437',1639,,1271,35,,,0
4019,'1496438',2239,,1272,35,,,0
4019,'1496439',1739,,1273,35,,,0
4019,'1496440',1439,,1274,35,,,0
4019,'1496441',2139,,1275,35,,,0
4019,'1496442',1039,,1276,35,,,0
4019,'1496443',1939,,1277,35,,,0
4019,'1496444',1539,,1278,35,,,0
4019,'1496445',939,,1279,35,,,0
4019,'1496446',1839,,1280,35,,,0
4019,'1496447',1339,,1281,35,,,0
4019,'1496448',639,,1282,35,,,0
4019,'1496449',2039,,1283,35,,,0
4019,'1496450',1139,,1284,35,,,0
4019,'1496451',1239,,1285,35,,,0
4019,'1496452',2335,,1286,35,,,0
4019,'1496661',839,,1287,35,,,0
4019,'1496662',739,,1288,35,,,0
4019,'1496663',1639,,1289,35,,,0
4019,'1496664',2239,,1290,35,,,0
4019,'1496665',1739,,1291,35,,,0
4019,'1496666',1439,,1292,35,,,0
4019,'1496667',2139,,1293,35,,,0
4019,'1496668',1039,,1294,35,,,0
4019,'1496669',1939,,1295,35,,,0
4019,'1496670',1539,,1296,35,,,0
4019,'1496671',939,,1297,35,,,0
4019,'1496672',1839,,1298,35,,,0
4019,'1496673',1339,,1299,35,,,0
4019,'1496674',2039,,1300,35,,,0
4019,'1496675',1139,,1301,35,,,0
4019,'1496676',1239,,1302,35,,,0
4019,'1496677',2335,,1303,35,,,0
