3019,'1496126',913,,1057,85,0,5,0
3019,'1496127',1113,,1058,85,0,5,0
3019,'1496132',1143,,1063,85,0,5,0
3019,'1496135',1713,,1066,85,0,5,0
3019,'1496137',1513,,1068,85,0,5,0
3019,'1496139',1243,,1070,85,0,5,0
3019,'1496140',813,,1071,85,0,5,0
3019,'1496143',743,,1074,85,0,5,0
3019,'1496145',1813,,1076,85,0,5,0
3019,'1496147',1343,,1078,85,0,5,0
3019,'1496148',1043,,1079,85,0,5,0
3019,'1496149',1313,,1080,85,0,5,0
3019,'1496150',1413,,1081,85,0,5,0
3019,'1496152',843,,1083,85,0,5,0
3019,'1496156',1013,,1087,85,0,5,0
3019,'1496157',1643,,1088,85,0,5,0
3019,'1496158',1443,,1089,85,0,5,0
3019,'1496160',1743,,1091,85,0,5,0
3019,'1496161',1213,,1092,85,0,5,0
3019,'1496162',1543,,1093,85,0,5,0
3019,'1496163',613,,1094,7,0,5,0
3019,'1496166',1613,,1097,85,0,5,0
3019,'1496169',943,,1100,85,0,5,0
3019,'1496172',643,,1103,54,0,5,0
3019,'1496375',913,,1106,85,0,5,0
3019,'1496376',1113,,1107,85,0,5,0
3019,'1496379',2143,,1110,85,0,5,0
3019,'1496383',2243,,1114,85,0,5,0
3019,'1496384',1143,,1115,85,0,5,0
3019,'1496387',1713,,1118,85,0,5,0
3019,'1496389',2335,,1120,85,0,5,0
3019,'1496390',1513,,1121,85,0,5,0
3019,'1496391',1943,,1122,85,0,5,0
3019,'1496393',1243,,1124,85,0,5,0
3019,'1496394',813,,1125,85,0,5,0
3019,'1496397',2043,,1128,85,0,5,0
3019,'1496399',743,,1130,85,0,5,0
3019,'1496401',1813,,1132,85,0,5,0
3019,'1496403',1343,,1134,85,0,5,0
3019,'1496405',1843,,1136,85,0,5,0
3019,'1496406',1043,,1137,85,0,5,0
3019,'1496407',1313,,1138,85,0,5,0
3019,'1496408',1413,,1139,85,0,5,0
3019,'1496410',843,,1141,85,0,5,0
3019,'1496414',1013,,1145,85,0,5,0
3019,'1496415',1643,,1146,85,0,5,0
3019,'1496416',1443,,1147,85,0,5,0
3019,'1496418',1743,,1149,85,0,5,0
3019,'1496419',1213,,1150,85,0,5,0
3019,'1496420',1543,,1151,85,0,5,0
3019,'1496421',613,,1152,7,0,5,0
3019,'1496424',1613,,1155,85,0,5,0
3019,'1496428',943,,1159,85,0,5,0
3019,'1496433',643,,1164,54,0,5,0
3019,'1496454',1743,,1167,85,0,5,0
3019,'1496456',2243,,1169,85,0,5,0
3019,'1496461',1943,,1174,85,0,5,0
3019,'1496462',1443,,1175,85,0,5,0
3019,'1496464',2043,,1177,85,0,5,0
3019,'1496466',2335,,1179,85,0,5,0
3019,'1496470',1843,,1183,85,0,5,0
3019,'1496471',743,,1184,85,0,5,0
3019,'1496472',943,,1185,85,0,5,0
3019,'1496476',1043,,1189,85,0,5,0
3019,'1496477',1343,,1190,85,0,5,0
3019,'1496478',1643,,1191,85,0,5,0
3019,'1496480',1143,,1193,85,0,5,0
3019,'1496481',1543,,1194,85,0,5,0
3019,'1496482',2143,,1195,85,0,5,0
3019,'1496483',843,,1196,85,0,5,0
3019,'1496485',1243,,1198,85,0,5,0
3019,'1496489',617,,1202,7,0,5,0
3019,'1496628',1743,,1204,85,0,5,0
3019,'1496630',2243,,1206,85,0,5,0
3019,'1496634',1943,,1210,85,0,5,0
3019,'1496635',1443,,1211,85,0,5,0
3019,'1496637',2043,,1213,85,0,5,0
3019,'1496639',2335,,1215,85,0,5,0
3019,'1496643',1843,,1219,85,0,5,0
3019,'1496644',943,,1220,85,0,5,0
3019,'1496648',1043,,1224,85,0,5,0
3019,'1496649',1343,,1225,85,0,5,0
3019,'1496650',1643,,1226,85,0,5,0
3019,'1496652',1143,,1228,85,0,5,0
3019,'1496653',1543,,1229,85,0,5,0
3019,'1496654',2143,,1230,85,0,5,0
3019,'1496655',843,,1231,85,0,5,0
3019,'1496657',1243,,1233,85,0,5,0
3019,'1496660',713,,1236,7,0,5,0
