3019,'1496126',907,,1057,74,0,5,0
3019,'1496127',1107,,1058,74,0,5,0
3019,'1496132',1137,,1063,74,0,5,0
3019,'1496135',1707,,1066,74,0,5,0
3019,'1496137',1507,,1068,74,0,5,0
3019,'1496139',1237,,1070,74,0,5,0
3019,'1496140',807,,1071,74,0,5,0
3019,'1496143',737,,1074,74,0,5,0
3019,'1496145',1807,,1076,74,0,5,0
3019,'1496147',1337,,1078,74,0,5,0
3019,'1496148',1037,,1079,74,0,5,0
3019,'1496149',1307,,1080,74,0,5,0
3019,'1496150',1407,,1081,74,0,5,0
3019,'1496152',837,,1083,74,0,5,0
3019,'1496156',1007,,1087,74,0,5,0
3019,'1496157',1637,,1088,74,0,5,0
3019,'1496158',1437,,1089,74,0,5,0
3019,'1496160',1737,,1091,74,0,5,0
3019,'1496161',1207,,1092,74,0,5,0
3019,'1496162',1537,,1093,74,0,5,0
3019,'1496166',1607,,1097,74,0,5,0
3019,'1496169',937,,1100,74,0,5,0
3019,'1496172',637,,1103,43,0,5,0
3019,'1496375',907,,1106,74,0,5,0
3019,'1496376',1107,,1107,74,0,5,0
3019,'1496379',2137,,1110,74,0,5,0
3019,'1496383',2237,,1114,74,0,5,0
3019,'1496384',1137,,1115,74,0,5,0
3019,'1496387',1707,,1118,74,0,5,0
3019,'1496389',2330,,1120,74,0,5,0
3019,'1496390',1507,,1121,74,0,5,0
3019,'1496391',1937,,1122,74,0,5,0
3019,'1496393',1237,,1124,74,0,5,0
3019,'1496394',807,,1125,74,0,5,0
3019,'1496397',2037,,1128,74,0,5,0
3019,'1496399',737,,1130,74,0,5,0
3019,'1496401',1807,,1132,74,0,5,0
3019,'1496403',1337,,1134,74,0,5,0
3019,'1496405',1837,,1136,74,0,5,0
3019,'1496406',1037,,1137,74,0,5,0
3019,'1496407',1307,,1138,74,0,5,0
3019,'1496408',1407,,1139,74,0,5,0
3019,'1496410',837,,1141,74,0,5,0
3019,'1496414',1007,,1145,74,0,5,0
3019,'1496415',1637,,1146,74,0,5,0
3019,'1496416',1437,,1147,74,0,5,0
3019,'1496418',1737,,1149,74,0,5,0
3019,'1496419',1207,,1150,74,0,5,0
3019,'1496420',1537,,1151,74,0,5,0
3019,'1496424',1607,,1155,74,0,5,0
3019,'1496428',937,,1159,74,0,5,0
3019,'1496433',637,,1164,43,0,5,0
3019,'1496454',1737,,1167,74,0,5,0
3019,'1496456',2237,,1169,74,0,5,0
3019,'1496461',1937,,1174,74,0,5,0
3019,'1496462',1437,,1175,74,0,5,0
3019,'1496464',2037,,1177,74,0,5,0
3019,'1496466',2330,,1179,74,0,5,0
3019,'1496470',1837,,1183,74,0,5,0
3019,'1496471',737,,1184,74,0,5,0
3019,'1496472',937,,1185,74,0,5,0
3019,'1496476',1037,,1189,74,0,5,0
3019,'1496477',1337,,1190,74,0,5,0
3019,'1496478',1637,,1191,74,0,5,0
3019,'1496480',1137,,1193,74,0,5,0
3019,'1496481',1537,,1194,74,0,5,0
3019,'1496482',2137,,1195,74,0,5,0
3019,'1496483',837,,1196,74,0,5,0
3019,'1496485',1237,,1198,74,0,5,0
3019,'1496628',1737,,1204,74,0,5,0
3019,'1496630',2237,,1206,74,0,5,0
3019,'1496634',1937,,1210,74,0,5,0
3019,'1496635',1437,,1211,74,0,5,0
3019,'1496637',2037,,1213,74,0,5,0
3019,'1496639',2330,,1215,74,0,5,0
3019,'1496643',1837,,1219,74,0,5,0
3019,'1496644',937,,1220,74,0,5,0
3019,'1496648',1037,,1224,74,0,5,0
3019,'1496649',1337,,1225,74,0,5,0
3019,'1496650',1637,,1226,74,0,5,0
3019,'1496652',1137,,1228,74,0,5,0
3019,'1496653',1537,,1229,74,0,5,0
3019,'1496654',2137,,1230,74,0,5,0
3019,'1496655',837,,1231,74,0,5,0
3019,'1496657',1237,,1233,74,0,5,0
