1019,'1496067',727,,702,32,,,0
1019,'1496069',827,,703,32,,,0
1019,'1496071',1557,,704,32,,,0
1019,'1496072',1657,,705,32,,,0
1019,'1496074',757,,706,32,,,0
1019,'1496075',1457,,707,32,,,0
1019,'1496076',1257,,708,32,,,0
1019,'1496080',1357,,709,32,,,0
1019,'1496085',1057,,710,32,,,0
1019,'1496087',1327,,711,32,,,0
1019,'1496089',857,,712,32,,,0
1019,'1496090',1157,,713,32,,,0
1019,'1496091',957,,714,32,,,0
1019,'1496093',1757,,715,32,,,0
1019,'1496095',1027,,716,32,,,0
1019,'1496097',927,,717,32,,,0
1019,'1496099',1427,,718,32,,,0
1019,'1496100',1527,,719,32,,,0
1019,'1496102',657,,720,32,,,0
1019,'1496103',1227,,721,32,,,0
1019,'1496104',1127,,722,32,,,0
1019,'1496107',1727,,723,32,,,0
1019,'1496109',1627,,724,32,,,0
1019,'1496110',557,,725,1,,,0
1019,'1496296',727,,726,32,,,0
1019,'1496298',827,,727,32,,,0
1019,'1496301',1557,,728,32,,,0
1019,'1496302',2142,,729,32,,,0
1019,'1496303',1657,,730,32,,,0
1019,'1496305',757,,731,32,,,0
1019,'1496306',1457,,732,32,,,0
1019,'1496307',1257,,733,32,,,0
1019,'1496308',1827,,734,32,,,0
1019,'1496313',1357,,735,32,,,0
1019,'1496314',1942,,736,32,,,0
1019,'1496315',2042,,737,32,,,0
1019,'1496321',1057,,738,32,,,0
1019,'1496323',1327,,739,32,,,0
1019,'1496326',857,,740,32,,,0
1019,'1496327',1157,,741,32,,,0
1019,'1496328',957,,742,32,,,0
1019,'1496330',2339,,743,32,,,0
1019,'1496331',1757,,744,32,,,0
1019,'1496334',1027,,745,32,,,0
1019,'1496336',927,,746,32,,,0
1019,'1496338',2242,,747,32,,,0
1019,'1496340',1427,,748,32,,,0
1019,'1496341',1527,,749,32,,,0
1019,'1496343',657,,750,32,,,0
1019,'1496344',1227,,751,32,,,0
1019,'1496345',1127,,752,32,,,0
1019,'1496348',1727,,753,32,,,0
1019,'1496350',1627,,754,32,,,0
1019,'1496351',557,,755,1,,,0
1019,'1496353',1857,,756,32,,,0
1019,'1496526',1342,,757,32,,,0
1019,'1496529',1942,,758,32,,,0
1019,'1496530',742,,759,32,,,0
1019,'1496531',642,,760,32,,,0
1019,'1496532',2042,,761,32,,,0
1019,'1496536',1042,,762,32,,,0
1019,'1496538',1442,,763,32,,,0
1019,'1496541',1642,,764,32,,,0
1019,'1496543',1142,,765,32,,,0
1019,'1496546',2142,,766,32,,,0
1019,'1496548',1542,,767,32,,,0
1019,'1496549',1742,,768,32,,,0
1019,'1496553',942,,769,32,,,0
1019,'1496554',842,,770,32,,,0
1019,'1496557',1242,,771,32,,,0
1019,'1496558',1842,,772,32,,,0
1019,'1496559',2339,,773,32,,,0
1019,'1496560',2242,,774,32,,,0
1019,'1496561',1342,,775,32,,,0
1019,'1496564',1942,,776,32,,,0
1019,'1496565',742,,777,32,,,0
1019,'1496566',2042,,778,32,,,0
1019,'1496570',1042,,779,32,,,0
1019,'1496572',1442,,780,32,,,0
1019,'1496575',1642,,781,32,,,0
1019,'1496576',1142,,782,32,,,0
1019,'1496579',2142,,783,32,,,0
1019,'1496581',1542,,784,32,,,0
1019,'1496582',1742,,785,32,,,0
1019,'1496586',942,,786,32,,,0
1019,'1496587',842,,787,32,,,0
1019,'1496590',1242,,788,32,,,0
1019,'1496591',1842,,789,32,,,0
1019,'1496592',2339,,790,32,,,0
1019,'1496593',2242,,791,32,,,0
