3019,'1496125',1534,,1056,7,,,0
3019,'1496128',1704,,1059,7,,,0
3019,'1496129',834,,1060,7,,,0
3019,'1496130',704,,1061,7,,,0
3019,'1496131',1604,,1062,7,,,0
3019,'1496133',1134,,1064,7,,,0
3019,'1496134',1104,,1065,7,,,0
3019,'1496136',734,,1067,7,,,0
3019,'1496138',904,,1069,7,,,0
3019,'1496141',1334,,1072,7,,,0
3019,'1496142',1304,,1073,7,,,0
3019,'1496144',1434,,1075,7,,,0
3019,'1496146',1234,,1077,7,,,0
3019,'1496151',804,,1082,7,,,0
3019,'1496153',1734,,1084,7,,,0
3019,'1496154',1404,,1085,7,,,0
3019,'1496155',1004,,1086,7,,,0
3019,'1496159',1034,,1090,7,,,0
3019,'1496164',1204,,1095,7,,,0
3019,'1496165',1634,,1096,7,,,0
3019,'1496167',934,,1098,7,,,0
3019,'1496168',1504,,1099,7,,,0
3019,'1496173',634,,1104,7,,,0
3019,'1496374',1534,,1105,7,,,0
3019,'1496377',1704,,1108,7,,,0
3019,'1496378',2019,,1109,7,,,0
3019,'1496380',834,,1111,7,,,0
3019,'1496381',704,,1112,7,,,0
3019,'1496382',1604,,1113,7,,,0
3019,'1496385',1134,,1116,7,,,0
3019,'1496386',1104,,1117,7,,,0
3019,'1496388',734,,1119,7,,,0
3019,'1496392',904,,1123,7,,,0
3019,'1496395',2219,,1126,7,,,0
3019,'1496396',1334,,1127,7,,,0
3019,'1496398',1304,,1129,7,,,0
3019,'1496400',1434,,1131,7,,,0
3019,'1496402',1234,,1133,7,,,0
3019,'1496404',2119,,1135,7,,,0
3019,'1496409',804,,1140,7,,,0
3019,'1496411',1734,,1142,7,,,0
3019,'1496412',1404,,1143,7,,,0
3019,'1496413',1004,,1144,7,,,0
3019,'1496417',1034,,1148,7,,,0
3019,'1496422',1204,,1153,7,,,0
3019,'1496423',1634,,1154,7,,,0
3019,'1496425',934,,1156,7,,,0
3019,'1496426',1504,,1157,7,,,0
3019,'1496427',1819,,1158,7,,,0
3019,'1496429',2319,,1160,7,,,0
3019,'1496432',1919,,1163,7,,,0
3019,'1496434',634,,1165,7,,,0
3019,'1496453',719,,1166,7,,,0
3019,'1496455',1419,,1168,7,,,0
3019,'1496457',819,,1170,7,,,0
3019,'1496458',1119,,1171,7,,,0
3019,'1496459',2219,,1172,7,,,0
3019,'1496460',1819,,1173,7,,,0
3019,'1496463',1319,,1176,7,,,0
3019,'1496465',1919,,1178,7,,,0
3019,'1496467',1619,,1180,7,,,0
3019,'1496468',919,,1181,7,,,0
3019,'1496469',1219,,1182,7,,,0
3019,'1496473',2119,,1186,7,,,0
3019,'1496474',1719,,1187,7,,,0
3019,'1496475',1019,,1188,7,,,0
3019,'1496479',1519,,1192,7,,,0
3019,'1496484',2019,,1197,7,,,0
3019,'1496487',2319,,1200,7,,,0
3019,'1496488',619,,1201,7,,,0
3019,'1496627',719,,1203,7,,,0
3019,'1496629',1419,,1205,7,,,0
3019,'1496631',819,,1207,7,,,0
3019,'1496632',1119,,1208,7,,,0
3019,'1496633',1819,,1209,7,,,0
3019,'1496636',1319,,1212,7,,,0
3019,'1496638',1919,,1214,7,,,0
3019,'1496640',1619,,1216,7,,,0
3019,'1496641',919,,1217,7,,,0
3019,'1496642',1219,,1218,7,,,0
3019,'1496645',2119,,1221,7,,,0
3019,'1496646',1719,,1222,7,,,0
3019,'1496647',1019,,1223,7,,,0
3019,'1496651',1519,,1227,7,,,0
3019,'1496656',2019,,1232,7,,,0
3019,'1496659',2319,,1235,7,,,0
