2029,'1488850',639,,970,32,,,0
2029,'1496221',708,,971,92,,,0
2029,'1496281',708,,972,92,,,0
2029,'1497044',1009,,973,129,,,0
2029,'1497045',1509,,974,129,,,0
2029,'1497046',1309,,975,129,,,0
2029,'1497047',1339,,976,129,,,0
2029,'1497048',1639,,977,129,,,0
2029,'1497049',1039,,978,129,,,0
2029,'1497050',909,,979,129,,,0
2029,'1497051',1709,,980,129,,,0
2029,'1497052',1539,,981,129,,,0
2029,'1497053',1139,,982,129,,,0
2029,'1497054',809,,983,129,,,0
2029,'1497055',1409,,984,129,,,0
2029,'1497056',1739,,985,129,,,0
2029,'1497057',1609,,986,129,,,0
2029,'1497058',1439,,987,129,,,0
2029,'1497059',839,,988,129,,,0
2029,'1497060',1809,,989,129,,,0
2029,'1497061',1109,,990,129,,,0
2029,'1497062',939,,991,129,,,0
2029,'1497063',1239,,992,129,,,0
2029,'1497064',1209,,993,129,,,0
2029,'1497065',1839,,994,129,,,0
2029,'1497066',2109,,995,129,,,0
2029,'1497067',1009,,996,129,,,0
2029,'1497068',1509,,997,129,,,0
2029,'1497069',1309,,998,129,,,0
2029,'1497070',1909,,999,129,,,0
2029,'1497071',1339,,1000,129,,,0
2029,'1497072',1639,,1001,129,,,0
2029,'1497073',1039,,1002,129,,,0
2029,'1497074',2309,,1003,129,,,0
2029,'1497075',909,,1004,129,,,0
2029,'1497076',1709,,1005,129,,,0
2029,'1497077',1539,,1006,129,,,0
2029,'1497078',2359,,1007,129,,,0
2029,'1497079',1139,,1008,129,,,0
2029,'1497080',809,,1009,129,,,0
2029,'1497081',1409,,1010,129,,,0
2029,'1497082',2009,,1011,129,,,0
2029,'1497083',1739,,1012,129,,,0
2029,'1497084',1609,,1013,129,,,0
2029,'1497085',1439,,1014,129,,,0
2029,'1497086',839,,1015,129,,,0
2029,'1497087',1809,,1016,129,,,0
2029,'1497088',1109,,1017,129,,,0
2029,'1497089',939,,1018,129,,,0
2029,'1497090',2209,,1019,129,,,0
2029,'1497091',1239,,1020,129,,,0
2029,'1497092',1209,,1021,129,,,0
2029,'1497093',1839,,1022,129,,,0
2029,'1497094',1809,,1023,129,,,0
2029,'1497095',1209,,1024,129,,,0
2029,'1497096',2309,,1025,129,,,0
2029,'1497097',2359,,1026,129,,,0
2029,'1497098',1109,,1027,129,,,0
2029,'1497099',2109,,1028,129,,,0
2029,'1497100',1009,,1029,129,,,0
2029,'1497101',1609,,1030,129,,,0
2029,'1497102',2209,,1031,129,,,0
2029,'1497103',1909,,1032,129,,,0
2029,'1497104',1309,,1033,129,,,0
2029,'1497105',1509,,1034,129,,,0
2029,'1497106',909,,1035,129,,,0
2029,'1497107',1409,,1036,129,,,0
2029,'1497108',2009,,1037,129,,,0
2029,'1497109',1709,,1038,129,,,0
2029,'1497110',809,,1039,129,,,0
2029,'1497111',1809,,1040,129,,,0
2029,'1497112',1209,,1041,129,,,0
2029,'1497113',2309,,1042,129,,,0
2029,'1497114',2359,,1043,129,,,0
2029,'1497115',1109,,1044,129,,,0
2029,'1497116',2109,,1045,129,,,0
2029,'1497117',1009,,1046,129,,,0
2029,'1497118',1609,,1047,129,,,0
2029,'1497119',2209,,1048,129,,,0
2029,'1497120',1909,,1049,129,,,0
2029,'1497121',1309,,1050,129,,,0
2029,'1497122',1509,,1051,129,,,0
2029,'1497123',909,,1052,129,,,0
2029,'1497124',1409,,1053,129,,,0
2029,'1497125',2009,,1054,129,,,0
2029,'1497126',1709,,1055,129,,,0
3019,'1496126',817,,1057,5,0,5,0
3019,'1496127',1017,,1058,5,0,5,0
3019,'1496132',1047,,1063,5,0,5,0
3019,'1496135',1617,,1066,5,0,5,0
3019,'1496137',1417,,1068,5,0,5,0
3019,'1496139',1147,,1070,5,0,5,0
3019,'1496140',717,,1071,5,0,5,0
3019,'1496143',647,,1074,5,0,5,0
3019,'1496145',1717,,1076,5,0,5,0
3019,'1496147',1247,,1078,5,0,5,0
3019,'1496148',947,,1079,5,0,5,0
3019,'1496149',1217,,1080,5,0,5,0
3019,'1496150',1317,,1081,5,0,5,0
3019,'1496152',747,,1083,5,0,5,0
3019,'1496156',917,,1087,5,0,5,0
3019,'1496157',1547,,1088,5,0,5,0
3019,'1496158',1347,,1089,5,0,5,0
3019,'1496160',1647,,1091,5,0,5,0
3019,'1496161',1117,,1092,5,0,5,0
3019,'1496162',1447,,1093,5,0,5,0
3019,'1496166',1517,,1097,5,0,5,0
3019,'1496169',847,,1100,5,0,5,0
3019,'1496375',817,,1106,5,0,5,0
3019,'1496376',1017,,1107,5,0,5,0
3019,'1496379',2047,,1110,5,0,5,0
3019,'1496383',2147,,1114,5,0,5,0
3019,'1496384',1047,,1115,5,0,5,0
3019,'1496387',1617,,1118,5,0,5,0
3019,'1496389',2247,,1120,5,0,5,0
3019,'1496390',1417,,1121,5,0,5,0
3019,'1496391',1847,,1122,5,0,5,0
3019,'1496393',1147,,1124,5,0,5,0
3019,'1496394',717,,1125,5,0,5,0
3019,'1496397',1947,,1128,5,0,5,0
3019,'1496399',647,,1130,5,0,5,0
3019,'1496401',1717,,1132,5,0,5,0
3019,'1496403',1247,,1134,5,0,5,0
3019,'1496405',1747,,1136,5,0,5,0
3019,'1496406',947,,1137,5,0,5,0
3019,'1496407',1217,,1138,5,0,5,0
3019,'1496408',1317,,1139,5,0,5,0
3019,'1496410',747,,1141,5,0,5,0
3019,'1496414',917,,1145,5,0,5,0
3019,'1496415',1547,,1146,5,0,5,0
3019,'1496416',1347,,1147,5,0,5,0
3019,'1496418',1647,,1149,5,0,5,0
3019,'1496419',1117,,1150,5,0,5,0
3019,'1496420',1447,,1151,5,0,5,0
3019,'1496424',1517,,1155,5,0,5,0
3019,'1496428',847,,1159,5,0,5,0
3019,'1496454',1647,,1167,5,0,5,0
3019,'1496456',2147,,1169,5,0,5,0
3019,'1496461',1847,,1174,5,0,5,0
3019,'1496462',1347,,1175,5,0,5,0
3019,'1496464',1947,,1177,5,0,5,0
3019,'1496466',2247,,1179,5,0,5,0
3019,'1496470',1747,,1183,5,0,5,0
3019,'1496471',647,,1184,5,0,5,0
3019,'1496472',847,,1185,5,0,5,0
3019,'1496476',947,,1189,5,0,5,0
3019,'1496477',1247,,1190,5,0,5,0
3019,'1496478',1547,,1191,5,0,5,0
3019,'1496480',1047,,1193,5,0,5,0
3019,'1496481',1447,,1194,5,0,5,0
3019,'1496482',2047,,1195,5,0,5,0
3019,'1496483',747,,1196,5,0,5,0
3019,'1496485',1147,,1198,5,0,5,0
3019,'1496628',1647,,1204,5,0,5,0
3019,'1496630',2147,,1206,5,0,5,0
3019,'1496634',1847,,1210,5,0,5,0
3019,'1496635',1347,,1211,5,0,5,0
3019,'1496637',1947,,1213,5,0,5,0
3019,'1496639',2247,,1215,5,0,5,0
3019,'1496643',1747,,1219,5,0,5,0
3019,'1496644',847,,1220,5,0,5,0
3019,'1496648',947,,1224,5,0,5,0
3019,'1496649',1247,,1225,5,0,5,0
3019,'1496650',1547,,1226,5,0,5,0
3019,'1496652',1047,,1228,5,0,5,0
3019,'1496653',1447,,1229,5,0,5,0
3019,'1496654',2047,,1230,5,0,5,0
3019,'1496655',747,,1231,5,0,5,0
3019,'1496657',1147,,1233,5,0,5,0
