2029,'1496221',626,,971,33,,,0
2029,'1496281',626,,972,33,,,0
2029,'1497044',927,,973,70,,,0
2029,'1497045',1427,,974,70,,,0
2029,'1497046',1227,,975,70,,,0
2029,'1497047',1257,,976,70,,,0
2029,'1497048',1557,,977,70,,,0
2029,'1497049',957,,978,70,,,0
2029,'1497050',827,,979,70,,,0
2029,'1497051',1627,,980,70,,,0
2029,'1497052',1457,,981,70,,,0
2029,'1497053',1057,,982,70,,,0
2029,'1497054',727,,983,70,,,0
2029,'1497055',1327,,984,70,,,0
2029,'1497056',1657,,985,70,,,0
2029,'1497057',1527,,986,70,,,0
2029,'1497058',1357,,987,70,,,0
2029,'1497059',757,,988,70,,,0
2029,'1497060',1727,,989,70,,,0
2029,'1497061',1027,,990,70,,,0
2029,'1497062',857,,991,70,,,0
2029,'1497063',1157,,992,70,,,0
2029,'1497064',1127,,993,70,,,0
2029,'1497065',1757,,994,70,,,0
2029,'1497066',2027,,995,70,,,0
2029,'1497067',927,,996,70,,,0
2029,'1497068',1427,,997,70,,,0
2029,'1497069',1227,,998,70,,,0
2029,'1497070',1827,,999,70,,,0
2029,'1497071',1257,,1000,70,,,0
2029,'1497072',1557,,1001,70,,,0
2029,'1497073',957,,1002,70,,,0
2029,'1497074',2227,,1003,70,,,0
2029,'1497075',827,,1004,70,,,0
2029,'1497076',1627,,1005,70,,,0
2029,'1497077',1457,,1006,70,,,0
2029,'1497078',2324,,1007,70,,,0
2029,'1497079',1057,,1008,70,,,0
2029,'1497080',727,,1009,70,,,0
2029,'1497081',1327,,1010,70,,,0
2029,'1497082',1927,,1011,70,,,0
2029,'1497083',1657,,1012,70,,,0
2029,'1497084',1527,,1013,70,,,0
2029,'1497085',1357,,1014,70,,,0
2029,'1497086',757,,1015,70,,,0
2029,'1497087',1727,,1016,70,,,0
2029,'1497088',1027,,1017,70,,,0
2029,'1497089',857,,1018,70,,,0
2029,'1497090',2127,,1019,70,,,0
2029,'1497091',1157,,1020,70,,,0
2029,'1497092',1127,,1021,70,,,0
2029,'1497093',1757,,1022,70,,,0
2029,'1497094',1727,,1023,70,,,0
2029,'1497095',1127,,1024,70,,,0
2029,'1497096',2227,,1025,70,,,0
2029,'1497097',2324,,1026,70,,,0
2029,'1497098',1027,,1027,70,,,0
2029,'1497099',2027,,1028,70,,,0
2029,'1497100',927,,1029,70,,,0
2029,'1497101',1527,,1030,70,,,0
2029,'1497102',2127,,1031,70,,,0
2029,'1497103',1827,,1032,70,,,0
2029,'1497104',1227,,1033,70,,,0
2029,'1497105',1427,,1034,70,,,0
2029,'1497106',827,,1035,70,,,0
2029,'1497107',1327,,1036,70,,,0
2029,'1497108',1927,,1037,70,,,0
2029,'1497109',1627,,1038,70,,,0
2029,'1497110',727,,1039,70,,,0
2029,'1497111',1727,,1040,70,,,0
2029,'1497112',1127,,1041,70,,,0
2029,'1497113',2227,,1042,70,,,0
2029,'1497114',2324,,1043,70,,,0
2029,'1497115',1027,,1044,70,,,0
2029,'1497116',2027,,1045,70,,,0
2029,'1497117',927,,1046,70,,,0
2029,'1497118',1527,,1047,70,,,0
2029,'1497119',2127,,1048,70,,,0
2029,'1497120',1827,,1049,70,,,0
2029,'1497121',1227,,1050,70,,,0
2029,'1497122',1427,,1051,70,,,0
2029,'1497123',827,,1052,70,,,0
2029,'1497124',1327,,1053,70,,,0
2029,'1497125',1927,,1054,70,,,0
2029,'1497126',1627,,1055,70,,,0
