2019,'1496174',1225,,878,38,,,0
2019,'1496175',1355,,879,38,,,0
2019,'1496179',1325,,880,38,,,0
2019,'1496181',1455,,881,38,,,0
2019,'1496183',955,,882,38,,,0
2019,'1496184',1525,,883,38,,,0
2019,'1496185',925,,884,38,,,0
2019,'1496187',1125,,885,38,,,0
2019,'1496188',855,,886,38,,,0
2019,'1496189',825,,887,38,,,0
2019,'1496191',1025,,888,38,,,0
2019,'1496194',1555,,889,38,,,0
2019,'1496198',725,,890,38,,,0
2019,'1496200',1725,,891,38,,,0
2019,'1496204',1425,,892,38,,,0
2019,'1496206',1055,,893,38,,,0
2019,'1496208',1155,,894,38,,,0
2019,'1496209',1625,,895,38,,,0
2019,'1496210',1755,,896,38,,,0
2019,'1496211',1655,,897,38,,,0
2019,'1496215',755,,898,38,,,0
2019,'1496216',1255,,899,38,,,0
2019,'1496218',655,,900,38,,,0
2019,'1496220',555,,902,6,,,0
2019,'1496223',2240,,903,38,,,0
2019,'1496224',1225,,904,38,,,0
2019,'1496225',1355,,905,38,,,0
2019,'1496227',2140,,906,38,,,0
2019,'1496228',1840,,907,38,,,0
2019,'1496232',1325,,908,38,,,0
2019,'1496234',1455,,909,38,,,0
2019,'1496236',955,,910,38,,,0
2019,'1496237',1525,,911,38,,,0
2019,'1496238',925,,912,38,,,0
2019,'1496240',1125,,913,38,,,0
2019,'1496242',855,,914,38,,,0
2019,'1496243',825,,915,38,,,0
2019,'1496245',1025,,916,38,,,0
2019,'1496248',1555,,917,38,,,0
2019,'1496253',2040,,918,38,,,0
2019,'1496255',725,,919,38,,,0
2019,'1496257',1725,,920,38,,,0
2019,'1496258',2339,,921,38,,,0
2019,'1496262',1425,,922,38,,,0
2019,'1496264',1055,,923,38,,,0
2019,'1496266',1155,,924,38,,,0
2019,'1496267',1625,,925,38,,,0
2019,'1496268',1755,,926,38,,,0
2019,'1496269',1655,,927,38,,,0
2019,'1496274',755,,928,38,,,0
2019,'1496275',1255,,929,38,,,0
2019,'1496277',655,,930,38,,,0
2019,'1496279',555,,932,16,,,0
2019,'1496280',1940,,933,38,,,0
2019,'1496490',1740,,934,38,,,0
2019,'1496491',2140,,935,38,,,0
2019,'1496492',1340,,936,38,,,0
2019,'1496494',1140,,937,38,,,0
2019,'1496495',1440,,938,38,,,0
2019,'1496498',2040,,939,38,,,0
2019,'1496499',740,,940,38,,,0
2019,'1496505',1240,,941,38,,,0
2019,'1496507',2240,,942,38,,,0
2019,'1496510',1540,,943,38,,,0
2019,'1496511',1840,,944,38,,,0
2019,'1496512',1040,,945,38,,,0
2019,'1496516',940,,946,38,,,0
2019,'1496518',840,,947,38,,,0
2019,'1496520',1640,,948,38,,,0
2019,'1496521',1940,,949,38,,,0
2019,'1496523',640,,950,38,,,0
2019,'1496524',610,,951,6,,,0
2019,'1496525',2339,,952,38,,,0
2019,'1496594',1740,,953,38,,,0
2019,'1496595',2140,,954,38,,,0
2019,'1496596',1340,,955,38,,,0
2019,'1496598',1140,,956,38,,,0
2019,'1496599',1440,,957,38,,,0
2019,'1496602',2040,,958,38,,,0
2019,'1496603',740,,959,38,,,0
2019,'1496609',1240,,960,38,,,0
2019,'1496613',1540,,961,38,,,0
2019,'1496614',1840,,962,38,,,0
2019,'1496615',1040,,963,38,,,0
2019,'1496619',940,,964,38,,,0
2019,'1496621',840,,965,38,,,0
2019,'1496623',1640,,966,38,,,0
2019,'1496624',1940,,967,38,,,0
2019,'1496625',710,,968,6,,,0
2019,'1496626',2339,,969,38,,,0
