1029,'1496065',1423,,792,14,,,0
1029,'1496066',1523,,793,14,,,0
1029,'1496068',1623,,794,14,,,0
1029,'1496070',723,,795,14,,,0
1029,'1496073',1023,,796,14,,,0
1029,'1496077',853,,797,14,,,0
1029,'1496078',1653,,798,14,,,0
1029,'1496079',1553,,799,14,,,0
1029,'1496081',1153,,800,14,,,0
1029,'1496082',1223,,801,14,,,0
1029,'1496083',1353,,802,14,,,0
1029,'1496084',953,,803,14,,,0
1029,'1496086',653,,804,14,,,0
1029,'1496088',1723,,805,14,,,0
1029,'1496092',1323,,806,14,,,0
1029,'1496094',923,,807,14,,,0
1029,'1496096',1123,,808,14,,,0
1029,'1496098',823,,809,14,,,0
1029,'1496101',753,,810,14,,,0
1029,'1496105',1453,,811,14,,,0
1029,'1496106',1253,,812,14,,,0
1029,'1496108',1053,,813,14,,,0
1029,'1496294',1423,,815,14,,,0
1029,'1496295',1523,,816,14,,,0
1029,'1496297',1623,,817,14,,,0
1029,'1496299',723,,818,14,,,0
1029,'1496300',2053,,819,14,,,0
1029,'1496304',1023,,820,14,,,0
1029,'1496309',1953,,821,14,,,0
1029,'1496310',853,,822,14,,,0
1029,'1496311',1653,,823,14,,,0
1029,'1496312',1553,,824,14,,,0
1029,'1496316',1753,,825,14,,,0
1029,'1496317',1153,,826,14,,,0
1029,'1496318',1223,,827,14,,,0
1029,'1496319',1353,,828,14,,,0
1029,'1496320',953,,829,14,,,0
1029,'1496322',653,,830,14,,,0
1029,'1496324',1823,,831,14,,,0
1029,'1496325',1723,,832,14,,,0
1029,'1496329',1323,,833,14,,,0
1029,'1496332',923,,834,14,,,0
1029,'1496333',2153,,835,14,,,0
1029,'1496335',1123,,836,14,,,0
1029,'1496337',2253,,837,14,,,0
1029,'1496339',823,,838,14,,,0
1029,'1496342',753,,839,14,,,0
1029,'1496346',1453,,840,14,,,0
1029,'1496347',1253,,841,14,,,0
1029,'1496349',1053,,842,14,,,0
1029,'1496354',1853,,844,14,,,0
1029,'1496527',1853,,845,14,,,0
1029,'1496528',2053,,846,14,,,0
1029,'1496533',1753,,847,14,,,0
1029,'1496534',2153,,848,14,,,0
1029,'1496535',1253,,849,14,,,0
1029,'1496537',1053,,850,14,,,0
1029,'1496539',953,,851,14,,,0
1029,'1496540',1953,,852,14,,,0
1029,'1496542',653,,853,14,,,0
1029,'1496544',2253,,854,14,,,0
1029,'1496545',1453,,855,14,,,0
1029,'1496547',1553,,856,14,,,0
1029,'1496550',753,,857,14,,,0
1029,'1496551',1153,,858,14,,,0
1029,'1496552',853,,859,14,,,0
1029,'1496555',1653,,860,14,,,0
1029,'1496556',1353,,861,14,,,0
1029,'1496562',1853,,862,14,,,0
1029,'1496563',2053,,863,14,,,0
1029,'1496567',1753,,864,14,,,0
1029,'1496568',2153,,865,14,,,0
1029,'1496569',1253,,866,14,,,0
1029,'1496571',1053,,867,14,,,0
1029,'1496573',953,,868,14,,,0
1029,'1496574',1953,,869,14,,,0
1029,'1496577',2253,,870,14,,,0
1029,'1496578',1453,,871,14,,,0
1029,'1496580',1553,,872,14,,,0
1029,'1496583',753,,873,14,,,0
1029,'1496584',1153,,874,14,,,0
1029,'1496585',853,,875,14,,,0
1029,'1496588',1653,,876,14,,,0
1029,'1496589',1353,,877,14,,,0
