2019,'1496174',1308,,878,101,,,0
2019,'1496175',1438,,879,101,,,0
2019,'1496179',1408,,880,101,,,0
2019,'1496181',1538,,881,101,,,0
2019,'1496183',1038,,882,101,,,0
2019,'1496184',1608,,883,101,,,0
2019,'1496185',1008,,884,101,,,0
2019,'1496187',1208,,885,101,,,0
2019,'1496188',938,,886,101,,,0
2019,'1496189',908,,887,101,,,0
2019,'1496191',1108,,888,101,,,0
2019,'1496194',1638,,889,101,,,0
2019,'1496198',808,,890,101,,,0
2019,'1496200',1808,,891,101,,,0
2019,'1496204',1508,,892,101,,,0
2019,'1496206',1138,,893,101,,,0
2019,'1496208',1238,,894,101,,,0
2019,'1496209',1708,,895,101,,,0
2019,'1496210',1838,,896,101,,,0
2019,'1496211',1738,,897,101,,,0
2019,'1496215',838,,898,101,,,0
2019,'1496216',1338,,899,101,,,0
2019,'1496218',738,,900,101,,,0
2019,'1496219',608,,901,15,,,0
2019,'1496220',638,,902,69,,,0
2019,'1496223',2323,,903,101,,,0
2019,'1496224',1308,,904,101,,,0
2019,'1496225',1438,,905,101,,,0
2019,'1496227',2223,,906,101,,,0
2019,'1496228',1923,,907,101,,,0
2019,'1496232',1408,,908,101,,,0
2019,'1496234',1538,,909,101,,,0
2019,'1496236',1038,,910,101,,,0
2019,'1496237',1608,,911,101,,,0
2019,'1496238',1008,,912,101,,,0
2019,'1496240',1208,,913,101,,,0
2019,'1496242',938,,914,101,,,0
2019,'1496243',908,,915,101,,,0
2019,'1496245',1108,,916,101,,,0
2019,'1496248',1638,,917,101,,,0
2019,'1496253',2123,,918,101,,,0
2019,'1496255',808,,919,101,,,0
2019,'1496257',1808,,920,101,,,0
2019,'1496262',1508,,922,101,,,0
2019,'1496264',1138,,923,101,,,0
2019,'1496266',1238,,924,101,,,0
2019,'1496267',1708,,925,101,,,0
2019,'1496268',1838,,926,101,,,0
2019,'1496269',1738,,927,101,,,0
2019,'1496274',838,,928,101,,,0
2019,'1496275',1338,,929,101,,,0
2019,'1496277',738,,930,101,,,0
2019,'1496278',608,,931,15,,,0
2019,'1496279',638,,932,79,,,0
2019,'1496280',2023,,933,101,,,0
2019,'1496490',1823,,934,101,,,0
2019,'1496491',2223,,935,101,,,0
2019,'1496492',1423,,936,101,,,0
2019,'1496494',1223,,937,101,,,0
2019,'1496495',1523,,938,101,,,0
2019,'1496498',2123,,939,101,,,0
2019,'1496499',823,,940,101,,,0
2019,'1496505',1323,,941,101,,,0
2019,'1496507',2323,,942,101,,,0
2019,'1496510',1623,,943,101,,,0
2019,'1496511',1923,,944,101,,,0
2019,'1496512',1123,,945,101,,,0
2019,'1496516',1023,,946,101,,,0
2019,'1496518',923,,947,101,,,0
2019,'1496520',1723,,948,101,,,0
2019,'1496521',2023,,949,101,,,0
2019,'1496523',723,,950,101,,,0
2019,'1496524',653,,951,69,,,0
2019,'1496594',1823,,953,101,,,0
2019,'1496595',2223,,954,101,,,0
2019,'1496596',1423,,955,101,,,0
2019,'1496598',1223,,956,101,,,0
2019,'1496599',1523,,957,101,,,0
2019,'1496602',2123,,958,101,,,0
2019,'1496603',823,,959,101,,,0
2019,'1496609',1323,,960,101,,,0
2019,'1496613',1623,,961,101,,,0
2019,'1496614',1923,,962,101,,,0
2019,'1496615',1123,,963,101,,,0
2019,'1496619',1023,,964,101,,,0
2019,'1496621',923,,965,101,,,0
2019,'1496623',1723,,966,101,,,0
2019,'1496624',2023,,967,101,,,0
2019,'1496625',753,,968,69,,,0
