3019,'1496125',1615,,1056,75,,,0
3019,'1496128',1745,,1059,75,,,0
3019,'1496129',915,,1060,75,,,0
3019,'1496130',745,,1061,75,,,0
3019,'1496131',1645,,1062,75,,,0
3019,'1496133',1215,,1064,75,,,0
3019,'1496134',1145,,1065,75,,,0
3019,'1496136',815,,1067,75,,,0
3019,'1496138',945,,1069,75,,,0
3019,'1496141',1415,,1072,75,,,0
3019,'1496142',1345,,1073,75,,,0
3019,'1496144',1515,,1075,75,,,0
3019,'1496146',1315,,1077,75,,,0
3019,'1496151',845,,1082,75,,,0
3019,'1496153',1815,,1084,75,,,0
3019,'1496154',1445,,1085,75,,,0
3019,'1496155',1045,,1086,75,,,0
3019,'1496159',1115,,1090,75,,,0
3019,'1496164',1245,,1095,75,,,0
3019,'1496165',1715,,1096,75,,,0
3019,'1496167',1015,,1098,75,,,0
3019,'1496168',1545,,1099,75,,,0
3019,'1496171',615,,1102,19,,,0
3019,'1496173',715,,1104,75,,,0
3019,'1496374',1615,,1105,75,,,0
3019,'1496377',1745,,1108,75,,,0
3019,'1496378',2100,,1109,75,,,0
3019,'1496380',915,,1111,75,,,0
3019,'1496381',745,,1112,75,,,0
3019,'1496382',1645,,1113,75,,,0
3019,'1496385',1215,,1116,75,,,0
3019,'1496386',1145,,1117,75,,,0
3019,'1496388',815,,1119,75,,,0
3019,'1496392',945,,1123,75,,,0
3019,'1496395',2300,,1126,75,,,0
3019,'1496396',1415,,1127,75,,,0
3019,'1496398',1345,,1129,75,,,0
3019,'1496400',1515,,1131,75,,,0
3019,'1496402',1315,,1133,75,,,0
3019,'1496404',2200,,1135,75,,,0
3019,'1496409',845,,1140,75,,,0
3019,'1496411',1815,,1142,75,,,0
3019,'1496412',1445,,1143,75,,,0
3019,'1496413',1045,,1144,75,,,0
3019,'1496417',1115,,1148,75,,,0
3019,'1496422',1245,,1153,75,,,0
3019,'1496423',1715,,1154,75,,,0
3019,'1496425',1015,,1156,75,,,0
3019,'1496426',1545,,1157,75,,,0
3019,'1496427',1900,,1158,75,,,0
3019,'1496431',615,,1162,19,,,0
3019,'1496432',2000,,1163,75,,,0
3019,'1496434',715,,1165,75,,,0
3019,'1496453',800,,1166,75,,,0
3019,'1496455',1500,,1168,75,,,0
3019,'1496457',900,,1170,75,,,0
3019,'1496458',1200,,1171,75,,,0
3019,'1496459',2300,,1172,75,,,0
3019,'1496460',1900,,1173,75,,,0
3019,'1496463',1400,,1176,75,,,0
3019,'1496465',2000,,1178,75,,,0
3019,'1496467',1700,,1180,75,,,0
3019,'1496468',1000,,1181,75,,,0
3019,'1496469',1300,,1182,75,,,0
3019,'1496473',2200,,1186,75,,,0
3019,'1496474',1800,,1187,75,,,0
3019,'1496475',1100,,1188,75,,,0
3019,'1496479',1600,,1192,75,,,0
3019,'1496484',2100,,1197,75,,,0
3019,'1496486',630,,1199,19,,,0
3019,'1496488',700,,1201,75,,,0
3019,'1496627',800,,1203,75,,,0
3019,'1496629',1500,,1205,75,,,0
3019,'1496631',900,,1207,75,,,0
3019,'1496632',1200,,1208,75,,,0
3019,'1496633',1900,,1209,75,,,0
3019,'1496636',1400,,1212,75,,,0
3019,'1496638',2000,,1214,75,,,0
3019,'1496640',1700,,1216,75,,,0
3019,'1496641',1000,,1217,75,,,0
3019,'1496642',1300,,1218,75,,,0
3019,'1496645',2200,,1221,75,,,0
3019,'1496646',1800,,1222,75,,,0
3019,'1496647',1100,,1223,75,,,0
3019,'1496651',1600,,1227,75,,,0
3019,'1496656',2100,,1232,75,,,0
3019,'1496658',730,,1234,19,,,0
