2029,'1497044',906,,973,31,,,0
2029,'1497045',1406,,974,31,,,0
2029,'1497046',1206,,975,31,,,0
2029,'1497047',1236,,976,31,,,0
2029,'1497048',1536,,977,31,,,0
2029,'1497049',936,,978,31,,,0
2029,'1497050',806,,979,31,,,0
2029,'1497051',1606,,980,31,,,0
2029,'1497052',1436,,981,31,,,0
2029,'1497053',1036,,982,31,,,0
2029,'1497054',706,,983,31,,,0
2029,'1497055',1306,,984,31,,,0
2029,'1497056',1636,,985,31,,,0
2029,'1497057',1506,,986,31,,,0
2029,'1497058',1336,,987,31,,,0
2029,'1497059',736,,988,31,,,0
2029,'1497060',1706,,989,31,,,0
2029,'1497061',1006,,990,31,,,0
2029,'1497062',836,,991,31,,,0
2029,'1497063',1136,,992,31,,,0
2029,'1497064',1106,,993,31,,,0
2029,'1497065',1736,,994,31,,,0
2029,'1497066',2006,,995,31,,,0
2029,'1497067',906,,996,31,,,0
2029,'1497068',1406,,997,31,,,0
2029,'1497069',1206,,998,31,,,0
2029,'1497070',1806,,999,31,,,0
2029,'1497071',1236,,1000,31,,,0
2029,'1497072',1536,,1001,31,,,0
2029,'1497073',936,,1002,31,,,0
2029,'1497074',2206,,1003,31,,,0
2029,'1497075',806,,1004,31,,,0
2029,'1497076',1606,,1005,31,,,0
2029,'1497077',1436,,1006,31,,,0
2029,'1497078',2303,,1007,31,,,0
2029,'1497079',1036,,1008,31,,,0
2029,'1497080',706,,1009,31,,,0
2029,'1497081',1306,,1010,31,,,0
2029,'1497082',1906,,1011,31,,,0
2029,'1497083',1636,,1012,31,,,0
2029,'1497084',1506,,1013,31,,,0
2029,'1497085',1336,,1014,31,,,0
2029,'1497086',736,,1015,31,,,0
2029,'1497087',1706,,1016,31,,,0
2029,'1497088',1006,,1017,31,,,0
2029,'1497089',836,,1018,31,,,0
2029,'1497090',2106,,1019,31,,,0
2029,'1497091',1136,,1020,31,,,0
2029,'1497092',1106,,1021,31,,,0
2029,'1497093',1736,,1022,31,,,0
2029,'1497094',1706,,1023,31,,,0
2029,'1497095',1106,,1024,31,,,0
2029,'1497096',2206,,1025,31,,,0
2029,'1497097',2303,,1026,31,,,0
2029,'1497098',1006,,1027,31,,,0
2029,'1497099',2006,,1028,31,,,0
2029,'1497100',906,,1029,31,,,0
2029,'1497101',1506,,1030,31,,,0
2029,'1497102',2106,,1031,31,,,0
2029,'1497103',1806,,1032,31,,,0
2029,'1497104',1206,,1033,31,,,0
2029,'1497105',1406,,1034,31,,,0
2029,'1497106',806,,1035,31,,,0
2029,'1497107',1306,,1036,31,,,0
2029,'1497108',1906,,1037,31,,,0
2029,'1497109',1606,,1038,31,,,0
2029,'1497110',706,,1039,31,,,0
2029,'1497111',1706,,1040,31,,,0
2029,'1497112',1106,,1041,31,,,0
2029,'1497113',2206,,1042,31,,,0
2029,'1497114',2303,,1043,31,,,0
2029,'1497115',1006,,1044,31,,,0
2029,'1497116',2006,,1045,31,,,0
2029,'1497117',906,,1046,31,,,0
2029,'1497118',1506,,1047,31,,,0
2029,'1497119',2106,,1048,31,,,0
2029,'1497120',1806,,1049,31,,,0
2029,'1497121',1206,,1050,31,,,0
2029,'1497122',1406,,1051,31,,,0
2029,'1497123',806,,1052,31,,,0
2029,'1497124',1306,,1053,31,,,0
2029,'1497125',1906,,1054,31,,,0
2029,'1497126',1606,,1055,31,,,0
