3019,'1496126',930,,1057,113,0,5,0
3019,'1496127',1130,,1058,113,0,5,0
3019,'1496132',1200,,1063,113,0,5,0
3019,'1496135',1730,,1066,113,0,5,0
3019,'1496137',1530,,1068,113,0,5,0
3019,'1496139',1300,,1070,113,0,5,0
3019,'1496140',830,,1071,113,0,5,0
3019,'1496143',800,,1074,113,0,5,0
3019,'1496145',1830,,1076,113,0,5,0
3019,'1496147',1400,,1078,113,0,5,0
3019,'1496148',1100,,1079,113,0,5,0
3019,'1496149',1330,,1080,113,0,5,0
3019,'1496150',1430,,1081,113,0,5,0
3019,'1496152',900,,1083,113,0,5,0
3019,'1496156',1030,,1087,113,0,5,0
3019,'1496157',1700,,1088,113,0,5,0
3019,'1496158',1500,,1089,113,0,5,0
3019,'1496160',1800,,1091,113,0,5,0
3019,'1496161',1230,,1092,113,0,5,0
3019,'1496162',1600,,1093,113,0,5,0
3019,'1496163',630,,1094,35,0,5,0
3019,'1496166',1630,,1097,113,0,5,0
3019,'1496169',1000,,1100,113,0,5,0
3019,'1496172',700,,1103,82,0,5,0
3019,'1496375',930,,1106,113,0,5,0
3019,'1496376',1130,,1107,113,0,5,0
3019,'1496379',2200,,1110,113,0,5,0
3019,'1496383',2300,,1114,113,0,5,0
3019,'1496384',1200,,1115,113,0,5,0
3019,'1496387',1730,,1118,113,0,5,0
3019,'1496389',2350,,1120,113,0,5,0
3019,'1496390',1530,,1121,113,0,5,0
3019,'1496391',2000,,1122,113,0,5,0
3019,'1496393',1300,,1124,113,0,5,0
3019,'1496394',830,,1125,113,0,5,0
3019,'1496397',2100,,1128,113,0,5,0
3019,'1496399',800,,1130,113,0,5,0
3019,'1496401',1830,,1132,113,0,5,0
3019,'1496403',1400,,1134,113,0,5,0
3019,'1496405',1900,,1136,113,0,5,0
3019,'1496406',1100,,1137,113,0,5,0
3019,'1496407',1330,,1138,113,0,5,0
3019,'1496408',1430,,1139,113,0,5,0
3019,'1496410',900,,1141,113,0,5,0
3019,'1496414',1030,,1145,113,0,5,0
3019,'1496415',1700,,1146,113,0,5,0
3019,'1496416',1500,,1147,113,0,5,0
3019,'1496418',1800,,1149,113,0,5,0
3019,'1496419',1230,,1150,113,0,5,0
3019,'1496420',1600,,1151,113,0,5,0
3019,'1496421',630,,1152,35,0,5,0
3019,'1496424',1630,,1155,113,0,5,0
3019,'1496428',1000,,1159,113,0,5,0
3019,'1496433',700,,1164,82,0,5,0
3019,'1496454',1800,,1167,113,0,5,0
3019,'1496456',2300,,1169,113,0,5,0
3019,'1496461',2000,,1174,113,0,5,0
3019,'1496462',1500,,1175,113,0,5,0
3019,'1496464',2100,,1177,113,0,5,0
3019,'1496466',2350,,1179,113,0,5,0
3019,'1496470',1900,,1183,113,0,5,0
3019,'1496471',800,,1184,113,0,5,0
3019,'1496472',1000,,1185,113,0,5,0
3019,'1496476',1100,,1189,113,0,5,0
3019,'1496477',1400,,1190,113,0,5,0
3019,'1496478',1700,,1191,113,0,5,0
3019,'1496480',1200,,1193,113,0,5,0
3019,'1496481',1600,,1194,113,0,5,0
3019,'1496482',2200,,1195,113,0,5,0
3019,'1496483',900,,1196,113,0,5,0
3019,'1496485',1300,,1198,113,0,5,0
3019,'1496489',630,,1202,35,0,5,0
3019,'1496628',1800,,1204,113,0,5,0
3019,'1496630',2300,,1206,113,0,5,0
3019,'1496634',2000,,1210,113,0,5,0
3019,'1496635',1500,,1211,113,0,5,0
3019,'1496637',2100,,1213,113,0,5,0
3019,'1496639',2350,,1215,113,0,5,0
3019,'1496643',1900,,1219,113,0,5,0
3019,'1496644',1000,,1220,113,0,5,0
3019,'1496648',1100,,1224,113,0,5,0
3019,'1496649',1400,,1225,113,0,5,0
3019,'1496650',1700,,1226,113,0,5,0
3019,'1496652',1200,,1228,113,0,5,0
3019,'1496653',1600,,1229,113,0,5,0
3019,'1496654',2200,,1230,113,0,5,0
3019,'1496655',900,,1231,113,0,5,0
3019,'1496657',1300,,1233,113,0,5,0
3019,'1496660',730,,1236,35,0,5,0
