8019,'1496053',1743,,1304,8,,,0
8019,'1496054',1043,,1305,8,,,0
8019,'1496055',1343,,1306,8,,,0
8019,'1496056',943,,1307,8,,,0
8019,'1496057',1443,,1308,8,,,0
8019,'1496058',743,,1309,8,,,0
8019,'1496059',1643,,1310,8,,,0
8019,'1496060',843,,1311,8,,,0
8019,'1496061',643,,1312,8,,,0
8019,'1496062',1543,,1313,8,,,0
8019,'1496063',1243,,1314,8,,,0
8019,'1496064',1143,,1315,8,,,0
8019,'1496282',1743,,1316,8,,,0
8019,'1496283',1043,,1317,8,,,0
8019,'1496284',1343,,1318,8,,,0
8019,'1496285',943,,1319,8,,,0
8019,'1496286',1443,,1320,8,,,0
8019,'1496287',743,,1321,8,,,0
8019,'1496288',1643,,1322,8,,,0
8019,'1496289',843,,1323,8,,,0
8019,'1496290',643,,1324,8,,,0
8019,'1496291',1543,,1325,8,,,0
8019,'1496292',1243,,1326,8,,,0
8019,'1496293',1143,,1327,8,,,0
