1029,'1496065',1443,,792,42,,,0
1029,'1496066',1543,,793,42,,,0
1029,'1496068',1643,,794,42,,,0
1029,'1496070',743,,795,42,,,0
1029,'1496073',1043,,796,42,,,0
1029,'1496077',913,,797,42,,,0
1029,'1496078',1713,,798,42,,,0
1029,'1496079',1613,,799,42,,,0
1029,'1496081',1213,,800,42,,,0
1029,'1496082',1243,,801,42,,,0
1029,'1496083',1413,,802,42,,,0
1029,'1496084',1013,,803,42,,,0
1029,'1496086',713,,804,42,,,0
1029,'1496088',1743,,805,42,,,0
1029,'1496092',1343,,806,42,,,0
1029,'1496094',943,,807,42,,,0
1029,'1496096',1143,,808,42,,,0
1029,'1496098',843,,809,42,,,0
1029,'1496101',813,,810,42,,,0
1029,'1496105',1513,,811,42,,,0
1029,'1496106',1313,,812,42,,,0
1029,'1496108',1113,,813,42,,,0
1029,'1496294',1443,,815,42,,,0
1029,'1496295',1543,,816,42,,,0
1029,'1496297',1643,,817,42,,,0
1029,'1496299',743,,818,42,,,0
1029,'1496300',2113,,819,42,,,0
1029,'1496304',1043,,820,42,,,0
1029,'1496309',2013,,821,42,,,0
1029,'1496310',913,,822,42,,,0
1029,'1496311',1713,,823,42,,,0
1029,'1496312',1613,,824,42,,,0
1029,'1496316',1813,,825,42,,,0
1029,'1496317',1213,,826,42,,,0
1029,'1496318',1243,,827,42,,,0
1029,'1496319',1413,,828,42,,,0
1029,'1496320',1013,,829,42,,,0
1029,'1496322',713,,830,42,,,0
1029,'1496324',1843,,831,42,,,0
1029,'1496325',1743,,832,42,,,0
1029,'1496329',1343,,833,42,,,0
1029,'1496332',943,,834,42,,,0
1029,'1496333',2213,,835,42,,,0
1029,'1496335',1143,,836,42,,,0
1029,'1496337',2313,,837,42,,,0
1029,'1496339',843,,838,42,,,0
1029,'1496342',813,,839,42,,,0
1029,'1496346',1513,,840,42,,,0
1029,'1496347',1313,,841,42,,,0
1029,'1496349',1113,,842,42,,,0
1029,'1496354',1913,,844,42,,,0
1029,'1496527',1913,,845,42,,,0
1029,'1496528',2113,,846,42,,,0
1029,'1496533',1813,,847,42,,,0
1029,'1496534',2213,,848,42,,,0
1029,'1496535',1313,,849,42,,,0
1029,'1496537',1113,,850,42,,,0
1029,'1496539',1013,,851,42,,,0
1029,'1496540',2013,,852,42,,,0
1029,'1496542',713,,853,42,,,0
1029,'1496544',2313,,854,42,,,0
1029,'1496545',1513,,855,42,,,0
1029,'1496547',1613,,856,42,,,0
1029,'1496550',813,,857,42,,,0
1029,'1496551',1213,,858,42,,,0
1029,'1496552',913,,859,42,,,0
1029,'1496555',1713,,860,42,,,0
1029,'1496556',1413,,861,42,,,0
1029,'1496562',1913,,862,42,,,0
1029,'1496563',2113,,863,42,,,0
1029,'1496567',1813,,864,42,,,0
1029,'1496568',2213,,865,42,,,0
1029,'1496569',1313,,866,42,,,0
1029,'1496571',1113,,867,42,,,0
1029,'1496573',1013,,868,42,,,0
1029,'1496574',2013,,869,42,,,0
1029,'1496577',2313,,870,42,,,0
1029,'1496578',1513,,871,42,,,0
1029,'1496580',1613,,872,42,,,0
1029,'1496583',813,,873,42,,,0
1029,'1496584',1213,,874,42,,,0
1029,'1496585',913,,875,42,,,0
1029,'1496588',1713,,876,42,,,0
1029,'1496589',1413,,877,42,,,0
4019,'1496112',718,,1237,71,,,0
4019,'1496113',1118,,1238,71,,,0
4019,'1496114',918,,1239,71,,,0
4019,'1496115',1718,,1240,71,,,0
4019,'1496116',1018,,1241,71,,,0
4019,'1496117',1218,,1242,71,,,0
4019,'1496118',818,,1243,71,,,0
4019,'1496119',1618,,1244,71,,,0
4019,'1496120',1818,,1245,71,,,0
4019,'1496121',1418,,1246,71,,,0
4019,'1496122',1518,,1247,71,,,0
4019,'1496123',1318,,1248,71,,,0
4019,'1496124',618,,1249,37,,,0
4019,'1496355',718,,1250,71,,,0
4019,'1496356',2353,,1251,71,,,0
4019,'1496357',1118,,1252,71,,,0
4019,'1496358',918,,1253,71,,,0
4019,'1496359',2103,,1254,71,,,0
4019,'1496360',1718,,1255,71,,,0
4019,'1496361',1918,,1256,71,,,0
4019,'1496362',2203,,1257,71,,,0
4019,'1496363',1018,,1258,71,,,0
4019,'1496364',1218,,1259,71,,,0
4019,'1496365',2003,,1260,71,,,0
4019,'1496366',818,,1261,71,,,0
4019,'1496367',1618,,1262,71,,,0
4019,'1496368',1818,,1263,71,,,0
4019,'1496369',1418,,1264,71,,,0
4019,'1496370',1518,,1265,71,,,0
4019,'1496371',2303,,1266,71,,,0
4019,'1496372',1318,,1267,71,,,0
4019,'1496373',618,,1268,37,,,0
4019,'1496435',903,,1269,71,,,0
4019,'1496436',803,,1270,71,,,0
4019,'1496437',1703,,1271,71,,,0
4019,'1496438',2303,,1272,71,,,0
4019,'1496439',1803,,1273,71,,,0
4019,'1496440',1503,,1274,71,,,0
4019,'1496441',2203,,1275,71,,,0
4019,'1496442',1103,,1276,71,,,0
4019,'1496443',2003,,1277,71,,,0
4019,'1496444',1603,,1278,71,,,0
4019,'1496445',1003,,1279,71,,,0
4019,'1496446',1903,,1280,71,,,0
4019,'1496447',1403,,1281,71,,,0
4019,'1496448',703,,1282,71,,,0
4019,'1496449',2103,,1283,71,,,0
4019,'1496450',1203,,1284,71,,,0
4019,'1496451',1303,,1285,71,,,0
4019,'1496452',2353,,1286,71,,,0
4019,'1496661',903,,1287,71,,,0
4019,'1496662',803,,1288,71,,,0
4019,'1496663',1703,,1289,71,,,0
4019,'1496664',2303,,1290,71,,,0
4019,'1496665',1803,,1291,71,,,0
4019,'1496666',1503,,1292,71,,,0
4019,'1496667',2203,,1293,71,,,0
4019,'1496668',1103,,1294,71,,,0
4019,'1496669',2003,,1295,71,,,0
4019,'1496670',1603,,1296,71,,,0
4019,'1496671',1003,,1297,71,,,0
4019,'1496672',1903,,1298,71,,,0
4019,'1496673',1403,,1299,71,,,0
4019,'1496674',2103,,1300,71,,,0
4019,'1496675',1203,,1301,71,,,0
4019,'1496676',1303,,1302,71,,,0
4019,'1496677',2353,,1303,71,,,0
