8019,'1496053',1737,,1304,5,,,0
8019,'1496054',1037,,1305,5,,,0
8019,'1496055',1337,,1306,5,,,0
8019,'1496056',937,,1307,5,,,0
8019,'1496057',1437,,1308,5,,,0
8019,'1496058',737,,1309,5,,,0
8019,'1496059',1637,,1310,5,,,0
8019,'1496060',837,,1311,5,,,0
8019,'1496061',637,,1312,5,,,0
8019,'1496062',1537,,1313,5,,,0
8019,'1496063',1237,,1314,5,,,0
8019,'1496064',1137,,1315,5,,,0
8019,'1496282',1737,,1316,5,,,0
8019,'1496283',1037,,1317,5,,,0
8019,'1496284',1337,,1318,5,,,0
8019,'1496285',937,,1319,5,,,0
8019,'1496286',1437,,1320,5,,,0
8019,'1496287',737,,1321,5,,,0
8019,'1496288',1637,,1322,5,,,0
8019,'1496289',837,,1323,5,,,0
8019,'1496290',637,,1324,5,,,0
8019,'1496291',1537,,1325,5,,,0
8019,'1496292',1237,,1326,5,,,0
8019,'1496293',1137,,1327,5,,,0
