2029,'1496221',626,,971,32,,,0
2029,'1496281',626,,972,32,,,0
2029,'1497044',927,,973,69,,,0
2029,'1497045',1427,,974,69,,,0
2029,'1497046',1227,,975,69,,,0
2029,'1497047',1257,,976,69,,,0
2029,'1497048',1557,,977,69,,,0
2029,'1497049',957,,978,69,,,0
2029,'1497050',827,,979,69,,,0
2029,'1497051',1627,,980,69,,,0
2029,'1497052',1457,,981,69,,,0
2029,'1497053',1057,,982,69,,,0
2029,'1497054',727,,983,69,,,0
2029,'1497055',1327,,984,69,,,0
2029,'1497056',1657,,985,69,,,0
2029,'1497057',1527,,986,69,,,0
2029,'1497058',1357,,987,69,,,0
2029,'1497059',757,,988,69,,,0
2029,'1497060',1727,,989,69,,,0
2029,'1497061',1027,,990,69,,,0
2029,'1497062',857,,991,69,,,0
2029,'1497063',1157,,992,69,,,0
2029,'1497064',1127,,993,69,,,0
2029,'1497065',1757,,994,69,,,0
2029,'1497066',2027,,995,69,,,0
2029,'1497067',927,,996,69,,,0
2029,'1497068',1427,,997,69,,,0
2029,'1497069',1227,,998,69,,,0
2029,'1497070',1827,,999,69,,,0
2029,'1497071',1257,,1000,69,,,0
2029,'1497072',1557,,1001,69,,,0
2029,'1497073',957,,1002,69,,,0
2029,'1497074',2227,,1003,69,,,0
2029,'1497075',827,,1004,69,,,0
2029,'1497076',1627,,1005,69,,,0
2029,'1497077',1457,,1006,69,,,0
2029,'1497078',2324,,1007,69,,,0
2029,'1497079',1057,,1008,69,,,0
2029,'1497080',727,,1009,69,,,0
2029,'1497081',1327,,1010,69,,,0
2029,'1497082',1927,,1011,69,,,0
2029,'1497083',1657,,1012,69,,,0
2029,'1497084',1527,,1013,69,,,0
2029,'1497085',1357,,1014,69,,,0
2029,'1497086',757,,1015,69,,,0
2029,'1497087',1727,,1016,69,,,0
2029,'1497088',1027,,1017,69,,,0
2029,'1497089',857,,1018,69,,,0
2029,'1497090',2127,,1019,69,,,0
2029,'1497091',1157,,1020,69,,,0
2029,'1497092',1127,,1021,69,,,0
2029,'1497093',1757,,1022,69,,,0
2029,'1497094',1727,,1023,69,,,0
2029,'1497095',1127,,1024,69,,,0
2029,'1497096',2227,,1025,69,,,0
2029,'1497097',2324,,1026,69,,,0
2029,'1497098',1027,,1027,69,,,0
2029,'1497099',2027,,1028,69,,,0
2029,'1497100',927,,1029,69,,,0
2029,'1497101',1527,,1030,69,,,0
2029,'1497102',2127,,1031,69,,,0
2029,'1497103',1827,,1032,69,,,0
2029,'1497104',1227,,1033,69,,,0
2029,'1497105',1427,,1034,69,,,0
2029,'1497106',827,,1035,69,,,0
2029,'1497107',1327,,1036,69,,,0
2029,'1497108',1927,,1037,69,,,0
2029,'1497109',1627,,1038,69,,,0
2029,'1497110',727,,1039,69,,,0
2029,'1497111',1727,,1040,69,,,0
2029,'1497112',1127,,1041,69,,,0
2029,'1497113',2227,,1042,69,,,0
2029,'1497114',2324,,1043,69,,,0
2029,'1497115',1027,,1044,69,,,0
2029,'1497116',2027,,1045,69,,,0
2029,'1497117',927,,1046,69,,,0
2029,'1497118',1527,,1047,69,,,0
2029,'1497119',2127,,1048,69,,,0
2029,'1497120',1827,,1049,69,,,0
2029,'1497121',1227,,1050,69,,,0
2029,'1497122',1427,,1051,69,,,0
2029,'1497123',827,,1052,69,,,0
2029,'1497124',1327,,1053,69,,,0
2029,'1497125',1927,,1054,69,,,0
2029,'1497126',1627,,1055,69,,,0
