1019,'1496067',748,,702,59,,,0
1019,'1496069',848,,703,59,,,0
1019,'1496071',1618,,704,59,,,0
1019,'1496072',1718,,705,59,,,0
1019,'1496074',818,,706,59,,,0
1019,'1496075',1518,,707,59,,,0
1019,'1496076',1318,,708,59,,,0
1019,'1496080',1418,,709,59,,,0
1019,'1496085',1118,,710,59,,,0
1019,'1496087',1348,,711,59,,,0
1019,'1496089',918,,712,59,,,0
1019,'1496090',1218,,713,59,,,0
1019,'1496091',1018,,714,59,,,0
1019,'1496093',1818,,715,59,,,0
1019,'1496095',1048,,716,59,,,0
1019,'1496097',948,,717,59,,,0
1019,'1496099',1448,,718,59,,,0
1019,'1496100',1548,,719,59,,,0
1019,'1496102',718,,720,59,,,0
1019,'1496103',1248,,721,59,,,0
1019,'1496104',1148,,722,59,,,0
1019,'1496107',1748,,723,59,,,0
1019,'1496109',1648,,724,59,,,0
1019,'1496110',618,,725,28,,,0
1019,'1496296',748,,726,59,,,0
1019,'1496298',848,,727,59,,,0
1019,'1496301',1618,,728,59,,,0
1019,'1496302',2203,,729,59,,,0
1019,'1496303',1718,,730,59,,,0
1019,'1496305',818,,731,59,,,0
1019,'1496306',1518,,732,59,,,0
1019,'1496307',1318,,733,59,,,0
1019,'1496308',1848,,734,59,,,0
1019,'1496313',1418,,735,59,,,0
1019,'1496314',2003,,736,59,,,0
1019,'1496315',2103,,737,59,,,0
1019,'1496321',1118,,738,59,,,0
1019,'1496323',1348,,739,59,,,0
1019,'1496326',918,,740,59,,,0
1019,'1496327',1218,,741,59,,,0
1019,'1496328',1018,,742,59,,,0
1019,'1496330',2354,,743,59,,,0
1019,'1496331',1818,,744,59,,,0
1019,'1496334',1048,,745,59,,,0
1019,'1496336',948,,746,59,,,0
1019,'1496338',2303,,747,59,,,0
1019,'1496340',1448,,748,59,,,0
1019,'1496341',1548,,749,59,,,0
1019,'1496343',718,,750,59,,,0
1019,'1496344',1248,,751,59,,,0
1019,'1496345',1148,,752,59,,,0
1019,'1496348',1748,,753,59,,,0
1019,'1496350',1648,,754,59,,,0
1019,'1496351',618,,755,28,,,0
1019,'1496353',1918,,756,59,,,0
1019,'1496526',1403,,757,59,,,0
1019,'1496529',2003,,758,59,,,0
1019,'1496530',803,,759,59,,,0
1019,'1496531',703,,760,59,,,0
1019,'1496532',2103,,761,59,,,0
1019,'1496536',1103,,762,59,,,0
1019,'1496538',1503,,763,59,,,0
1019,'1496541',1703,,764,59,,,0
1019,'1496543',1203,,765,59,,,0
1019,'1496546',2203,,766,59,,,0
1019,'1496548',1603,,767,59,,,0
1019,'1496549',1803,,768,59,,,0
1019,'1496553',1003,,769,59,,,0
1019,'1496554',903,,770,59,,,0
1019,'1496557',1303,,771,59,,,0
1019,'1496558',1903,,772,59,,,0
1019,'1496559',2352,,773,59,,,0
1019,'1496560',2303,,774,59,,,0
1019,'1496561',1403,,775,59,,,0
1019,'1496564',2003,,776,59,,,0
1019,'1496565',803,,777,59,,,0
1019,'1496566',2103,,778,59,,,0
1019,'1496570',1103,,779,59,,,0
1019,'1496572',1503,,780,59,,,0
1019,'1496575',1703,,781,59,,,0
1019,'1496576',1203,,782,59,,,0
1019,'1496579',2203,,783,59,,,0
1019,'1496581',1603,,784,59,,,0
1019,'1496582',1803,,785,59,,,0
1019,'1496586',1003,,786,59,,,0
1019,'1496587',903,,787,59,,,0
1019,'1496590',1303,,788,59,,,0
1019,'1496591',1903,,789,59,,,0
1019,'1496592',2352,,790,59,,,0
1019,'1496593',2303,,791,59,,,0
