1019,'1496067',731,,702,38,,,0
1019,'1496069',831,,703,38,,,0
1019,'1496071',1601,,704,38,,,0
1019,'1496072',1701,,705,38,,,0
1019,'1496074',801,,706,38,,,0
1019,'1496075',1501,,707,38,,,0
1019,'1496076',1301,,708,38,,,0
1019,'1496080',1401,,709,38,,,0
1019,'1496085',1101,,710,38,,,0
1019,'1496087',1331,,711,38,,,0
1019,'1496089',901,,712,38,,,0
1019,'1496090',1201,,713,38,,,0
1019,'1496091',1001,,714,38,,,0
1019,'1496093',1801,,715,38,,,0
1019,'1496095',1031,,716,38,,,0
1019,'1496097',931,,717,38,,,0
1019,'1496099',1431,,718,38,,,0
1019,'1496100',1531,,719,38,,,0
1019,'1496102',701,,720,38,,,0
1019,'1496103',1231,,721,38,,,0
1019,'1496104',1131,,722,38,,,0
1019,'1496107',1731,,723,38,,,0
1019,'1496109',1631,,724,38,,,0
1019,'1496110',601,,725,7,,,0
1019,'1496296',731,,726,38,,,0
1019,'1496298',831,,727,38,,,0
1019,'1496301',1601,,728,38,,,0
1019,'1496302',2146,,729,38,,,0
1019,'1496303',1701,,730,38,,,0
1019,'1496305',801,,731,38,,,0
1019,'1496306',1501,,732,38,,,0
1019,'1496307',1301,,733,38,,,0
1019,'1496308',1831,,734,38,,,0
1019,'1496313',1401,,735,38,,,0
1019,'1496314',1946,,736,38,,,0
1019,'1496315',2046,,737,38,,,0
1019,'1496321',1101,,738,38,,,0
1019,'1496323',1331,,739,38,,,0
1019,'1496326',901,,740,38,,,0
1019,'1496327',1201,,741,38,,,0
1019,'1496328',1001,,742,38,,,0
1019,'1496330',2340,,743,38,,,0
1019,'1496331',1801,,744,38,,,0
1019,'1496334',1031,,745,38,,,0
1019,'1496336',931,,746,38,,,0
1019,'1496338',2246,,747,38,,,0
1019,'1496340',1431,,748,38,,,0
1019,'1496341',1531,,749,38,,,0
1019,'1496343',701,,750,38,,,0
1019,'1496344',1231,,751,38,,,0
1019,'1496345',1131,,752,38,,,0
1019,'1496348',1731,,753,38,,,0
1019,'1496350',1631,,754,38,,,0
1019,'1496351',601,,755,7,,,0
1019,'1496353',1901,,756,38,,,0
1019,'1496526',1346,,757,38,,,0
1019,'1496529',1946,,758,38,,,0
1019,'1496530',746,,759,38,,,0
1019,'1496531',646,,760,38,,,0
1019,'1496532',2046,,761,38,,,0
1019,'1496536',1046,,762,38,,,0
1019,'1496538',1446,,763,38,,,0
1019,'1496541',1646,,764,38,,,0
1019,'1496543',1146,,765,38,,,0
1019,'1496546',2146,,766,38,,,0
1019,'1496548',1546,,767,38,,,0
1019,'1496549',1746,,768,38,,,0
1019,'1496553',946,,769,38,,,0
1019,'1496554',846,,770,38,,,0
1019,'1496557',1246,,771,38,,,0
1019,'1496558',1846,,772,38,,,0
1019,'1496559',2341,,773,38,,,0
1019,'1496560',2246,,774,38,,,0
1019,'1496561',1346,,775,38,,,0
1019,'1496564',1946,,776,38,,,0
1019,'1496565',746,,777,38,,,0
1019,'1496566',2046,,778,38,,,0
1019,'1496570',1046,,779,38,,,0
1019,'1496572',1446,,780,38,,,0
1019,'1496575',1646,,781,38,,,0
1019,'1496576',1146,,782,38,,,0
1019,'1496579',2146,,783,38,,,0
1019,'1496581',1546,,784,38,,,0
1019,'1496582',1746,,785,38,,,0
1019,'1496586',946,,786,38,,,0
1019,'1496587',846,,787,38,,,0
1019,'1496590',1246,,788,38,,,0
1019,'1496591',1846,,789,38,,,0
1019,'1496592',2341,,790,38,,,0
1019,'1496593',2246,,791,38,,,0
