2019,'1496174',1215,,878,21,,,0
2019,'1496175',1345,,879,21,,,0
2019,'1496179',1315,,880,21,,,0
2019,'1496181',1445,,881,21,,,0
2019,'1496183',945,,882,21,,,0
2019,'1496184',1515,,883,21,,,0
2019,'1496185',915,,884,21,,,0
2019,'1496187',1115,,885,21,,,0
2019,'1496188',845,,886,21,,,0
2019,'1496189',815,,887,21,,,0
2019,'1496191',1015,,888,21,,,0
2019,'1496194',1545,,889,21,,,0
2019,'1496198',715,,890,21,,,0
2019,'1496200',1715,,891,21,,,0
2019,'1496204',1415,,892,21,,,0
2019,'1496206',1045,,893,21,,,0
2019,'1496208',1145,,894,21,,,0
2019,'1496209',1615,,895,21,,,0
2019,'1496210',1745,,896,21,,,0
2019,'1496211',1645,,897,21,,,0
2019,'1496215',745,,898,21,,,0
2019,'1496216',1245,,899,21,,,0
2019,'1496218',645,,900,21,,,0
2019,'1496223',2230,,903,21,,,0
2019,'1496224',1215,,904,21,,,0
2019,'1496225',1345,,905,21,,,0
2019,'1496227',2130,,906,21,,,0
2019,'1496228',1830,,907,21,,,0
2019,'1496232',1315,,908,21,,,0
2019,'1496234',1445,,909,21,,,0
2019,'1496236',945,,910,21,,,0
2019,'1496237',1515,,911,21,,,0
2019,'1496238',915,,912,21,,,0
2019,'1496240',1115,,913,21,,,0
2019,'1496242',845,,914,21,,,0
2019,'1496243',815,,915,21,,,0
2019,'1496245',1015,,916,21,,,0
2019,'1496248',1545,,917,21,,,0
2019,'1496253',2030,,918,21,,,0
2019,'1496255',715,,919,21,,,0
2019,'1496257',1715,,920,21,,,0
2019,'1496258',2328,,921,21,,,0
2019,'1496262',1415,,922,21,,,0
2019,'1496264',1045,,923,21,,,0
2019,'1496266',1145,,924,21,,,0
2019,'1496267',1615,,925,21,,,0
2019,'1496268',1745,,926,21,,,0
2019,'1496269',1645,,927,21,,,0
2019,'1496274',745,,928,21,,,0
2019,'1496275',1245,,929,21,,,0
2019,'1496277',645,,930,21,,,0
2019,'1496280',1930,,933,21,,,0
2019,'1496490',1730,,934,21,,,0
2019,'1496491',2130,,935,21,,,0
2019,'1496492',1330,,936,21,,,0
2019,'1496494',1130,,937,21,,,0
2019,'1496495',1430,,938,21,,,0
2019,'1496498',2030,,939,21,,,0
2019,'1496499',730,,940,21,,,0
2019,'1496505',1230,,941,21,,,0
2019,'1496507',2230,,942,21,,,0
2019,'1496510',1530,,943,21,,,0
2019,'1496511',1830,,944,21,,,0
2019,'1496512',1030,,945,21,,,0
2019,'1496516',930,,946,21,,,0
2019,'1496518',830,,947,21,,,0
2019,'1496520',1630,,948,21,,,0
2019,'1496521',1930,,949,21,,,0
2019,'1496523',630,,950,21,,,0
2019,'1496525',2327,,952,21,,,0
2019,'1496594',1730,,953,21,,,0
2019,'1496595',2130,,954,21,,,0
2019,'1496596',1330,,955,21,,,0
2019,'1496598',1130,,956,21,,,0
2019,'1496599',1430,,957,21,,,0
2019,'1496602',2030,,958,21,,,0
2019,'1496603',730,,959,21,,,0
2019,'1496609',1230,,960,21,,,0
2019,'1496613',1530,,961,21,,,0
2019,'1496614',1830,,962,21,,,0
2019,'1496615',1030,,963,21,,,0
2019,'1496619',930,,964,21,,,0
2019,'1496621',830,,965,21,,,0
2019,'1496623',1630,,966,21,,,0
2019,'1496624',1930,,967,21,,,0
2019,'1496626',2327,,969,21,,,0
3019,'1496125',1610,,1056,70,,,0
3019,'1496128',1740,,1059,70,,,0
3019,'1496129',910,,1060,70,,,0
3019,'1496130',740,,1061,70,,,0
3019,'1496131',1640,,1062,70,,,0
3019,'1496133',1210,,1064,70,,,0
3019,'1496134',1140,,1065,70,,,0
3019,'1496136',810,,1067,70,,,0
3019,'1496138',940,,1069,70,,,0
3019,'1496141',1410,,1072,70,,,0
3019,'1496142',1340,,1073,70,,,0
3019,'1496144',1510,,1075,70,,,0
3019,'1496146',1310,,1077,70,,,0
3019,'1496151',840,,1082,70,,,0
3019,'1496153',1810,,1084,70,,,0
3019,'1496154',1440,,1085,70,,,0
3019,'1496155',1040,,1086,70,,,0
3019,'1496159',1110,,1090,70,,,0
3019,'1496164',1240,,1095,70,,,0
3019,'1496165',1710,,1096,70,,,0
3019,'1496167',1010,,1098,70,,,0
3019,'1496168',1540,,1099,70,,,0
3019,'1496171',610,,1102,14,,,0
3019,'1496173',710,,1104,70,,,0
3019,'1496374',1610,,1105,70,,,0
3019,'1496377',1740,,1108,70,,,0
3019,'1496378',2055,,1109,70,,,0
3019,'1496380',910,,1111,70,,,0
3019,'1496381',740,,1112,70,,,0
3019,'1496382',1640,,1113,70,,,0
3019,'1496385',1210,,1116,70,,,0
3019,'1496386',1140,,1117,70,,,0
3019,'1496388',810,,1119,70,,,0
3019,'1496392',940,,1123,70,,,0
3019,'1496395',2255,,1126,70,,,0
3019,'1496396',1410,,1127,70,,,0
3019,'1496398',1340,,1129,70,,,0
3019,'1496400',1510,,1131,70,,,0
3019,'1496402',1310,,1133,70,,,0
3019,'1496404',2155,,1135,70,,,0
3019,'1496409',840,,1140,70,,,0
3019,'1496411',1810,,1142,70,,,0
3019,'1496412',1440,,1143,70,,,0
3019,'1496413',1040,,1144,70,,,0
3019,'1496417',1110,,1148,70,,,0
3019,'1496422',1240,,1153,70,,,0
3019,'1496423',1710,,1154,70,,,0
3019,'1496425',1010,,1156,70,,,0
3019,'1496426',1540,,1157,70,,,0
3019,'1496427',1855,,1158,70,,,0
3019,'1496429',2350,,1160,70,,,0
3019,'1496431',610,,1162,14,,,0
3019,'1496432',1955,,1163,70,,,0
3019,'1496434',710,,1165,70,,,0
3019,'1496453',755,,1166,70,,,0
3019,'1496455',1455,,1168,70,,,0
3019,'1496457',855,,1170,70,,,0
3019,'1496458',1155,,1171,70,,,0
3019,'1496459',2255,,1172,70,,,0
3019,'1496460',1855,,1173,70,,,0
3019,'1496463',1355,,1176,70,,,0
3019,'1496465',1955,,1178,70,,,0
3019,'1496467',1655,,1180,70,,,0
3019,'1496468',955,,1181,70,,,0
3019,'1496469',1255,,1182,70,,,0
3019,'1496473',2155,,1186,70,,,0
3019,'1496474',1755,,1187,70,,,0
3019,'1496475',1055,,1188,70,,,0
3019,'1496479',1555,,1192,70,,,0
3019,'1496484',2055,,1197,70,,,0
3019,'1496486',625,,1199,14,,,0
3019,'1496487',2350,,1200,70,,,0
3019,'1496488',655,,1201,70,,,0
3019,'1496627',755,,1203,70,,,0
3019,'1496629',1455,,1205,70,,,0
3019,'1496631',855,,1207,70,,,0
3019,'1496632',1155,,1208,70,,,0
3019,'1496633',1855,,1209,70,,,0
3019,'1496636',1355,,1212,70,,,0
3019,'1496638',1955,,1214,70,,,0
3019,'1496640',1655,,1216,70,,,0
3019,'1496641',955,,1217,70,,,0
3019,'1496642',1255,,1218,70,,,0
3019,'1496645',2155,,1221,70,,,0
3019,'1496646',1755,,1222,70,,,0
3019,'1496647',1055,,1223,70,,,0
3019,'1496651',1555,,1227,70,,,0
3019,'1496656',2055,,1232,70,,,0
3019,'1496658',725,,1234,14,,,0
3019,'1496659',2350,,1235,70,,,0
