2029,'1497044',904,,973,28,,,0
2029,'1497045',1404,,974,28,,,0
2029,'1497046',1204,,975,28,,,0
2029,'1497047',1234,,976,28,,,0
2029,'1497048',1534,,977,28,,,0
2029,'1497049',934,,978,28,,,0
2029,'1497050',804,,979,28,,,0
2029,'1497051',1604,,980,28,,,0
2029,'1497052',1434,,981,28,,,0
2029,'1497053',1034,,982,28,,,0
2029,'1497054',704,,983,28,,,0
2029,'1497055',1304,,984,28,,,0
2029,'1497056',1634,,985,28,,,0
2029,'1497057',1504,,986,28,,,0
2029,'1497058',1334,,987,28,,,0
2029,'1497059',734,,988,28,,,0
2029,'1497060',1704,,989,28,,,0
2029,'1497061',1004,,990,28,,,0
2029,'1497062',834,,991,28,,,0
2029,'1497063',1134,,992,28,,,0
2029,'1497064',1104,,993,28,,,0
2029,'1497065',1734,,994,28,,,0
2029,'1497066',2004,,995,28,,,0
2029,'1497067',904,,996,28,,,0
2029,'1497068',1404,,997,28,,,0
2029,'1497069',1204,,998,28,,,0
2029,'1497070',1804,,999,28,,,0
2029,'1497071',1234,,1000,28,,,0
2029,'1497072',1534,,1001,28,,,0
2029,'1497073',934,,1002,28,,,0
2029,'1497074',2204,,1003,28,,,0
2029,'1497075',804,,1004,28,,,0
2029,'1497076',1604,,1005,28,,,0
2029,'1497077',1434,,1006,28,,,0
2029,'1497078',2301,,1007,28,,,0
2029,'1497079',1034,,1008,28,,,0
2029,'1497080',704,,1009,28,,,0
2029,'1497081',1304,,1010,28,,,0
2029,'1497082',1904,,1011,28,,,0
2029,'1497083',1634,,1012,28,,,0
2029,'1497084',1504,,1013,28,,,0
2029,'1497085',1334,,1014,28,,,0
2029,'1497086',734,,1015,28,,,0
2029,'1497087',1704,,1016,28,,,0
2029,'1497088',1004,,1017,28,,,0
2029,'1497089',834,,1018,28,,,0
2029,'1497090',2104,,1019,28,,,0
2029,'1497091',1134,,1020,28,,,0
2029,'1497092',1104,,1021,28,,,0
2029,'1497093',1734,,1022,28,,,0
2029,'1497094',1704,,1023,28,,,0
2029,'1497095',1104,,1024,28,,,0
2029,'1497096',2204,,1025,28,,,0
2029,'1497097',2301,,1026,28,,,0
2029,'1497098',1004,,1027,28,,,0
2029,'1497099',2004,,1028,28,,,0
2029,'1497100',904,,1029,28,,,0
2029,'1497101',1504,,1030,28,,,0
2029,'1497102',2104,,1031,28,,,0
2029,'1497103',1804,,1032,28,,,0
2029,'1497104',1204,,1033,28,,,0
2029,'1497105',1404,,1034,28,,,0
2029,'1497106',804,,1035,28,,,0
2029,'1497107',1304,,1036,28,,,0
2029,'1497108',1904,,1037,28,,,0
2029,'1497109',1604,,1038,28,,,0
2029,'1497110',704,,1039,28,,,0
2029,'1497111',1704,,1040,28,,,0
2029,'1497112',1104,,1041,28,,,0
2029,'1497113',2204,,1042,28,,,0
2029,'1497114',2301,,1043,28,,,0
2029,'1497115',1004,,1044,28,,,0
2029,'1497116',2004,,1045,28,,,0
2029,'1497117',904,,1046,28,,,0
2029,'1497118',1504,,1047,28,,,0
2029,'1497119',2104,,1048,28,,,0
2029,'1497120',1804,,1049,28,,,0
2029,'1497121',1204,,1050,28,,,0
2029,'1497122',1404,,1051,28,,,0
2029,'1497123',804,,1052,28,,,0
2029,'1497124',1304,,1053,28,,,0
2029,'1497125',1904,,1054,28,,,0
2029,'1497126',1604,,1055,28,,,0
