2019,'1496174',1205,,878,9,,,0
2019,'1496175',1335,,879,9,,,0
2019,'1496179',1305,,880,9,,,0
2019,'1496181',1435,,881,9,,,0
2019,'1496183',935,,882,9,,,0
2019,'1496184',1505,,883,9,,,0
2019,'1496185',905,,884,9,,,0
2019,'1496187',1105,,885,9,,,0
2019,'1496188',835,,886,9,,,0
2019,'1496189',805,,887,9,,,0
2019,'1496191',1005,,888,9,,,0
2019,'1496194',1535,,889,9,,,0
2019,'1496198',705,,890,9,,,0
2019,'1496200',1705,,891,9,,,0
2019,'1496204',1405,,892,9,,,0
2019,'1496206',1035,,893,9,,,0
2019,'1496208',1135,,894,9,,,0
2019,'1496209',1605,,895,9,,,0
2019,'1496210',1735,,896,9,,,0
2019,'1496211',1635,,897,9,,,0
2019,'1496215',735,,898,9,,,0
2019,'1496216',1235,,899,9,,,0
2019,'1496218',635,,900,9,,,0
2019,'1496223',2220,,903,9,,,0
2019,'1496224',1205,,904,9,,,0
2019,'1496225',1335,,905,9,,,0
2019,'1496227',2120,,906,9,,,0
2019,'1496228',1820,,907,9,,,0
2019,'1496232',1305,,908,9,,,0
2019,'1496234',1435,,909,9,,,0
2019,'1496236',935,,910,9,,,0
2019,'1496237',1505,,911,9,,,0
2019,'1496238',905,,912,9,,,0
2019,'1496240',1105,,913,9,,,0
2019,'1496242',835,,914,9,,,0
2019,'1496243',805,,915,9,,,0
2019,'1496245',1005,,916,9,,,0
2019,'1496248',1535,,917,9,,,0
2019,'1496253',2020,,918,9,,,0
2019,'1496255',705,,919,9,,,0
2019,'1496257',1705,,920,9,,,0
2019,'1496258',2319,,921,9,,,0
2019,'1496262',1405,,922,9,,,0
2019,'1496264',1035,,923,9,,,0
2019,'1496266',1135,,924,9,,,0
2019,'1496267',1605,,925,9,,,0
2019,'1496268',1735,,926,9,,,0
2019,'1496269',1635,,927,9,,,0
2019,'1496274',735,,928,9,,,0
2019,'1496275',1235,,929,9,,,0
2019,'1496277',635,,930,9,,,0
2019,'1496280',1920,,933,9,,,0
2019,'1496490',1720,,934,9,,,0
2019,'1496491',2120,,935,9,,,0
2019,'1496492',1320,,936,9,,,0
2019,'1496494',1120,,937,9,,,0
2019,'1496495',1420,,938,9,,,0
2019,'1496498',2020,,939,9,,,0
2019,'1496499',720,,940,9,,,0
2019,'1496505',1220,,941,9,,,0
2019,'1496507',2220,,942,9,,,0
2019,'1496510',1520,,943,9,,,0
2019,'1496511',1820,,944,9,,,0
2019,'1496512',1020,,945,9,,,0
2019,'1496516',920,,946,9,,,0
2019,'1496518',820,,947,9,,,0
2019,'1496520',1620,,948,9,,,0
2019,'1496521',1920,,949,9,,,0
2019,'1496523',620,,950,9,,,0
2019,'1496525',2318,,952,9,,,0
2019,'1496594',1720,,953,9,,,0
2019,'1496595',2120,,954,9,,,0
2019,'1496596',1320,,955,9,,,0
2019,'1496598',1120,,956,9,,,0
2019,'1496599',1420,,957,9,,,0
2019,'1496602',2020,,958,9,,,0
2019,'1496603',720,,959,9,,,0
2019,'1496609',1220,,960,9,,,0
2019,'1496613',1520,,961,9,,,0
2019,'1496614',1820,,962,9,,,0
2019,'1496615',1020,,963,9,,,0
2019,'1496619',920,,964,9,,,0
2019,'1496621',820,,965,9,,,0
2019,'1496623',1620,,966,9,,,0
2019,'1496624',1920,,967,9,,,0
2019,'1496626',2318,,969,9,,,0
