2029,'1497044',857,,973,18,,,0
2029,'1497045',1357,,974,18,,,0
2029,'1497046',1157,,975,18,,,0
2029,'1497047',1227,,976,18,,,0
2029,'1497048',1527,,977,18,,,0
2029,'1497049',927,,978,18,,,0
2029,'1497050',757,,979,18,,,0
2029,'1497051',1557,,980,18,,,0
2029,'1497052',1427,,981,18,,,0
2029,'1497053',1027,,982,18,,,0
2029,'1497054',657,,983,18,,,0
2029,'1497055',1257,,984,18,,,0
2029,'1497056',1627,,985,18,,,0
2029,'1497057',1457,,986,18,,,0
2029,'1497058',1327,,987,18,,,0
2029,'1497059',727,,988,18,,,0
2029,'1497060',1657,,989,18,,,0
2029,'1497061',957,,990,18,,,0
2029,'1497062',827,,991,18,,,0
2029,'1497063',1127,,992,18,,,0
2029,'1497064',1057,,993,18,,,0
2029,'1497065',1727,,994,18,,,0
2029,'1497066',1957,,995,18,,,0
2029,'1497067',857,,996,18,,,0
2029,'1497068',1357,,997,18,,,0
2029,'1497069',1157,,998,18,,,0
2029,'1497070',1757,,999,18,,,0
2029,'1497071',1227,,1000,18,,,0
2029,'1497072',1527,,1001,18,,,0
2029,'1497073',927,,1002,18,,,0
2029,'1497074',2157,,1003,18,,,0
2029,'1497075',757,,1004,18,,,0
2029,'1497076',1557,,1005,18,,,0
2029,'1497077',1427,,1006,18,,,0
2029,'1497078',2254,,1007,18,,,0
2029,'1497079',1027,,1008,18,,,0
2029,'1497080',657,,1009,18,,,0
2029,'1497081',1257,,1010,18,,,0
2029,'1497082',1857,,1011,18,,,0
2029,'1497083',1627,,1012,18,,,0
2029,'1497084',1457,,1013,18,,,0
2029,'1497085',1327,,1014,18,,,0
2029,'1497086',727,,1015,18,,,0
2029,'1497087',1657,,1016,18,,,0
2029,'1497088',957,,1017,18,,,0
2029,'1497089',827,,1018,18,,,0
2029,'1497090',2057,,1019,18,,,0
2029,'1497091',1127,,1020,18,,,0
2029,'1497092',1057,,1021,18,,,0
2029,'1497093',1727,,1022,18,,,0
2029,'1497094',1657,,1023,18,,,0
2029,'1497095',1057,,1024,18,,,0
2029,'1497096',2157,,1025,18,,,0
2029,'1497097',2253,,1026,18,,,0
2029,'1497098',957,,1027,18,,,0
2029,'1497099',1957,,1028,18,,,0
2029,'1497100',857,,1029,18,,,0
2029,'1497101',1457,,1030,18,,,0
2029,'1497102',2057,,1031,18,,,0
2029,'1497103',1757,,1032,18,,,0
2029,'1497104',1157,,1033,18,,,0
2029,'1497105',1357,,1034,18,,,0
2029,'1497106',757,,1035,18,,,0
2029,'1497107',1257,,1036,18,,,0
2029,'1497108',1857,,1037,18,,,0
2029,'1497109',1557,,1038,18,,,0
2029,'1497110',657,,1039,18,,,0
2029,'1497111',1657,,1040,18,,,0
2029,'1497112',1057,,1041,18,,,0
2029,'1497113',2157,,1042,18,,,0
2029,'1497114',2253,,1043,18,,,0
2029,'1497115',957,,1044,18,,,0
2029,'1497116',1957,,1045,18,,,0
2029,'1497117',857,,1046,18,,,0
2029,'1497118',1457,,1047,18,,,0
2029,'1497119',2057,,1048,18,,,0
2029,'1497120',1757,,1049,18,,,0
2029,'1497121',1157,,1050,18,,,0
2029,'1497122',1357,,1051,18,,,0
2029,'1497123',757,,1052,18,,,0
2029,'1497124',1257,,1053,18,,,0
2029,'1497125',1857,,1054,18,,,0
2029,'1497126',1557,,1055,18,,,0
