1029,'1496065',1507,,792,68,,,0
1029,'1496066',1607,,793,68,,,0
1029,'1496068',1707,,794,68,,,0
1029,'1496070',807,,795,68,,,0
1029,'1496073',1107,,796,68,,,0
1029,'1496077',937,,797,68,,,0
1029,'1496078',1737,,798,68,,,0
1029,'1496079',1637,,799,68,,,0
1029,'1496081',1237,,800,68,,,0
1029,'1496082',1307,,801,68,,,0
1029,'1496083',1437,,802,68,,,0
1029,'1496084',1037,,803,68,,,0
1029,'1496086',737,,804,68,,,0
1029,'1496088',1807,,805,68,,,0
1029,'1496092',1407,,806,68,,,0
1029,'1496094',1007,,807,68,,,0
1029,'1496096',1207,,808,68,,,0
1029,'1496098',907,,809,68,,,0
1029,'1496101',837,,810,68,,,0
1029,'1496105',1537,,811,68,,,0
1029,'1496106',1337,,812,68,,,0
1029,'1496108',1137,,813,68,,,0
1029,'1496111',639,,814,23,,,0
1029,'1496294',1507,,815,68,,,0
1029,'1496295',1607,,816,68,,,0
1029,'1496297',1707,,817,68,,,0
1029,'1496299',807,,818,68,,,0
1029,'1496300',2137,,819,68,,,0
1029,'1496304',1107,,820,68,,,0
1029,'1496309',2037,,821,68,,,0
1029,'1496310',937,,822,68,,,0
1029,'1496311',1737,,823,68,,,0
1029,'1496312',1637,,824,68,,,0
1029,'1496316',1837,,825,68,,,0
1029,'1496317',1237,,826,68,,,0
1029,'1496318',1307,,827,68,,,0
1029,'1496319',1437,,828,68,,,0
1029,'1496320',1037,,829,68,,,0
1029,'1496322',737,,830,68,,,0
1029,'1496324',1907,,831,68,,,0
1029,'1496325',1807,,832,68,,,0
1029,'1496329',1407,,833,68,,,0
1029,'1496332',1007,,834,68,,,0
1029,'1496333',2237,,835,68,,,0
1029,'1496335',1207,,836,68,,,0
1029,'1496337',2337,,837,68,,,0
1029,'1496339',907,,838,68,,,0
1029,'1496342',837,,839,68,,,0
1029,'1496346',1537,,840,68,,,0
1029,'1496347',1337,,841,68,,,0
1029,'1496349',1137,,842,68,,,0
1029,'1496352',639,,843,23,,,0
1029,'1496354',1937,,844,68,,,0
1029,'1496527',1937,,845,68,,,0
1029,'1496528',2137,,846,68,,,0
1029,'1496533',1837,,847,68,,,0
1029,'1496534',2237,,848,68,,,0
1029,'1496535',1337,,849,68,,,0
1029,'1496537',1137,,850,68,,,0
1029,'1496539',1037,,851,68,,,0
1029,'1496540',2037,,852,68,,,0
1029,'1496542',737,,853,68,,,0
1029,'1496544',2337,,854,68,,,0
1029,'1496545',1537,,855,68,,,0
1029,'1496547',1637,,856,68,,,0
1029,'1496550',837,,857,68,,,0
1029,'1496551',1237,,858,68,,,0
1029,'1496552',937,,859,68,,,0
1029,'1496555',1737,,860,68,,,0
1029,'1496556',1437,,861,68,,,0
1029,'1496562',1937,,862,68,,,0
1029,'1496563',2137,,863,68,,,0
1029,'1496567',1837,,864,68,,,0
1029,'1496568',2237,,865,68,,,0
1029,'1496569',1337,,866,68,,,0
1029,'1496571',1137,,867,68,,,0
1029,'1496573',1037,,868,68,,,0
1029,'1496574',2037,,869,68,,,0
1029,'1496577',2337,,870,68,,,0
1029,'1496578',1537,,871,68,,,0
1029,'1496580',1637,,872,68,,,0
1029,'1496583',837,,873,68,,,0
1029,'1496584',1237,,874,68,,,0
1029,'1496585',937,,875,68,,,0
1029,'1496588',1737,,876,68,,,0
1029,'1496589',1437,,877,68,,,0
