2029,'1488850',633,,970,24,,,0
2029,'1496221',702,,971,84,,,0
2029,'1496281',702,,972,84,,,0
2029,'1497044',1003,,973,121,,,0
2029,'1497045',1503,,974,121,,,0
2029,'1497046',1303,,975,121,,,0
2029,'1497047',1333,,976,121,,,0
2029,'1497048',1633,,977,121,,,0
2029,'1497049',1033,,978,121,,,0
2029,'1497050',903,,979,121,,,0
2029,'1497051',1703,,980,121,,,0
2029,'1497052',1533,,981,121,,,0
2029,'1497053',1133,,982,121,,,0
2029,'1497054',803,,983,121,,,0
2029,'1497055',1403,,984,121,,,0
2029,'1497056',1733,,985,121,,,0
2029,'1497057',1603,,986,121,,,0
2029,'1497058',1433,,987,121,,,0
2029,'1497059',833,,988,121,,,0
2029,'1497060',1803,,989,121,,,0
2029,'1497061',1103,,990,121,,,0
2029,'1497062',933,,991,121,,,0
2029,'1497063',1233,,992,121,,,0
2029,'1497064',1203,,993,121,,,0
2029,'1497065',1833,,994,121,,,0
2029,'1497066',2103,,995,121,,,0
2029,'1497067',1003,,996,121,,,0
2029,'1497068',1503,,997,121,,,0
2029,'1497069',1303,,998,121,,,0
2029,'1497070',1903,,999,121,,,0
2029,'1497071',1333,,1000,121,,,0
2029,'1497072',1633,,1001,121,,,0
2029,'1497073',1033,,1002,121,,,0
2029,'1497074',2303,,1003,121,,,0
2029,'1497075',903,,1004,121,,,0
2029,'1497076',1703,,1005,121,,,0
2029,'1497077',1533,,1006,121,,,0
2029,'1497078',2354,,1007,121,,,0
2029,'1497079',1133,,1008,121,,,0
2029,'1497080',803,,1009,121,,,0
2029,'1497081',1403,,1010,121,,,0
2029,'1497082',2003,,1011,121,,,0
2029,'1497083',1733,,1012,121,,,0
2029,'1497084',1603,,1013,121,,,0
2029,'1497085',1433,,1014,121,,,0
2029,'1497086',833,,1015,121,,,0
2029,'1497087',1803,,1016,121,,,0
2029,'1497088',1103,,1017,121,,,0
2029,'1497089',933,,1018,121,,,0
2029,'1497090',2203,,1019,121,,,0
2029,'1497091',1233,,1020,121,,,0
2029,'1497092',1203,,1021,121,,,0
2029,'1497093',1833,,1022,121,,,0
2029,'1497094',1803,,1023,121,,,0
2029,'1497095',1203,,1024,121,,,0
2029,'1497096',2303,,1025,121,,,0
2029,'1497097',2354,,1026,121,,,0
2029,'1497098',1103,,1027,121,,,0
2029,'1497099',2103,,1028,121,,,0
2029,'1497100',1003,,1029,121,,,0
2029,'1497101',1603,,1030,121,,,0
2029,'1497102',2203,,1031,121,,,0
2029,'1497103',1903,,1032,121,,,0
2029,'1497104',1303,,1033,121,,,0
2029,'1497105',1503,,1034,121,,,0
2029,'1497106',903,,1035,121,,,0
2029,'1497107',1403,,1036,121,,,0
2029,'1497108',2003,,1037,121,,,0
2029,'1497109',1703,,1038,121,,,0
2029,'1497110',803,,1039,121,,,0
2029,'1497111',1803,,1040,121,,,0
2029,'1497112',1203,,1041,121,,,0
2029,'1497113',2303,,1042,121,,,0
2029,'1497114',2354,,1043,121,,,0
2029,'1497115',1103,,1044,121,,,0
2029,'1497116',2103,,1045,121,,,0
2029,'1497117',1003,,1046,121,,,0
2029,'1497118',1603,,1047,121,,,0
2029,'1497119',2203,,1048,121,,,0
2029,'1497120',1903,,1049,121,,,0
2029,'1497121',1303,,1050,121,,,0
2029,'1497122',1503,,1051,121,,,0
2029,'1497123',903,,1052,121,,,0
2029,'1497124',1403,,1053,121,,,0
2029,'1497125',2003,,1054,121,,,0
2029,'1497126',1703,,1055,121,,,0
