3019,'1496126',822,,1057,12,0,5,0
3019,'1496127',1022,,1058,12,0,5,0
3019,'1496132',1052,,1063,12,0,5,0
3019,'1496135',1622,,1066,12,0,5,0
3019,'1496137',1422,,1068,12,0,5,0
3019,'1496139',1152,,1070,12,0,5,0
3019,'1496140',722,,1071,12,0,5,0
3019,'1496143',652,,1074,12,0,5,0
3019,'1496145',1722,,1076,12,0,5,0
3019,'1496147',1252,,1078,12,0,5,0
3019,'1496148',952,,1079,12,0,5,0
3019,'1496149',1222,,1080,12,0,5,0
3019,'1496150',1322,,1081,12,0,5,0
3019,'1496152',752,,1083,12,0,5,0
3019,'1496156',922,,1087,12,0,5,0
3019,'1496157',1552,,1088,12,0,5,0
3019,'1496158',1352,,1089,12,0,5,0
3019,'1496160',1652,,1091,12,0,5,0
3019,'1496161',1122,,1092,12,0,5,0
3019,'1496162',1452,,1093,12,0,5,0
3019,'1496166',1522,,1097,12,0,5,0
3019,'1496169',852,,1100,12,0,5,0
3019,'1496375',822,,1106,12,0,5,0
3019,'1496376',1022,,1107,12,0,5,0
3019,'1496379',2052,,1110,12,0,5,0
3019,'1496383',2152,,1114,12,0,5,0
3019,'1496384',1052,,1115,12,0,5,0
3019,'1496387',1622,,1118,12,0,5,0
3019,'1496389',2252,,1120,12,0,5,0
3019,'1496390',1422,,1121,12,0,5,0
3019,'1496391',1852,,1122,12,0,5,0
3019,'1496393',1152,,1124,12,0,5,0
3019,'1496394',722,,1125,12,0,5,0
3019,'1496397',1952,,1128,12,0,5,0
3019,'1496399',652,,1130,12,0,5,0
3019,'1496401',1722,,1132,12,0,5,0
3019,'1496403',1252,,1134,12,0,5,0
3019,'1496405',1752,,1136,12,0,5,0
3019,'1496406',952,,1137,12,0,5,0
3019,'1496407',1222,,1138,12,0,5,0
3019,'1496408',1322,,1139,12,0,5,0
3019,'1496410',752,,1141,12,0,5,0
3019,'1496414',922,,1145,12,0,5,0
3019,'1496415',1552,,1146,12,0,5,0
3019,'1496416',1352,,1147,12,0,5,0
3019,'1496418',1652,,1149,12,0,5,0
3019,'1496419',1122,,1150,12,0,5,0
3019,'1496420',1452,,1151,12,0,5,0
3019,'1496424',1522,,1155,12,0,5,0
3019,'1496428',852,,1159,12,0,5,0
3019,'1496454',1652,,1167,12,0,5,0
3019,'1496456',2152,,1169,12,0,5,0
3019,'1496461',1852,,1174,12,0,5,0
3019,'1496462',1352,,1175,12,0,5,0
3019,'1496464',1952,,1177,12,0,5,0
3019,'1496466',2252,,1179,12,0,5,0
3019,'1496470',1752,,1183,12,0,5,0
3019,'1496471',652,,1184,12,0,5,0
3019,'1496472',852,,1185,12,0,5,0
3019,'1496476',952,,1189,12,0,5,0
3019,'1496477',1252,,1190,12,0,5,0
3019,'1496478',1552,,1191,12,0,5,0
3019,'1496480',1052,,1193,12,0,5,0
3019,'1496481',1452,,1194,12,0,5,0
3019,'1496482',2052,,1195,12,0,5,0
3019,'1496483',752,,1196,12,0,5,0
3019,'1496485',1152,,1198,12,0,5,0
3019,'1496628',1652,,1204,12,0,5,0
3019,'1496630',2152,,1206,12,0,5,0
3019,'1496634',1852,,1210,12,0,5,0
3019,'1496635',1352,,1211,12,0,5,0
3019,'1496637',1952,,1213,12,0,5,0
3019,'1496639',2252,,1215,12,0,5,0
3019,'1496643',1752,,1219,12,0,5,0
3019,'1496644',852,,1220,12,0,5,0
3019,'1496648',952,,1224,12,0,5,0
3019,'1496649',1252,,1225,12,0,5,0
3019,'1496650',1552,,1226,12,0,5,0
3019,'1496652',1052,,1228,12,0,5,0
3019,'1496653',1452,,1229,12,0,5,0
3019,'1496654',2052,,1230,12,0,5,0
3019,'1496655',752,,1231,12,0,5,0
3019,'1496657',1152,,1233,12,0,5,0
