1029,'1496065',1422,,792,11,,,0
1029,'1496066',1522,,793,11,,,0
1029,'1496068',1622,,794,11,,,0
1029,'1496070',722,,795,11,,,0
1029,'1496073',1022,,796,11,,,0
1029,'1496077',852,,797,11,,,0
1029,'1496078',1652,,798,11,,,0
1029,'1496079',1552,,799,11,,,0
1029,'1496081',1152,,800,11,,,0
1029,'1496082',1222,,801,11,,,0
1029,'1496083',1352,,802,11,,,0
1029,'1496084',952,,803,11,,,0
1029,'1496086',652,,804,11,,,0
1029,'1496088',1722,,805,11,,,0
1029,'1496092',1322,,806,11,,,0
1029,'1496094',922,,807,11,,,0
1029,'1496096',1122,,808,11,,,0
1029,'1496098',822,,809,11,,,0
1029,'1496101',752,,810,11,,,0
1029,'1496105',1452,,811,11,,,0
1029,'1496106',1252,,812,11,,,0
1029,'1496108',1052,,813,11,,,0
1029,'1496294',1422,,815,11,,,0
1029,'1496295',1522,,816,11,,,0
1029,'1496297',1622,,817,11,,,0
1029,'1496299',722,,818,11,,,0
1029,'1496300',2052,,819,11,,,0
1029,'1496304',1022,,820,11,,,0
1029,'1496309',1952,,821,11,,,0
1029,'1496310',852,,822,11,,,0
1029,'1496311',1652,,823,11,,,0
1029,'1496312',1552,,824,11,,,0
1029,'1496316',1752,,825,11,,,0
1029,'1496317',1152,,826,11,,,0
1029,'1496318',1222,,827,11,,,0
1029,'1496319',1352,,828,11,,,0
1029,'1496320',952,,829,11,,,0
1029,'1496322',652,,830,11,,,0
1029,'1496324',1822,,831,11,,,0
1029,'1496325',1722,,832,11,,,0
1029,'1496329',1322,,833,11,,,0
1029,'1496332',922,,834,11,,,0
1029,'1496333',2152,,835,11,,,0
1029,'1496335',1122,,836,11,,,0
1029,'1496337',2252,,837,11,,,0
1029,'1496339',822,,838,11,,,0
1029,'1496342',752,,839,11,,,0
1029,'1496346',1452,,840,11,,,0
1029,'1496347',1252,,841,11,,,0
1029,'1496349',1052,,842,11,,,0
1029,'1496354',1852,,844,11,,,0
1029,'1496527',1852,,845,11,,,0
1029,'1496528',2052,,846,11,,,0
1029,'1496533',1752,,847,11,,,0
1029,'1496534',2152,,848,11,,,0
1029,'1496535',1252,,849,11,,,0
1029,'1496537',1052,,850,11,,,0
1029,'1496539',952,,851,11,,,0
1029,'1496540',1952,,852,11,,,0
1029,'1496542',652,,853,11,,,0
1029,'1496544',2252,,854,11,,,0
1029,'1496545',1452,,855,11,,,0
1029,'1496547',1552,,856,11,,,0
1029,'1496550',752,,857,11,,,0
1029,'1496551',1152,,858,11,,,0
1029,'1496552',852,,859,11,,,0
1029,'1496555',1652,,860,11,,,0
1029,'1496556',1352,,861,11,,,0
1029,'1496562',1852,,862,11,,,0
1029,'1496563',2052,,863,11,,,0
1029,'1496567',1752,,864,11,,,0
1029,'1496568',2152,,865,11,,,0
1029,'1496569',1252,,866,11,,,0
1029,'1496571',1052,,867,11,,,0
1029,'1496573',952,,868,11,,,0
1029,'1496574',1952,,869,11,,,0
1029,'1496577',2252,,870,11,,,0
1029,'1496578',1452,,871,11,,,0
1029,'1496580',1552,,872,11,,,0
1029,'1496583',752,,873,11,,,0
1029,'1496584',1152,,874,11,,,0
1029,'1496585',852,,875,11,,,0
1029,'1496588',1652,,876,11,,,0
1029,'1496589',1352,,877,11,,,0
