2019,'1496174',1258,,878,83,,,0
2019,'1496175',1428,,879,83,,,0
2019,'1496179',1358,,880,83,,,0
2019,'1496181',1528,,881,83,,,0
2019,'1496183',1028,,882,83,,,0
2019,'1496184',1558,,883,83,,,0
2019,'1496185',958,,884,83,,,0
2019,'1496187',1158,,885,83,,,0
2019,'1496188',928,,886,83,,,0
2019,'1496189',858,,887,83,,,0
2019,'1496191',1058,,888,83,,,0
2019,'1496194',1628,,889,83,,,0
2019,'1496198',758,,890,83,,,0
2019,'1496200',1758,,891,83,,,0
2019,'1496204',1458,,892,83,,,0
2019,'1496206',1128,,893,83,,,0
2019,'1496208',1228,,894,83,,,0
2019,'1496209',1658,,895,83,,,0
2019,'1496210',1828,,896,83,,,0
2019,'1496211',1728,,897,83,,,0
2019,'1496215',828,,898,83,,,0
2019,'1496216',1328,,899,83,,,0
2019,'1496218',728,,900,83,,,0
2019,'1496220',628,,902,51,,,0
2019,'1496223',2313,,903,83,,,0
2019,'1496224',1258,,904,83,,,0
2019,'1496225',1428,,905,83,,,0
2019,'1496227',2213,,906,83,,,0
2019,'1496228',1913,,907,83,,,0
2019,'1496232',1358,,908,83,,,0
2019,'1496234',1528,,909,83,,,0
2019,'1496236',1028,,910,83,,,0
2019,'1496237',1558,,911,83,,,0
2019,'1496238',958,,912,83,,,0
2019,'1496240',1158,,913,83,,,0
2019,'1496242',928,,914,83,,,0
2019,'1496243',858,,915,83,,,0
2019,'1496245',1058,,916,83,,,0
2019,'1496248',1628,,917,83,,,0
2019,'1496253',2113,,918,83,,,0
2019,'1496255',758,,919,83,,,0
2019,'1496257',1758,,920,83,,,0
2019,'1496262',1458,,922,83,,,0
2019,'1496264',1128,,923,83,,,0
2019,'1496266',1228,,924,83,,,0
2019,'1496267',1658,,925,83,,,0
2019,'1496268',1828,,926,83,,,0
2019,'1496269',1728,,927,83,,,0
2019,'1496274',828,,928,83,,,0
2019,'1496275',1328,,929,83,,,0
2019,'1496277',728,,930,83,,,0
2019,'1496279',628,,932,61,,,0
2019,'1496280',2013,,933,83,,,0
2019,'1496490',1813,,934,83,,,0
2019,'1496491',2213,,935,83,,,0
2019,'1496492',1413,,936,83,,,0
2019,'1496494',1213,,937,83,,,0
2019,'1496495',1513,,938,83,,,0
2019,'1496498',2113,,939,83,,,0
2019,'1496499',813,,940,83,,,0
2019,'1496505',1313,,941,83,,,0
2019,'1496507',2313,,942,83,,,0
2019,'1496510',1613,,943,83,,,0
2019,'1496511',1913,,944,83,,,0
2019,'1496512',1113,,945,83,,,0
2019,'1496516',1013,,946,83,,,0
2019,'1496518',913,,947,83,,,0
2019,'1496520',1713,,948,83,,,0
2019,'1496521',2013,,949,83,,,0
2019,'1496523',713,,950,83,,,0
2019,'1496524',643,,951,51,,,0
2019,'1496594',1813,,953,83,,,0
2019,'1496595',2213,,954,83,,,0
2019,'1496596',1413,,955,83,,,0
2019,'1496598',1213,,956,83,,,0
2019,'1496599',1513,,957,83,,,0
2019,'1496602',2113,,958,83,,,0
2019,'1496603',813,,959,83,,,0
2019,'1496609',1313,,960,83,,,0
2019,'1496613',1613,,961,83,,,0
2019,'1496614',1913,,962,83,,,0
2019,'1496615',1113,,963,83,,,0
2019,'1496619',1013,,964,83,,,0
2019,'1496621',913,,965,83,,,0
2019,'1496623',1713,,966,83,,,0
2019,'1496624',2013,,967,83,,,0
2019,'1496625',743,,968,51,,,0
