4019,'1496112',639,,1237,15,,,0
4019,'1496113',1039,,1238,15,,,0
4019,'1496114',839,,1239,15,,,0
4019,'1496115',1639,,1240,15,,,0
4019,'1496116',939,,1241,15,,,0
4019,'1496117',1139,,1242,15,,,0
4019,'1496118',739,,1243,15,,,0
4019,'1496119',1539,,1244,15,,,0
4019,'1496120',1739,,1245,15,,,0
4019,'1496121',1339,,1246,15,,,0
4019,'1496122',1439,,1247,15,,,0
4019,'1496123',1239,,1248,15,,,0
4019,'1496355',639,,1250,15,,,0
4019,'1496356',2322,,1251,15,,,0
4019,'1496357',1039,,1252,15,,,0
4019,'1496358',839,,1253,15,,,0
4019,'1496359',2024,,1254,15,,,0
4019,'1496360',1639,,1255,15,,,0
4019,'1496361',1839,,1256,15,,,0
4019,'1496362',2124,,1257,15,,,0
4019,'1496363',939,,1258,15,,,0
4019,'1496364',1139,,1259,15,,,0
4019,'1496365',1924,,1260,15,,,0
4019,'1496366',739,,1261,15,,,0
4019,'1496367',1539,,1262,15,,,0
4019,'1496368',1739,,1263,15,,,0
4019,'1496369',1339,,1264,15,,,0
4019,'1496370',1439,,1265,15,,,0
4019,'1496371',2224,,1266,15,,,0
4019,'1496372',1239,,1267,15,,,0
4019,'1496435',824,,1269,15,,,0
4019,'1496436',724,,1270,15,,,0
4019,'1496437',1624,,1271,15,,,0
4019,'1496438',2224,,1272,15,,,0
4019,'1496439',1724,,1273,15,,,0
4019,'1496440',1424,,1274,15,,,0
4019,'1496441',2124,,1275,15,,,0
4019,'1496442',1024,,1276,15,,,0
4019,'1496443',1924,,1277,15,,,0
4019,'1496444',1524,,1278,15,,,0
4019,'1496445',924,,1279,15,,,0
4019,'1496446',1824,,1280,15,,,0
4019,'1496447',1324,,1281,15,,,0
4019,'1496448',624,,1282,15,,,0
4019,'1496449',2024,,1283,15,,,0
4019,'1496450',1124,,1284,15,,,0
4019,'1496451',1224,,1285,15,,,0
4019,'1496452',2322,,1286,15,,,0
4019,'1496661',824,,1287,15,,,0
4019,'1496662',724,,1288,15,,,0
4019,'1496663',1624,,1289,15,,,0
4019,'1496664',2224,,1290,15,,,0
4019,'1496665',1724,,1291,15,,,0
4019,'1496666',1424,,1292,15,,,0
4019,'1496667',2124,,1293,15,,,0
4019,'1496668',1024,,1294,15,,,0
4019,'1496669',1924,,1295,15,,,0
4019,'1496670',1524,,1296,15,,,0
4019,'1496671',924,,1297,15,,,0
4019,'1496672',1824,,1298,15,,,0
4019,'1496673',1324,,1299,15,,,0
4019,'1496674',2024,,1300,15,,,0
4019,'1496675',1124,,1301,15,,,0
4019,'1496676',1224,,1302,15,,,0
4019,'1496677',2322,,1303,15,,,0
