1029,'1496065',1417,,792,2,,,0
1029,'1496066',1517,,793,2,,,0
1029,'1496068',1617,,794,2,,,0
1029,'1496070',717,,795,2,,,0
1029,'1496073',1017,,796,2,,,0
1029,'1496077',847,,797,2,,,0
1029,'1496078',1647,,798,2,,,0
1029,'1496079',1547,,799,2,,,0
1029,'1496081',1147,,800,2,,,0
1029,'1496082',1217,,801,2,,,0
1029,'1496083',1347,,802,2,,,0
1029,'1496084',947,,803,2,,,0
1029,'1496086',647,,804,2,,,0
1029,'1496088',1717,,805,2,,,0
1029,'1496092',1317,,806,2,,,0
1029,'1496094',917,,807,2,,,0
1029,'1496096',1117,,808,2,,,0
1029,'1496098',817,,809,2,,,0
1029,'1496101',747,,810,2,,,0
1029,'1496105',1447,,811,2,,,0
1029,'1496106',1247,,812,2,,,0
1029,'1496108',1047,,813,2,,,0
1029,'1496294',1417,,815,2,,,0
1029,'1496295',1517,,816,2,,,0
1029,'1496297',1617,,817,2,,,0
1029,'1496299',717,,818,2,,,0
1029,'1496300',2047,,819,2,,,0
1029,'1496304',1017,,820,2,,,0
1029,'1496309',1947,,821,2,,,0
1029,'1496310',847,,822,2,,,0
1029,'1496311',1647,,823,2,,,0
1029,'1496312',1547,,824,2,,,0
1029,'1496316',1747,,825,2,,,0
1029,'1496317',1147,,826,2,,,0
1029,'1496318',1217,,827,2,,,0
1029,'1496319',1347,,828,2,,,0
1029,'1496320',947,,829,2,,,0
1029,'1496322',647,,830,2,,,0
1029,'1496324',1817,,831,2,,,0
1029,'1496325',1717,,832,2,,,0
1029,'1496329',1317,,833,2,,,0
1029,'1496332',917,,834,2,,,0
1029,'1496333',2147,,835,2,,,0
1029,'1496335',1117,,836,2,,,0
1029,'1496337',2247,,837,2,,,0
1029,'1496339',817,,838,2,,,0
1029,'1496342',747,,839,2,,,0
1029,'1496346',1447,,840,2,,,0
1029,'1496347',1247,,841,2,,,0
1029,'1496349',1047,,842,2,,,0
1029,'1496354',1847,,844,2,,,0
1029,'1496527',1847,,845,2,,,0
1029,'1496528',2047,,846,2,,,0
1029,'1496533',1747,,847,2,,,0
1029,'1496534',2147,,848,2,,,0
1029,'1496535',1247,,849,2,,,0
1029,'1496537',1047,,850,2,,,0
1029,'1496539',947,,851,2,,,0
1029,'1496540',1947,,852,2,,,0
1029,'1496542',647,,853,2,,,0
1029,'1496544',2247,,854,2,,,0
1029,'1496545',1447,,855,2,,,0
1029,'1496547',1547,,856,2,,,0
1029,'1496550',747,,857,2,,,0
1029,'1496551',1147,,858,2,,,0
1029,'1496552',847,,859,2,,,0
1029,'1496555',1647,,860,2,,,0
1029,'1496556',1347,,861,2,,,0
1029,'1496562',1847,,862,2,,,0
1029,'1496563',2047,,863,2,,,0
1029,'1496567',1747,,864,2,,,0
1029,'1496568',2147,,865,2,,,0
1029,'1496569',1247,,866,2,,,0
1029,'1496571',1047,,867,2,,,0
1029,'1496573',947,,868,2,,,0
1029,'1496574',1947,,869,2,,,0
1029,'1496577',2247,,870,2,,,0
1029,'1496578',1447,,871,2,,,0
1029,'1496580',1547,,872,2,,,0
1029,'1496583',747,,873,2,,,0
1029,'1496584',1147,,874,2,,,0
1029,'1496585',847,,875,2,,,0
1029,'1496588',1647,,876,2,,,0
1029,'1496589',1347,,877,2,,,0
3019,'1496126',818,,1057,6,0,5,0
3019,'1496127',1018,,1058,6,0,5,0
3019,'1496132',1048,,1063,6,0,5,0
3019,'1496135',1618,,1066,6,0,5,0
3019,'1496137',1418,,1068,6,0,5,0
3019,'1496139',1148,,1070,6,0,5,0
3019,'1496140',718,,1071,6,0,5,0
3019,'1496143',648,,1074,6,0,5,0
3019,'1496145',1718,,1076,6,0,5,0
3019,'1496147',1248,,1078,6,0,5,0
3019,'1496148',948,,1079,6,0,5,0
3019,'1496149',1218,,1080,6,0,5,0
3019,'1496150',1318,,1081,6,0,5,0
3019,'1496152',748,,1083,6,0,5,0
3019,'1496156',918,,1087,6,0,5,0
3019,'1496157',1548,,1088,6,0,5,0
3019,'1496158',1348,,1089,6,0,5,0
3019,'1496160',1648,,1091,6,0,5,0
3019,'1496161',1118,,1092,6,0,5,0
3019,'1496162',1448,,1093,6,0,5,0
3019,'1496166',1518,,1097,6,0,5,0
3019,'1496169',848,,1100,6,0,5,0
3019,'1496375',818,,1106,6,0,5,0
3019,'1496376',1018,,1107,6,0,5,0
3019,'1496379',2048,,1110,6,0,5,0
3019,'1496383',2148,,1114,6,0,5,0
3019,'1496384',1048,,1115,6,0,5,0
3019,'1496387',1618,,1118,6,0,5,0
3019,'1496389',2248,,1120,6,0,5,0
3019,'1496390',1418,,1121,6,0,5,0
3019,'1496391',1848,,1122,6,0,5,0
3019,'1496393',1148,,1124,6,0,5,0
3019,'1496394',718,,1125,6,0,5,0
3019,'1496397',1948,,1128,6,0,5,0
3019,'1496399',648,,1130,6,0,5,0
3019,'1496401',1718,,1132,6,0,5,0
3019,'1496403',1248,,1134,6,0,5,0
3019,'1496405',1748,,1136,6,0,5,0
3019,'1496406',948,,1137,6,0,5,0
3019,'1496407',1218,,1138,6,0,5,0
3019,'1496408',1318,,1139,6,0,5,0
3019,'1496410',748,,1141,6,0,5,0
3019,'1496414',918,,1145,6,0,5,0
3019,'1496415',1548,,1146,6,0,5,0
3019,'1496416',1348,,1147,6,0,5,0
3019,'1496418',1648,,1149,6,0,5,0
3019,'1496419',1118,,1150,6,0,5,0
3019,'1496420',1448,,1151,6,0,5,0
3019,'1496424',1518,,1155,6,0,5,0
3019,'1496428',848,,1159,6,0,5,0
3019,'1496454',1648,,1167,6,0,5,0
3019,'1496456',2148,,1169,6,0,5,0
3019,'1496461',1848,,1174,6,0,5,0
3019,'1496462',1348,,1175,6,0,5,0
3019,'1496464',1948,,1177,6,0,5,0
3019,'1496466',2248,,1179,6,0,5,0
3019,'1496470',1748,,1183,6,0,5,0
3019,'1496471',648,,1184,6,0,5,0
3019,'1496472',848,,1185,6,0,5,0
3019,'1496476',948,,1189,6,0,5,0
3019,'1496477',1248,,1190,6,0,5,0
3019,'1496478',1548,,1191,6,0,5,0
3019,'1496480',1048,,1193,6,0,5,0
3019,'1496481',1448,,1194,6,0,5,0
3019,'1496482',2048,,1195,6,0,5,0
3019,'1496483',748,,1196,6,0,5,0
3019,'1496485',1148,,1198,6,0,5,0
3019,'1496628',1648,,1204,6,0,5,0
3019,'1496630',2148,,1206,6,0,5,0
3019,'1496634',1848,,1210,6,0,5,0
3019,'1496635',1348,,1211,6,0,5,0
3019,'1496637',1948,,1213,6,0,5,0
3019,'1496639',2248,,1215,6,0,5,0
3019,'1496643',1748,,1219,6,0,5,0
3019,'1496644',848,,1220,6,0,5,0
3019,'1496648',948,,1224,6,0,5,0
3019,'1496649',1248,,1225,6,0,5,0
3019,'1496650',1548,,1226,6,0,5,0
3019,'1496652',1048,,1228,6,0,5,0
3019,'1496653',1448,,1229,6,0,5,0
3019,'1496654',2048,,1230,6,0,5,0
3019,'1496655',748,,1231,6,0,5,0
3019,'1496657',1148,,1233,6,0,5,0
