1019,'1496067',702,,702,5,,,0
1019,'1496069',802,,703,5,,,0
1019,'1496071',1532,,704,5,,,0
1019,'1496072',1632,,705,5,,,0
1019,'1496074',732,,706,5,,,0
1019,'1496075',1432,,707,5,,,0
1019,'1496076',1232,,708,5,,,0
1019,'1496080',1332,,709,5,,,0
1019,'1496085',1032,,710,5,,,0
1019,'1496087',1302,,711,5,,,0
1019,'1496089',832,,712,5,,,0
1019,'1496090',1132,,713,5,,,0
1019,'1496091',932,,714,5,,,0
1019,'1496093',1732,,715,5,,,0
1019,'1496095',1002,,716,5,,,0
1019,'1496097',902,,717,5,,,0
1019,'1496099',1402,,718,5,,,0
1019,'1496100',1502,,719,5,,,0
1019,'1496102',632,,720,5,,,0
1019,'1496103',1202,,721,5,,,0
1019,'1496104',1102,,722,5,,,0
1019,'1496107',1702,,723,5,,,0
1019,'1496109',1602,,724,5,,,0
1019,'1496296',702,,726,5,,,0
1019,'1496298',802,,727,5,,,0
1019,'1496301',1532,,728,5,,,0
1019,'1496302',2117,,729,5,,,0
1019,'1496303',1632,,730,5,,,0
1019,'1496305',732,,731,5,,,0
1019,'1496306',1432,,732,5,,,0
1019,'1496307',1232,,733,5,,,0
1019,'1496308',1802,,734,5,,,0
1019,'1496313',1332,,735,5,,,0
1019,'1496314',1917,,736,5,,,0
1019,'1496315',2017,,737,5,,,0
1019,'1496321',1032,,738,5,,,0
1019,'1496323',1302,,739,5,,,0
1019,'1496326',832,,740,5,,,0
1019,'1496327',1132,,741,5,,,0
1019,'1496328',932,,742,5,,,0
1019,'1496330',2317,,743,5,,,0
1019,'1496331',1732,,744,5,,,0
1019,'1496334',1002,,745,5,,,0
1019,'1496336',902,,746,5,,,0
1019,'1496338',2217,,747,5,,,0
1019,'1496340',1402,,748,5,,,0
1019,'1496341',1502,,749,5,,,0
1019,'1496343',632,,750,5,,,0
1019,'1496344',1202,,751,5,,,0
1019,'1496345',1102,,752,5,,,0
1019,'1496348',1702,,753,5,,,0
1019,'1496350',1602,,754,5,,,0
1019,'1496353',1832,,756,5,,,0
1019,'1496526',1317,,757,5,,,0
1019,'1496529',1917,,758,5,,,0
1019,'1496530',717,,759,5,,,0
1019,'1496531',617,,760,5,,,0
1019,'1496532',2017,,761,5,,,0
1019,'1496536',1017,,762,5,,,0
1019,'1496538',1417,,763,5,,,0
1019,'1496541',1617,,764,5,,,0
1019,'1496543',1117,,765,5,,,0
1019,'1496546',2117,,766,5,,,0
1019,'1496548',1517,,767,5,,,0
1019,'1496549',1717,,768,5,,,0
1019,'1496553',917,,769,5,,,0
1019,'1496554',817,,770,5,,,0
1019,'1496557',1217,,771,5,,,0
1019,'1496558',1817,,772,5,,,0
1019,'1496559',2317,,773,5,,,0
1019,'1496560',2217,,774,5,,,0
1019,'1496561',1317,,775,5,,,0
1019,'1496564',1917,,776,5,,,0
1019,'1496565',717,,777,5,,,0
1019,'1496566',2017,,778,5,,,0
1019,'1496570',1017,,779,5,,,0
1019,'1496572',1417,,780,5,,,0
1019,'1496575',1617,,781,5,,,0
1019,'1496576',1117,,782,5,,,0
1019,'1496579',2117,,783,5,,,0
1019,'1496581',1517,,784,5,,,0
1019,'1496582',1717,,785,5,,,0
1019,'1496586',917,,786,5,,,0
1019,'1496587',817,,787,5,,,0
1019,'1496590',1217,,788,5,,,0
1019,'1496591',1817,,789,5,,,0
1019,'1496592',2317,,790,5,,,0
1019,'1496593',2217,,791,5,,,0
