4019,'1496112',701,,1237,46,,,0
4019,'1496113',1101,,1238,46,,,0
4019,'1496114',901,,1239,46,,,0
4019,'1496115',1701,,1240,46,,,0
4019,'1496116',1001,,1241,46,,,0
4019,'1496117',1201,,1242,46,,,0
4019,'1496118',801,,1243,46,,,0
4019,'1496119',1601,,1244,46,,,0
4019,'1496120',1801,,1245,46,,,0
4019,'1496121',1401,,1246,46,,,0
4019,'1496122',1501,,1247,46,,,0
4019,'1496123',1301,,1248,46,,,0
4019,'1496124',602,,1249,12,,,0
4019,'1496355',701,,1250,46,,,0
4019,'1496356',2341,,1251,46,,,0
4019,'1496357',1101,,1252,46,,,0
4019,'1496358',901,,1253,46,,,0
4019,'1496359',2046,,1254,46,,,0
4019,'1496360',1701,,1255,46,,,0
4019,'1496361',1901,,1256,46,,,0
4019,'1496362',2146,,1257,46,,,0
4019,'1496363',1001,,1258,46,,,0
4019,'1496364',1201,,1259,46,,,0
4019,'1496365',1946,,1260,46,,,0
4019,'1496366',801,,1261,46,,,0
4019,'1496367',1601,,1262,46,,,0
4019,'1496368',1801,,1263,46,,,0
4019,'1496369',1401,,1264,46,,,0
4019,'1496370',1501,,1265,46,,,0
4019,'1496371',2246,,1266,46,,,0
4019,'1496372',1301,,1267,46,,,0
4019,'1496373',602,,1268,12,,,0
4019,'1496435',846,,1269,46,,,0
4019,'1496436',746,,1270,46,,,0
4019,'1496437',1646,,1271,46,,,0
4019,'1496438',2246,,1272,46,,,0
4019,'1496439',1746,,1273,46,,,0
4019,'1496440',1446,,1274,46,,,0
4019,'1496441',2146,,1275,46,,,0
4019,'1496442',1046,,1276,46,,,0
4019,'1496443',1946,,1277,46,,,0
4019,'1496444',1546,,1278,46,,,0
4019,'1496445',946,,1279,46,,,0
4019,'1496446',1846,,1280,46,,,0
4019,'1496447',1346,,1281,46,,,0
4019,'1496448',646,,1282,46,,,0
4019,'1496449',2046,,1283,46,,,0
4019,'1496450',1146,,1284,46,,,0
4019,'1496451',1246,,1285,46,,,0
4019,'1496452',2341,,1286,46,,,0
4019,'1496661',846,,1287,46,,,0
4019,'1496662',746,,1288,46,,,0
4019,'1496663',1646,,1289,46,,,0
4019,'1496664',2246,,1290,46,,,0
4019,'1496665',1746,,1291,46,,,0
4019,'1496666',1446,,1292,46,,,0
4019,'1496667',2146,,1293,46,,,0
4019,'1496668',1046,,1294,46,,,0
4019,'1496669',1946,,1295,46,,,0
4019,'1496670',1546,,1296,46,,,0
4019,'1496671',946,,1297,46,,,0
4019,'1496672',1846,,1298,46,,,0
4019,'1496673',1346,,1299,46,,,0
4019,'1496674',2046,,1300,46,,,0
4019,'1496675',1146,,1301,46,,,0
4019,'1496676',1246,,1302,46,,,0
4019,'1496677',2341,,1303,46,,,0
