2029,'1496221',611,,971,8,,,0
2029,'1496281',611,,972,8,,,0
2029,'1497044',912,,973,45,,,0
2029,'1497045',1412,,974,45,,,0
2029,'1497046',1212,,975,45,,,0
2029,'1497047',1242,,976,45,,,0
2029,'1497048',1542,,977,45,,,0
2029,'1497049',942,,978,45,,,0
2029,'1497050',812,,979,45,,,0
2029,'1497051',1612,,980,45,,,0
2029,'1497052',1442,,981,45,,,0
2029,'1497053',1042,,982,45,,,0
2029,'1497054',712,,983,45,,,0
2029,'1497055',1312,,984,45,,,0
2029,'1497056',1642,,985,45,,,0
2029,'1497057',1512,,986,45,,,0
2029,'1497058',1342,,987,45,,,0
2029,'1497059',742,,988,45,,,0
2029,'1497060',1712,,989,45,,,0
2029,'1497061',1012,,990,45,,,0
2029,'1497062',842,,991,45,,,0
2029,'1497063',1142,,992,45,,,0
2029,'1497064',1112,,993,45,,,0
2029,'1497065',1742,,994,45,,,0
2029,'1497066',2012,,995,45,,,0
2029,'1497067',912,,996,45,,,0
2029,'1497068',1412,,997,45,,,0
2029,'1497069',1212,,998,45,,,0
2029,'1497070',1812,,999,45,,,0
2029,'1497071',1242,,1000,45,,,0
2029,'1497072',1542,,1001,45,,,0
2029,'1497073',942,,1002,45,,,0
2029,'1497074',2212,,1003,45,,,0
2029,'1497075',812,,1004,45,,,0
2029,'1497076',1612,,1005,45,,,0
2029,'1497077',1442,,1006,45,,,0
2029,'1497078',2309,,1007,45,,,0
2029,'1497079',1042,,1008,45,,,0
2029,'1497080',712,,1009,45,,,0
2029,'1497081',1312,,1010,45,,,0
2029,'1497082',1912,,1011,45,,,0
2029,'1497083',1642,,1012,45,,,0
2029,'1497084',1512,,1013,45,,,0
2029,'1497085',1342,,1014,45,,,0
2029,'1497086',742,,1015,45,,,0
2029,'1497087',1712,,1016,45,,,0
2029,'1497088',1012,,1017,45,,,0
2029,'1497089',842,,1018,45,,,0
2029,'1497090',2112,,1019,45,,,0
2029,'1497091',1142,,1020,45,,,0
2029,'1497092',1112,,1021,45,,,0
2029,'1497093',1742,,1022,45,,,0
2029,'1497094',1712,,1023,45,,,0
2029,'1497095',1112,,1024,45,,,0
2029,'1497096',2212,,1025,45,,,0
2029,'1497097',2309,,1026,45,,,0
2029,'1497098',1012,,1027,45,,,0
2029,'1497099',2012,,1028,45,,,0
2029,'1497100',912,,1029,45,,,0
2029,'1497101',1512,,1030,45,,,0
2029,'1497102',2112,,1031,45,,,0
2029,'1497103',1812,,1032,45,,,0
2029,'1497104',1212,,1033,45,,,0
2029,'1497105',1412,,1034,45,,,0
2029,'1497106',812,,1035,45,,,0
2029,'1497107',1312,,1036,45,,,0
2029,'1497108',1912,,1037,45,,,0
2029,'1497109',1612,,1038,45,,,0
2029,'1497110',712,,1039,45,,,0
2029,'1497111',1712,,1040,45,,,0
2029,'1497112',1112,,1041,45,,,0
2029,'1497113',2212,,1042,45,,,0
2029,'1497114',2309,,1043,45,,,0
2029,'1497115',1012,,1044,45,,,0
2029,'1497116',2012,,1045,45,,,0
2029,'1497117',912,,1046,45,,,0
2029,'1497118',1512,,1047,45,,,0
2029,'1497119',2112,,1048,45,,,0
2029,'1497120',1812,,1049,45,,,0
2029,'1497121',1212,,1050,45,,,0
2029,'1497122',1412,,1051,45,,,0
2029,'1497123',812,,1052,45,,,0
2029,'1497124',1312,,1053,45,,,0
2029,'1497125',1912,,1054,45,,,0
2029,'1497126',1612,,1055,45,,,0
