2029,'1488850',630,,970,23,,,0
2029,'1496221',659,,971,83,,,0
2029,'1496281',659,,972,83,,,0
2029,'1497044',1000,,973,120,,,0
2029,'1497045',1500,,974,120,,,0
2029,'1497046',1300,,975,120,,,0
2029,'1497047',1330,,976,120,,,0
2029,'1497048',1630,,977,120,,,0
2029,'1497049',1030,,978,120,,,0
2029,'1497050',900,,979,120,,,0
2029,'1497051',1700,,980,120,,,0
2029,'1497052',1530,,981,120,,,0
2029,'1497053',1130,,982,120,,,0
2029,'1497054',800,,983,120,,,0
2029,'1497055',1400,,984,120,,,0
2029,'1497056',1730,,985,120,,,0
2029,'1497057',1600,,986,120,,,0
2029,'1497058',1430,,987,120,,,0
2029,'1497059',830,,988,120,,,0
2029,'1497060',1800,,989,120,,,0
2029,'1497061',1100,,990,120,,,0
2029,'1497062',930,,991,120,,,0
2029,'1497063',1230,,992,120,,,0
2029,'1497064',1200,,993,120,,,0
2029,'1497065',1830,,994,120,,,0
2029,'1497066',2100,,995,120,,,0
2029,'1497067',1000,,996,120,,,0
2029,'1497068',1500,,997,120,,,0
2029,'1497069',1300,,998,120,,,0
2029,'1497070',1900,,999,120,,,0
2029,'1497071',1330,,1000,120,,,0
2029,'1497072',1630,,1001,120,,,0
2029,'1497073',1030,,1002,120,,,0
2029,'1497074',2300,,1003,120,,,0
2029,'1497075',900,,1004,120,,,0
2029,'1497076',1700,,1005,120,,,0
2029,'1497077',1530,,1006,120,,,0
2029,'1497078',2352,,1007,120,,,0
2029,'1497079',1130,,1008,120,,,0
2029,'1497080',800,,1009,120,,,0
2029,'1497081',1400,,1010,120,,,0
2029,'1497082',2000,,1011,120,,,0
2029,'1497083',1730,,1012,120,,,0
2029,'1497084',1600,,1013,120,,,0
2029,'1497085',1430,,1014,120,,,0
2029,'1497086',830,,1015,120,,,0
2029,'1497087',1800,,1016,120,,,0
2029,'1497088',1100,,1017,120,,,0
2029,'1497089',930,,1018,120,,,0
2029,'1497090',2200,,1019,120,,,0
2029,'1497091',1230,,1020,120,,,0
2029,'1497092',1200,,1021,120,,,0
2029,'1497093',1830,,1022,120,,,0
2029,'1497094',1800,,1023,120,,,0
2029,'1497095',1200,,1024,120,,,0
2029,'1497096',2300,,1025,120,,,0
2029,'1497097',2352,,1026,120,,,0
2029,'1497098',1100,,1027,120,,,0
2029,'1497099',2100,,1028,120,,,0
2029,'1497100',1000,,1029,120,,,0
2029,'1497101',1600,,1030,120,,,0
2029,'1497102',2200,,1031,120,,,0
2029,'1497103',1900,,1032,120,,,0
2029,'1497104',1300,,1033,120,,,0
2029,'1497105',1500,,1034,120,,,0
2029,'1497106',900,,1035,120,,,0
2029,'1497107',1400,,1036,120,,,0
2029,'1497108',2000,,1037,120,,,0
2029,'1497109',1700,,1038,120,,,0
2029,'1497110',800,,1039,120,,,0
2029,'1497111',1800,,1040,120,,,0
2029,'1497112',1200,,1041,120,,,0
2029,'1497113',2300,,1042,120,,,0
2029,'1497114',2352,,1043,120,,,0
2029,'1497115',1100,,1044,120,,,0
2029,'1497116',2100,,1045,120,,,0
2029,'1497117',1000,,1046,120,,,0
2029,'1497118',1600,,1047,120,,,0
2029,'1497119',2200,,1048,120,,,0
2029,'1497120',1900,,1049,120,,,0
2029,'1497121',1300,,1050,120,,,0
2029,'1497122',1500,,1051,120,,,0
2029,'1497123',900,,1052,120,,,0
2029,'1497124',1400,,1053,120,,,0
2029,'1497125',2000,,1054,120,,,0
2029,'1497126',1700,,1055,120,,,0
