3019,'1496126',824,,1057,16,0,5,0
3019,'1496127',1024,,1058,16,0,5,0
3019,'1496132',1054,,1063,16,0,5,0
3019,'1496135',1624,,1066,16,0,5,0
3019,'1496137',1424,,1068,16,0,5,0
3019,'1496139',1154,,1070,16,0,5,0
3019,'1496140',724,,1071,16,0,5,0
3019,'1496143',654,,1074,16,0,5,0
3019,'1496145',1724,,1076,16,0,5,0
3019,'1496147',1254,,1078,16,0,5,0
3019,'1496148',954,,1079,16,0,5,0
3019,'1496149',1224,,1080,16,0,5,0
3019,'1496150',1324,,1081,16,0,5,0
3019,'1496152',754,,1083,16,0,5,0
3019,'1496156',924,,1087,16,0,5,0
3019,'1496157',1554,,1088,16,0,5,0
3019,'1496158',1354,,1089,16,0,5,0
3019,'1496160',1654,,1091,16,0,5,0
3019,'1496161',1124,,1092,16,0,5,0
3019,'1496162',1454,,1093,16,0,5,0
3019,'1496166',1524,,1097,16,0,5,0
3019,'1496169',854,,1100,16,0,5,0
3019,'1496375',824,,1106,16,0,5,0
3019,'1496376',1024,,1107,16,0,5,0
3019,'1496379',2054,,1110,16,0,5,0
3019,'1496383',2154,,1114,16,0,5,0
3019,'1496384',1054,,1115,16,0,5,0
3019,'1496387',1624,,1118,16,0,5,0
3019,'1496389',2254,,1120,16,0,5,0
3019,'1496390',1424,,1121,16,0,5,0
3019,'1496391',1854,,1122,16,0,5,0
3019,'1496393',1154,,1124,16,0,5,0
3019,'1496394',724,,1125,16,0,5,0
3019,'1496397',1954,,1128,16,0,5,0
3019,'1496399',654,,1130,16,0,5,0
3019,'1496401',1724,,1132,16,0,5,0
3019,'1496403',1254,,1134,16,0,5,0
3019,'1496405',1754,,1136,16,0,5,0
3019,'1496406',954,,1137,16,0,5,0
3019,'1496407',1224,,1138,16,0,5,0
3019,'1496408',1324,,1139,16,0,5,0
3019,'1496410',754,,1141,16,0,5,0
3019,'1496414',924,,1145,16,0,5,0
3019,'1496415',1554,,1146,16,0,5,0
3019,'1496416',1354,,1147,16,0,5,0
3019,'1496418',1654,,1149,16,0,5,0
3019,'1496419',1124,,1150,16,0,5,0
3019,'1496420',1454,,1151,16,0,5,0
3019,'1496424',1524,,1155,16,0,5,0
3019,'1496428',854,,1159,16,0,5,0
3019,'1496454',1654,,1167,16,0,5,0
3019,'1496456',2154,,1169,16,0,5,0
3019,'1496461',1854,,1174,16,0,5,0
3019,'1496462',1354,,1175,16,0,5,0
3019,'1496464',1954,,1177,16,0,5,0
3019,'1496466',2254,,1179,16,0,5,0
3019,'1496470',1754,,1183,16,0,5,0
3019,'1496471',654,,1184,16,0,5,0
3019,'1496472',854,,1185,16,0,5,0
3019,'1496476',954,,1189,16,0,5,0
3019,'1496477',1254,,1190,16,0,5,0
3019,'1496478',1554,,1191,16,0,5,0
3019,'1496480',1054,,1193,16,0,5,0
3019,'1496481',1454,,1194,16,0,5,0
3019,'1496482',2054,,1195,16,0,5,0
3019,'1496483',754,,1196,16,0,5,0
3019,'1496485',1154,,1198,16,0,5,0
3019,'1496628',1654,,1204,16,0,5,0
3019,'1496630',2154,,1206,16,0,5,0
3019,'1496634',1854,,1210,16,0,5,0
3019,'1496635',1354,,1211,16,0,5,0
3019,'1496637',1954,,1213,16,0,5,0
3019,'1496639',2254,,1215,16,0,5,0
3019,'1496643',1754,,1219,16,0,5,0
3019,'1496644',854,,1220,16,0,5,0
3019,'1496648',954,,1224,16,0,5,0
3019,'1496649',1254,,1225,16,0,5,0
3019,'1496650',1554,,1226,16,0,5,0
3019,'1496652',1054,,1228,16,0,5,0
3019,'1496653',1454,,1229,16,0,5,0
3019,'1496654',2054,,1230,16,0,5,0
3019,'1496655',754,,1231,16,0,5,0
3019,'1496657',1154,,1233,16,0,5,0
