3019,'1496126',848,,1057,45,0,5,0
3019,'1496127',1048,,1058,45,0,5,0
3019,'1496132',1118,,1063,45,0,5,0
3019,'1496135',1648,,1066,45,0,5,0
3019,'1496137',1448,,1068,45,0,5,0
3019,'1496139',1218,,1070,45,0,5,0
3019,'1496140',748,,1071,45,0,5,0
3019,'1496143',718,,1074,45,0,5,0
3019,'1496145',1748,,1076,45,0,5,0
3019,'1496147',1318,,1078,45,0,5,0
3019,'1496148',1018,,1079,45,0,5,0
3019,'1496149',1248,,1080,45,0,5,0
3019,'1496150',1348,,1081,45,0,5,0
3019,'1496152',818,,1083,45,0,5,0
3019,'1496156',948,,1087,45,0,5,0
3019,'1496157',1618,,1088,45,0,5,0
3019,'1496158',1418,,1089,45,0,5,0
3019,'1496160',1718,,1091,45,0,5,0
3019,'1496161',1148,,1092,45,0,5,0
3019,'1496162',1518,,1093,45,0,5,0
3019,'1496166',1548,,1097,45,0,5,0
3019,'1496169',918,,1100,45,0,5,0
3019,'1496172',618,,1103,14,0,5,0
3019,'1496375',848,,1106,45,0,5,0
3019,'1496376',1048,,1107,45,0,5,0
3019,'1496379',2118,,1110,45,0,5,0
3019,'1496383',2218,,1114,45,0,5,0
3019,'1496384',1118,,1115,45,0,5,0
3019,'1496387',1648,,1118,45,0,5,0
3019,'1496389',2314,,1120,45,0,5,0
3019,'1496390',1448,,1121,45,0,5,0
3019,'1496391',1918,,1122,45,0,5,0
3019,'1496393',1218,,1124,45,0,5,0
3019,'1496394',748,,1125,45,0,5,0
3019,'1496397',2018,,1128,45,0,5,0
3019,'1496399',718,,1130,45,0,5,0
3019,'1496401',1748,,1132,45,0,5,0
3019,'1496403',1318,,1134,45,0,5,0
3019,'1496405',1818,,1136,45,0,5,0
3019,'1496406',1018,,1137,45,0,5,0
3019,'1496407',1248,,1138,45,0,5,0
3019,'1496408',1348,,1139,45,0,5,0
3019,'1496410',818,,1141,45,0,5,0
3019,'1496414',948,,1145,45,0,5,0
3019,'1496415',1618,,1146,45,0,5,0
3019,'1496416',1418,,1147,45,0,5,0
3019,'1496418',1718,,1149,45,0,5,0
3019,'1496419',1148,,1150,45,0,5,0
3019,'1496420',1518,,1151,45,0,5,0
3019,'1496424',1548,,1155,45,0,5,0
3019,'1496428',918,,1159,45,0,5,0
3019,'1496433',618,,1164,14,0,5,0
3019,'1496454',1718,,1167,45,0,5,0
3019,'1496456',2218,,1169,45,0,5,0
3019,'1496461',1918,,1174,45,0,5,0
3019,'1496462',1418,,1175,45,0,5,0
3019,'1496464',2018,,1177,45,0,5,0
3019,'1496466',2315,,1179,45,0,5,0
3019,'1496470',1818,,1183,45,0,5,0
3019,'1496471',718,,1184,45,0,5,0
3019,'1496472',918,,1185,45,0,5,0
3019,'1496476',1018,,1189,45,0,5,0
3019,'1496477',1318,,1190,45,0,5,0
3019,'1496478',1618,,1191,45,0,5,0
3019,'1496480',1118,,1193,45,0,5,0
3019,'1496481',1518,,1194,45,0,5,0
3019,'1496482',2118,,1195,45,0,5,0
3019,'1496483',818,,1196,45,0,5,0
3019,'1496485',1218,,1198,45,0,5,0
3019,'1496628',1718,,1204,45,0,5,0
3019,'1496630',2218,,1206,45,0,5,0
3019,'1496634',1918,,1210,45,0,5,0
3019,'1496635',1418,,1211,45,0,5,0
3019,'1496637',2018,,1213,45,0,5,0
3019,'1496639',2315,,1215,45,0,5,0
3019,'1496643',1818,,1219,45,0,5,0
3019,'1496644',918,,1220,45,0,5,0
3019,'1496648',1018,,1224,45,0,5,0
3019,'1496649',1318,,1225,45,0,5,0
3019,'1496650',1618,,1226,45,0,5,0
3019,'1496652',1118,,1228,45,0,5,0
3019,'1496653',1518,,1229,45,0,5,0
3019,'1496654',2118,,1230,45,0,5,0
3019,'1496655',818,,1231,45,0,5,0
3019,'1496657',1218,,1233,45,0,5,0
