2019,'1496174',1215,,878,22,,,0
2019,'1496175',1345,,879,22,,,0
2019,'1496179',1315,,880,22,,,0
2019,'1496181',1445,,881,22,,,0
2019,'1496183',945,,882,22,,,0
2019,'1496184',1515,,883,22,,,0
2019,'1496185',915,,884,22,,,0
2019,'1496187',1115,,885,22,,,0
2019,'1496188',845,,886,22,,,0
2019,'1496189',815,,887,22,,,0
2019,'1496191',1015,,888,22,,,0
2019,'1496194',1545,,889,22,,,0
2019,'1496198',715,,890,22,,,0
2019,'1496200',1715,,891,22,,,0
2019,'1496204',1415,,892,22,,,0
2019,'1496206',1045,,893,22,,,0
2019,'1496208',1145,,894,22,,,0
2019,'1496209',1615,,895,22,,,0
2019,'1496210',1745,,896,22,,,0
2019,'1496211',1645,,897,22,,,0
2019,'1496215',745,,898,22,,,0
2019,'1496216',1245,,899,22,,,0
2019,'1496218',645,,900,22,,,0
2019,'1496223',2230,,903,22,,,0
2019,'1496224',1215,,904,22,,,0
2019,'1496225',1345,,905,22,,,0
2019,'1496227',2130,,906,22,,,0
2019,'1496228',1830,,907,22,,,0
2019,'1496232',1315,,908,22,,,0
2019,'1496234',1445,,909,22,,,0
2019,'1496236',945,,910,22,,,0
2019,'1496237',1515,,911,22,,,0
2019,'1496238',915,,912,22,,,0
2019,'1496240',1115,,913,22,,,0
2019,'1496242',845,,914,22,,,0
2019,'1496243',815,,915,22,,,0
2019,'1496245',1015,,916,22,,,0
2019,'1496248',1545,,917,22,,,0
2019,'1496253',2030,,918,22,,,0
2019,'1496255',715,,919,22,,,0
2019,'1496257',1715,,920,22,,,0
2019,'1496258',2328,,921,22,,,0
2019,'1496262',1415,,922,22,,,0
2019,'1496264',1045,,923,22,,,0
2019,'1496266',1145,,924,22,,,0
2019,'1496267',1615,,925,22,,,0
2019,'1496268',1745,,926,22,,,0
2019,'1496269',1645,,927,22,,,0
2019,'1496274',745,,928,22,,,0
2019,'1496275',1245,,929,22,,,0
2019,'1496277',645,,930,22,,,0
2019,'1496280',1930,,933,22,,,0
2019,'1496490',1730,,934,22,,,0
2019,'1496491',2130,,935,22,,,0
2019,'1496492',1330,,936,22,,,0
2019,'1496494',1130,,937,22,,,0
2019,'1496495',1430,,938,22,,,0
2019,'1496498',2030,,939,22,,,0
2019,'1496499',730,,940,22,,,0
2019,'1496505',1230,,941,22,,,0
2019,'1496507',2230,,942,22,,,0
2019,'1496510',1530,,943,22,,,0
2019,'1496511',1830,,944,22,,,0
2019,'1496512',1030,,945,22,,,0
2019,'1496516',930,,946,22,,,0
2019,'1496518',830,,947,22,,,0
2019,'1496520',1630,,948,22,,,0
2019,'1496521',1930,,949,22,,,0
2019,'1496523',630,,950,22,,,0
2019,'1496525',2328,,952,22,,,0
2019,'1496594',1730,,953,22,,,0
2019,'1496595',2130,,954,22,,,0
2019,'1496596',1330,,955,22,,,0
2019,'1496598',1130,,956,22,,,0
2019,'1496599',1430,,957,22,,,0
2019,'1496602',2030,,958,22,,,0
2019,'1496603',730,,959,22,,,0
2019,'1496609',1230,,960,22,,,0
2019,'1496613',1530,,961,22,,,0
2019,'1496614',1830,,962,22,,,0
2019,'1496615',1030,,963,22,,,0
2019,'1496619',930,,964,22,,,0
2019,'1496621',830,,965,22,,,0
2019,'1496623',1630,,966,22,,,0
2019,'1496624',1930,,967,22,,,0
2019,'1496626',2328,,969,22,,,0
3019,'1496125',1611,,1056,71,,,0
3019,'1496128',1741,,1059,71,,,0
3019,'1496129',911,,1060,71,,,0
3019,'1496130',741,,1061,71,,,0
3019,'1496131',1641,,1062,71,,,0
3019,'1496133',1211,,1064,71,,,0
3019,'1496134',1141,,1065,71,,,0
3019,'1496136',811,,1067,71,,,0
3019,'1496138',941,,1069,71,,,0
3019,'1496141',1411,,1072,71,,,0
3019,'1496142',1341,,1073,71,,,0
3019,'1496144',1511,,1075,71,,,0
3019,'1496146',1311,,1077,71,,,0
3019,'1496151',841,,1082,71,,,0
3019,'1496153',1811,,1084,71,,,0
3019,'1496154',1441,,1085,71,,,0
3019,'1496155',1041,,1086,71,,,0
3019,'1496159',1111,,1090,71,,,0
3019,'1496164',1241,,1095,71,,,0
3019,'1496165',1711,,1096,71,,,0
3019,'1496167',1011,,1098,71,,,0
3019,'1496168',1541,,1099,71,,,0
3019,'1496171',611,,1102,15,,,0
3019,'1496173',711,,1104,71,,,0
3019,'1496374',1611,,1105,71,,,0
3019,'1496377',1741,,1108,71,,,0
3019,'1496378',2056,,1109,71,,,0
3019,'1496380',911,,1111,71,,,0
3019,'1496381',741,,1112,71,,,0
3019,'1496382',1641,,1113,71,,,0
3019,'1496385',1211,,1116,71,,,0
3019,'1496386',1141,,1117,71,,,0
3019,'1496388',811,,1119,71,,,0
3019,'1496392',941,,1123,71,,,0
3019,'1496395',2256,,1126,71,,,0
3019,'1496396',1411,,1127,71,,,0
3019,'1496398',1341,,1129,71,,,0
3019,'1496400',1511,,1131,71,,,0
3019,'1496402',1311,,1133,71,,,0
3019,'1496404',2156,,1135,71,,,0
3019,'1496409',841,,1140,71,,,0
3019,'1496411',1811,,1142,71,,,0
3019,'1496412',1441,,1143,71,,,0
3019,'1496413',1041,,1144,71,,,0
3019,'1496417',1111,,1148,71,,,0
3019,'1496422',1241,,1153,71,,,0
3019,'1496423',1711,,1154,71,,,0
3019,'1496425',1011,,1156,71,,,0
3019,'1496426',1541,,1157,71,,,0
3019,'1496427',1856,,1158,71,,,0
3019,'1496429',2351,,1160,71,,,0
3019,'1496431',611,,1162,15,,,0
3019,'1496432',1956,,1163,71,,,0
3019,'1496434',711,,1165,71,,,0
3019,'1496453',756,,1166,71,,,0
3019,'1496455',1456,,1168,71,,,0
3019,'1496457',856,,1170,71,,,0
3019,'1496458',1156,,1171,71,,,0
3019,'1496459',2256,,1172,71,,,0
3019,'1496460',1856,,1173,71,,,0
3019,'1496463',1356,,1176,71,,,0
3019,'1496465',1956,,1178,71,,,0
3019,'1496467',1656,,1180,71,,,0
3019,'1496468',956,,1181,71,,,0
3019,'1496469',1256,,1182,71,,,0
3019,'1496473',2156,,1186,71,,,0
3019,'1496474',1756,,1187,71,,,0
3019,'1496475',1056,,1188,71,,,0
3019,'1496479',1556,,1192,71,,,0
3019,'1496484',2056,,1197,71,,,0
3019,'1496486',626,,1199,15,,,0
3019,'1496487',2351,,1200,71,,,0
3019,'1496488',656,,1201,71,,,0
3019,'1496627',756,,1203,71,,,0
3019,'1496629',1456,,1205,71,,,0
3019,'1496631',856,,1207,71,,,0
3019,'1496632',1156,,1208,71,,,0
3019,'1496633',1856,,1209,71,,,0
3019,'1496636',1356,,1212,71,,,0
3019,'1496638',1956,,1214,71,,,0
3019,'1496640',1656,,1216,71,,,0
3019,'1496641',956,,1217,71,,,0
3019,'1496642',1256,,1218,71,,,0
3019,'1496645',2156,,1221,71,,,0
3019,'1496646',1756,,1222,71,,,0
3019,'1496647',1056,,1223,71,,,0
3019,'1496651',1556,,1227,71,,,0
3019,'1496656',2056,,1232,71,,,0
3019,'1496658',726,,1234,15,,,0
3019,'1496659',2351,,1235,71,,,0
