2029,'1488850',626,,970,18,,,0
2029,'1496221',655,,971,78,,,0
2029,'1496281',655,,972,78,,,0
2029,'1497044',956,,973,115,,,0
2029,'1497045',1456,,974,115,,,0
2029,'1497046',1256,,975,115,,,0
2029,'1497047',1326,,976,115,,,0
2029,'1497048',1626,,977,115,,,0
2029,'1497049',1026,,978,115,,,0
2029,'1497050',856,,979,115,,,0
2029,'1497051',1656,,980,115,,,0
2029,'1497052',1526,,981,115,,,0
2029,'1497053',1126,,982,115,,,0
2029,'1497054',756,,983,115,,,0
2029,'1497055',1356,,984,115,,,0
2029,'1497056',1726,,985,115,,,0
2029,'1497057',1556,,986,115,,,0
2029,'1497058',1426,,987,115,,,0
2029,'1497059',826,,988,115,,,0
2029,'1497060',1756,,989,115,,,0
2029,'1497061',1056,,990,115,,,0
2029,'1497062',926,,991,115,,,0
2029,'1497063',1226,,992,115,,,0
2029,'1497064',1156,,993,115,,,0
2029,'1497065',1826,,994,115,,,0
2029,'1497066',2056,,995,115,,,0
2029,'1497067',956,,996,115,,,0
2029,'1497068',1456,,997,115,,,0
2029,'1497069',1256,,998,115,,,0
2029,'1497070',1856,,999,115,,,0
2029,'1497071',1326,,1000,115,,,0
2029,'1497072',1626,,1001,115,,,0
2029,'1497073',1026,,1002,115,,,0
2029,'1497074',2256,,1003,115,,,0
2029,'1497075',856,,1004,115,,,0
2029,'1497076',1656,,1005,115,,,0
2029,'1497077',1526,,1006,115,,,0
2029,'1497078',2349,,1007,115,,,0
2029,'1497079',1126,,1008,115,,,0
2029,'1497080',756,,1009,115,,,0
2029,'1497081',1356,,1010,115,,,0
2029,'1497082',1956,,1011,115,,,0
2029,'1497083',1726,,1012,115,,,0
2029,'1497084',1556,,1013,115,,,0
2029,'1497085',1426,,1014,115,,,0
2029,'1497086',826,,1015,115,,,0
2029,'1497087',1756,,1016,115,,,0
2029,'1497088',1056,,1017,115,,,0
2029,'1497089',926,,1018,115,,,0
2029,'1497090',2156,,1019,115,,,0
2029,'1497091',1226,,1020,115,,,0
2029,'1497092',1156,,1021,115,,,0
2029,'1497093',1826,,1022,115,,,0
2029,'1497094',1756,,1023,115,,,0
2029,'1497095',1156,,1024,115,,,0
2029,'1497096',2256,,1025,115,,,0
2029,'1497097',2349,,1026,115,,,0
2029,'1497098',1056,,1027,115,,,0
2029,'1497099',2056,,1028,115,,,0
2029,'1497100',956,,1029,115,,,0
2029,'1497101',1556,,1030,115,,,0
2029,'1497102',2156,,1031,115,,,0
2029,'1497103',1856,,1032,115,,,0
2029,'1497104',1256,,1033,115,,,0
2029,'1497105',1456,,1034,115,,,0
2029,'1497106',856,,1035,115,,,0
2029,'1497107',1356,,1036,115,,,0
2029,'1497108',1956,,1037,115,,,0
2029,'1497109',1656,,1038,115,,,0
2029,'1497110',756,,1039,115,,,0
2029,'1497111',1756,,1040,115,,,0
2029,'1497112',1156,,1041,115,,,0
2029,'1497113',2256,,1042,115,,,0
2029,'1497114',2349,,1043,115,,,0
2029,'1497115',1056,,1044,115,,,0
2029,'1497116',2056,,1045,115,,,0
2029,'1497117',956,,1046,115,,,0
2029,'1497118',1556,,1047,115,,,0
2029,'1497119',2156,,1048,115,,,0
2029,'1497120',1856,,1049,115,,,0
2029,'1497121',1256,,1050,115,,,0
2029,'1497122',1456,,1051,115,,,0
2029,'1497123',856,,1052,115,,,0
2029,'1497124',1356,,1053,115,,,0
2029,'1497125',1956,,1054,115,,,0
2029,'1497126',1656,,1055,115,,,0
