3019,'1496125',1616,,1056,77,,,0
3019,'1496128',1746,,1059,77,,,0
3019,'1496129',916,,1060,77,,,0
3019,'1496130',746,,1061,77,,,0
3019,'1496131',1646,,1062,77,,,0
3019,'1496133',1216,,1064,77,,,0
3019,'1496134',1146,,1065,77,,,0
3019,'1496136',816,,1067,77,,,0
3019,'1496138',946,,1069,77,,,0
3019,'1496141',1416,,1072,77,,,0
3019,'1496142',1346,,1073,77,,,0
3019,'1496144',1516,,1075,77,,,0
3019,'1496146',1316,,1077,77,,,0
3019,'1496151',846,,1082,77,,,0
3019,'1496153',1816,,1084,77,,,0
3019,'1496154',1446,,1085,77,,,0
3019,'1496155',1046,,1086,77,,,0
3019,'1496159',1116,,1090,77,,,0
3019,'1496164',1246,,1095,77,,,0
3019,'1496165',1716,,1096,77,,,0
3019,'1496167',1016,,1098,77,,,0
3019,'1496168',1546,,1099,77,,,0
3019,'1496171',616,,1102,21,,,0
3019,'1496173',716,,1104,77,,,0
3019,'1496374',1616,,1105,77,,,0
3019,'1496377',1746,,1108,77,,,0
3019,'1496378',2101,,1109,77,,,0
3019,'1496380',916,,1111,77,,,0
3019,'1496381',746,,1112,77,,,0
3019,'1496382',1646,,1113,77,,,0
3019,'1496385',1216,,1116,77,,,0
3019,'1496386',1146,,1117,77,,,0
3019,'1496388',816,,1119,77,,,0
3019,'1496392',946,,1123,77,,,0
3019,'1496395',2301,,1126,77,,,0
3019,'1496396',1416,,1127,77,,,0
3019,'1496398',1346,,1129,77,,,0
3019,'1496400',1516,,1131,77,,,0
3019,'1496402',1316,,1133,77,,,0
3019,'1496404',2201,,1135,77,,,0
3019,'1496409',846,,1140,77,,,0
3019,'1496411',1816,,1142,77,,,0
3019,'1496412',1446,,1143,77,,,0
3019,'1496413',1046,,1144,77,,,0
3019,'1496417',1116,,1148,77,,,0
3019,'1496422',1246,,1153,77,,,0
3019,'1496423',1716,,1154,77,,,0
3019,'1496425',1016,,1156,77,,,0
3019,'1496426',1546,,1157,77,,,0
3019,'1496427',1901,,1158,77,,,0
3019,'1496431',616,,1162,21,,,0
3019,'1496432',2001,,1163,77,,,0
3019,'1496434',716,,1165,77,,,0
3019,'1496453',801,,1166,77,,,0
3019,'1496455',1501,,1168,77,,,0
3019,'1496457',901,,1170,77,,,0
3019,'1496458',1201,,1171,77,,,0
3019,'1496459',2301,,1172,77,,,0
3019,'1496460',1901,,1173,77,,,0
3019,'1496463',1401,,1176,77,,,0
3019,'1496465',2001,,1178,77,,,0
3019,'1496467',1701,,1180,77,,,0
3019,'1496468',1001,,1181,77,,,0
3019,'1496469',1301,,1182,77,,,0
3019,'1496473',2201,,1186,77,,,0
3019,'1496474',1801,,1187,77,,,0
3019,'1496475',1101,,1188,77,,,0
3019,'1496479',1601,,1192,77,,,0
3019,'1496484',2101,,1197,77,,,0
3019,'1496486',631,,1199,21,,,0
3019,'1496488',701,,1201,77,,,0
3019,'1496627',801,,1203,77,,,0
3019,'1496629',1501,,1205,77,,,0
3019,'1496631',901,,1207,77,,,0
3019,'1496632',1201,,1208,77,,,0
3019,'1496633',1901,,1209,77,,,0
3019,'1496636',1401,,1212,77,,,0
3019,'1496638',2001,,1214,77,,,0
3019,'1496640',1701,,1216,77,,,0
3019,'1496641',1001,,1217,77,,,0
3019,'1496642',1301,,1218,77,,,0
3019,'1496645',2201,,1221,77,,,0
3019,'1496646',1801,,1222,77,,,0
3019,'1496647',1101,,1223,77,,,0
3019,'1496651',1601,,1227,77,,,0
3019,'1496656',2101,,1232,77,,,0
3019,'1496658',731,,1234,21,,,0
