1019,'1496067',737,,702,47,,,0
1019,'1496069',837,,703,47,,,0
1019,'1496071',1607,,704,47,,,0
1019,'1496072',1707,,705,47,,,0
1019,'1496074',807,,706,47,,,0
1019,'1496075',1507,,707,47,,,0
1019,'1496076',1307,,708,47,,,0
1019,'1496080',1407,,709,47,,,0
1019,'1496085',1107,,710,47,,,0
1019,'1496087',1337,,711,47,,,0
1019,'1496089',907,,712,47,,,0
1019,'1496090',1207,,713,47,,,0
1019,'1496091',1007,,714,47,,,0
1019,'1496093',1807,,715,47,,,0
1019,'1496095',1037,,716,47,,,0
1019,'1496097',937,,717,47,,,0
1019,'1496099',1437,,718,47,,,0
1019,'1496100',1537,,719,47,,,0
1019,'1496102',707,,720,47,,,0
1019,'1496103',1237,,721,47,,,0
1019,'1496104',1137,,722,47,,,0
1019,'1496107',1737,,723,47,,,0
1019,'1496109',1637,,724,47,,,0
1019,'1496110',607,,725,16,,,0
1019,'1496296',737,,726,47,,,0
1019,'1496298',837,,727,47,,,0
1019,'1496301',1607,,728,47,,,0
1019,'1496302',2152,,729,47,,,0
1019,'1496303',1707,,730,47,,,0
1019,'1496305',807,,731,47,,,0
1019,'1496306',1507,,732,47,,,0
1019,'1496307',1307,,733,47,,,0
1019,'1496308',1837,,734,47,,,0
1019,'1496313',1407,,735,47,,,0
1019,'1496314',1952,,736,47,,,0
1019,'1496315',2052,,737,47,,,0
1019,'1496321',1107,,738,47,,,0
1019,'1496323',1337,,739,47,,,0
1019,'1496326',907,,740,47,,,0
1019,'1496327',1207,,741,47,,,0
1019,'1496328',1007,,742,47,,,0
1019,'1496330',2345,,743,47,,,0
1019,'1496331',1807,,744,47,,,0
1019,'1496334',1037,,745,47,,,0
1019,'1496336',937,,746,47,,,0
1019,'1496338',2252,,747,47,,,0
1019,'1496340',1437,,748,47,,,0
1019,'1496341',1537,,749,47,,,0
1019,'1496343',707,,750,47,,,0
1019,'1496344',1237,,751,47,,,0
1019,'1496345',1137,,752,47,,,0
1019,'1496348',1737,,753,47,,,0
1019,'1496350',1637,,754,47,,,0
1019,'1496351',607,,755,16,,,0
1019,'1496353',1907,,756,47,,,0
1019,'1496526',1352,,757,47,,,0
1019,'1496529',1952,,758,47,,,0
1019,'1496530',752,,759,47,,,0
1019,'1496531',652,,760,47,,,0
1019,'1496532',2052,,761,47,,,0
1019,'1496536',1052,,762,47,,,0
1019,'1496538',1452,,763,47,,,0
1019,'1496541',1652,,764,47,,,0
1019,'1496543',1152,,765,47,,,0
1019,'1496546',2152,,766,47,,,0
1019,'1496548',1552,,767,47,,,0
1019,'1496549',1752,,768,47,,,0
1019,'1496553',952,,769,47,,,0
1019,'1496554',852,,770,47,,,0
1019,'1496557',1252,,771,47,,,0
1019,'1496558',1852,,772,47,,,0
1019,'1496559',2344,,773,47,,,0
1019,'1496560',2252,,774,47,,,0
1019,'1496561',1352,,775,47,,,0
1019,'1496564',1952,,776,47,,,0
1019,'1496565',752,,777,47,,,0
1019,'1496566',2052,,778,47,,,0
1019,'1496570',1052,,779,47,,,0
1019,'1496572',1452,,780,47,,,0
1019,'1496575',1652,,781,47,,,0
1019,'1496576',1152,,782,47,,,0
1019,'1496579',2152,,783,47,,,0
1019,'1496581',1552,,784,47,,,0
1019,'1496582',1752,,785,47,,,0
1019,'1496586',952,,786,47,,,0
1019,'1496587',852,,787,47,,,0
1019,'1496590',1252,,788,47,,,0
1019,'1496591',1852,,789,47,,,0
1019,'1496592',2344,,790,47,,,0
1019,'1496593',2252,,791,47,,,0
