3019,'1496126',823,,1057,13,0,5,0
3019,'1496127',1023,,1058,13,0,5,0
3019,'1496132',1053,,1063,13,0,5,0
3019,'1496135',1623,,1066,13,0,5,0
3019,'1496137',1423,,1068,13,0,5,0
3019,'1496139',1153,,1070,13,0,5,0
3019,'1496140',723,,1071,13,0,5,0
3019,'1496143',653,,1074,13,0,5,0
3019,'1496145',1723,,1076,13,0,5,0
3019,'1496147',1253,,1078,13,0,5,0
3019,'1496148',953,,1079,13,0,5,0
3019,'1496149',1223,,1080,13,0,5,0
3019,'1496150',1323,,1081,13,0,5,0
3019,'1496152',753,,1083,13,0,5,0
3019,'1496156',923,,1087,13,0,5,0
3019,'1496157',1553,,1088,13,0,5,0
3019,'1496158',1353,,1089,13,0,5,0
3019,'1496160',1653,,1091,13,0,5,0
3019,'1496161',1123,,1092,13,0,5,0
3019,'1496162',1453,,1093,13,0,5,0
3019,'1496166',1523,,1097,13,0,5,0
3019,'1496169',853,,1100,13,0,5,0
3019,'1496375',823,,1106,13,0,5,0
3019,'1496376',1023,,1107,13,0,5,0
3019,'1496379',2053,,1110,13,0,5,0
3019,'1496383',2153,,1114,13,0,5,0
3019,'1496384',1053,,1115,13,0,5,0
3019,'1496387',1623,,1118,13,0,5,0
3019,'1496389',2253,,1120,13,0,5,0
3019,'1496390',1423,,1121,13,0,5,0
3019,'1496391',1853,,1122,13,0,5,0
3019,'1496393',1153,,1124,13,0,5,0
3019,'1496394',723,,1125,13,0,5,0
3019,'1496397',1953,,1128,13,0,5,0
3019,'1496399',653,,1130,13,0,5,0
3019,'1496401',1723,,1132,13,0,5,0
3019,'1496403',1253,,1134,13,0,5,0
3019,'1496405',1753,,1136,13,0,5,0
3019,'1496406',953,,1137,13,0,5,0
3019,'1496407',1223,,1138,13,0,5,0
3019,'1496408',1323,,1139,13,0,5,0
3019,'1496410',753,,1141,13,0,5,0
3019,'1496414',923,,1145,13,0,5,0
3019,'1496415',1553,,1146,13,0,5,0
3019,'1496416',1353,,1147,13,0,5,0
3019,'1496418',1653,,1149,13,0,5,0
3019,'1496419',1123,,1150,13,0,5,0
3019,'1496420',1453,,1151,13,0,5,0
3019,'1496424',1523,,1155,13,0,5,0
3019,'1496428',853,,1159,13,0,5,0
3019,'1496454',1653,,1167,13,0,5,0
3019,'1496456',2153,,1169,13,0,5,0
3019,'1496461',1853,,1174,13,0,5,0
3019,'1496462',1353,,1175,13,0,5,0
3019,'1496464',1953,,1177,13,0,5,0
3019,'1496466',2253,,1179,13,0,5,0
3019,'1496470',1753,,1183,13,0,5,0
3019,'1496471',653,,1184,13,0,5,0
3019,'1496472',853,,1185,13,0,5,0
3019,'1496476',953,,1189,13,0,5,0
3019,'1496477',1253,,1190,13,0,5,0
3019,'1496478',1553,,1191,13,0,5,0
3019,'1496480',1053,,1193,13,0,5,0
3019,'1496481',1453,,1194,13,0,5,0
3019,'1496482',2053,,1195,13,0,5,0
3019,'1496483',753,,1196,13,0,5,0
3019,'1496485',1153,,1198,13,0,5,0
3019,'1496628',1653,,1204,13,0,5,0
3019,'1496630',2153,,1206,13,0,5,0
3019,'1496634',1853,,1210,13,0,5,0
3019,'1496635',1353,,1211,13,0,5,0
3019,'1496637',1953,,1213,13,0,5,0
3019,'1496639',2253,,1215,13,0,5,0
3019,'1496643',1753,,1219,13,0,5,0
3019,'1496644',853,,1220,13,0,5,0
3019,'1496648',953,,1224,13,0,5,0
3019,'1496649',1253,,1225,13,0,5,0
3019,'1496650',1553,,1226,13,0,5,0
3019,'1496652',1053,,1228,13,0,5,0
3019,'1496653',1453,,1229,13,0,5,0
3019,'1496654',2053,,1230,13,0,5,0
3019,'1496655',753,,1231,13,0,5,0
3019,'1496657',1153,,1233,13,0,5,0
