3019,'1496125',1617,,1056,80,,,0
3019,'1496128',1747,,1059,80,,,0
3019,'1496129',917,,1060,80,,,0
3019,'1496130',747,,1061,80,,,0
3019,'1496131',1647,,1062,80,,,0
3019,'1496133',1217,,1064,80,,,0
3019,'1496134',1147,,1065,80,,,0
3019,'1496136',817,,1067,80,,,0
3019,'1496138',947,,1069,80,,,0
3019,'1496141',1417,,1072,80,,,0
3019,'1496142',1347,,1073,80,,,0
3019,'1496144',1517,,1075,80,,,0
3019,'1496146',1317,,1077,80,,,0
3019,'1496151',847,,1082,80,,,0
3019,'1496153',1817,,1084,80,,,0
3019,'1496154',1447,,1085,80,,,0
3019,'1496155',1047,,1086,80,,,0
3019,'1496159',1117,,1090,80,,,0
3019,'1496164',1247,,1095,80,,,0
3019,'1496165',1717,,1096,80,,,0
3019,'1496167',1017,,1098,80,,,0
3019,'1496168',1547,,1099,80,,,0
3019,'1496171',617,,1102,24,,,0
3019,'1496173',717,,1104,80,,,0
3019,'1496374',1617,,1105,80,,,0
3019,'1496377',1747,,1108,80,,,0
3019,'1496378',2102,,1109,80,,,0
3019,'1496380',917,,1111,80,,,0
3019,'1496381',747,,1112,80,,,0
3019,'1496382',1647,,1113,80,,,0
3019,'1496385',1217,,1116,80,,,0
3019,'1496386',1147,,1117,80,,,0
3019,'1496388',817,,1119,80,,,0
3019,'1496392',947,,1123,80,,,0
3019,'1496395',2302,,1126,80,,,0
3019,'1496396',1417,,1127,80,,,0
3019,'1496398',1347,,1129,80,,,0
3019,'1496400',1517,,1131,80,,,0
3019,'1496402',1317,,1133,80,,,0
3019,'1496404',2202,,1135,80,,,0
3019,'1496409',847,,1140,80,,,0
3019,'1496411',1817,,1142,80,,,0
3019,'1496412',1447,,1143,80,,,0
3019,'1496413',1047,,1144,80,,,0
3019,'1496417',1117,,1148,80,,,0
3019,'1496422',1247,,1153,80,,,0
3019,'1496423',1717,,1154,80,,,0
3019,'1496425',1017,,1156,80,,,0
3019,'1496426',1547,,1157,80,,,0
3019,'1496427',1902,,1158,80,,,0
3019,'1496431',617,,1162,24,,,0
3019,'1496432',2002,,1163,80,,,0
3019,'1496434',717,,1165,80,,,0
3019,'1496453',802,,1166,80,,,0
3019,'1496455',1502,,1168,80,,,0
3019,'1496457',902,,1170,80,,,0
3019,'1496458',1202,,1171,80,,,0
3019,'1496459',2302,,1172,80,,,0
3019,'1496460',1902,,1173,80,,,0
3019,'1496463',1402,,1176,80,,,0
3019,'1496465',2002,,1178,80,,,0
3019,'1496467',1702,,1180,80,,,0
3019,'1496468',1002,,1181,80,,,0
3019,'1496469',1302,,1182,80,,,0
3019,'1496473',2202,,1186,80,,,0
3019,'1496474',1802,,1187,80,,,0
3019,'1496475',1102,,1188,80,,,0
3019,'1496479',1602,,1192,80,,,0
3019,'1496484',2102,,1197,80,,,0
3019,'1496486',632,,1199,24,,,0
3019,'1496488',702,,1201,80,,,0
3019,'1496627',802,,1203,80,,,0
3019,'1496629',1502,,1205,80,,,0
3019,'1496631',902,,1207,80,,,0
3019,'1496632',1202,,1208,80,,,0
3019,'1496633',1902,,1209,80,,,0
3019,'1496636',1402,,1212,80,,,0
3019,'1496638',2002,,1214,80,,,0
3019,'1496640',1702,,1216,80,,,0
3019,'1496641',1002,,1217,80,,,0
3019,'1496642',1302,,1218,80,,,0
3019,'1496645',2202,,1221,80,,,0
3019,'1496646',1802,,1222,80,,,0
3019,'1496647',1102,,1223,80,,,0
3019,'1496651',1602,,1227,80,,,0
3019,'1496656',2102,,1232,80,,,0
3019,'1496658',732,,1234,24,,,0
