3019,'1496126',916,,1057,91,0,5,0
3019,'1496127',1116,,1058,91,0,5,0
3019,'1496132',1146,,1063,91,0,5,0
3019,'1496135',1716,,1066,91,0,5,0
3019,'1496137',1516,,1068,91,0,5,0
3019,'1496139',1246,,1070,91,0,5,0
3019,'1496140',816,,1071,91,0,5,0
3019,'1496143',746,,1074,91,0,5,0
3019,'1496145',1816,,1076,91,0,5,0
3019,'1496147',1346,,1078,91,0,5,0
3019,'1496148',1046,,1079,91,0,5,0
3019,'1496149',1316,,1080,91,0,5,0
3019,'1496150',1416,,1081,91,0,5,0
3019,'1496152',846,,1083,91,0,5,0
3019,'1496156',1016,,1087,91,0,5,0
3019,'1496157',1646,,1088,91,0,5,0
3019,'1496158',1446,,1089,91,0,5,0
3019,'1496160',1746,,1091,91,0,5,0
3019,'1496161',1216,,1092,91,0,5,0
3019,'1496162',1546,,1093,91,0,5,0
3019,'1496163',616,,1094,13,0,5,0
3019,'1496166',1616,,1097,91,0,5,0
3019,'1496169',946,,1100,91,0,5,0
3019,'1496172',646,,1103,60,0,5,0
3019,'1496375',916,,1106,91,0,5,0
3019,'1496376',1116,,1107,91,0,5,0
3019,'1496379',2146,,1110,91,0,5,0
3019,'1496383',2246,,1114,91,0,5,0
3019,'1496384',1146,,1115,91,0,5,0
3019,'1496387',1716,,1118,91,0,5,0
3019,'1496389',2338,,1120,91,0,5,0
3019,'1496390',1516,,1121,91,0,5,0
3019,'1496391',1946,,1122,91,0,5,0
3019,'1496393',1246,,1124,91,0,5,0
3019,'1496394',816,,1125,91,0,5,0
3019,'1496397',2046,,1128,91,0,5,0
3019,'1496399',746,,1130,91,0,5,0
3019,'1496401',1816,,1132,91,0,5,0
3019,'1496403',1346,,1134,91,0,5,0
3019,'1496405',1846,,1136,91,0,5,0
3019,'1496406',1046,,1137,91,0,5,0
3019,'1496407',1316,,1138,91,0,5,0
3019,'1496408',1416,,1139,91,0,5,0
3019,'1496410',846,,1141,91,0,5,0
3019,'1496414',1016,,1145,91,0,5,0
3019,'1496415',1646,,1146,91,0,5,0
3019,'1496416',1446,,1147,91,0,5,0
3019,'1496418',1746,,1149,91,0,5,0
3019,'1496419',1216,,1150,91,0,5,0
3019,'1496420',1546,,1151,91,0,5,0
3019,'1496421',616,,1152,13,0,5,0
3019,'1496424',1616,,1155,91,0,5,0
3019,'1496428',946,,1159,91,0,5,0
3019,'1496433',646,,1164,60,0,5,0
3019,'1496454',1746,,1167,91,0,5,0
3019,'1496456',2246,,1169,91,0,5,0
3019,'1496461',1946,,1174,91,0,5,0
3019,'1496462',1446,,1175,91,0,5,0
3019,'1496464',2046,,1177,91,0,5,0
3019,'1496466',2338,,1179,91,0,5,0
3019,'1496470',1846,,1183,91,0,5,0
3019,'1496471',746,,1184,91,0,5,0
3019,'1496472',946,,1185,91,0,5,0
3019,'1496476',1046,,1189,91,0,5,0
3019,'1496477',1346,,1190,91,0,5,0
3019,'1496478',1646,,1191,91,0,5,0
3019,'1496480',1146,,1193,91,0,5,0
3019,'1496481',1546,,1194,91,0,5,0
3019,'1496482',2146,,1195,91,0,5,0
3019,'1496483',846,,1196,91,0,5,0
3019,'1496485',1246,,1198,91,0,5,0
3019,'1496489',619,,1202,13,0,5,0
3019,'1496628',1746,,1204,91,0,5,0
3019,'1496630',2246,,1206,91,0,5,0
3019,'1496634',1946,,1210,91,0,5,0
3019,'1496635',1446,,1211,91,0,5,0
3019,'1496637',2046,,1213,91,0,5,0
3019,'1496639',2338,,1215,91,0,5,0
3019,'1496643',1846,,1219,91,0,5,0
3019,'1496644',946,,1220,91,0,5,0
3019,'1496648',1046,,1224,91,0,5,0
3019,'1496649',1346,,1225,91,0,5,0
3019,'1496650',1646,,1226,91,0,5,0
3019,'1496652',1146,,1228,91,0,5,0
3019,'1496653',1546,,1229,91,0,5,0
3019,'1496654',2146,,1230,91,0,5,0
3019,'1496655',846,,1231,91,0,5,0
3019,'1496657',1246,,1233,91,0,5,0
3019,'1496660',716,,1236,13,0,5,0
