2019,'1496174',1209,,878,12,,,0
2019,'1496175',1339,,879,12,,,0
2019,'1496179',1309,,880,12,,,0
2019,'1496181',1439,,881,12,,,0
2019,'1496183',939,,882,12,,,0
2019,'1496184',1509,,883,12,,,0
2019,'1496185',909,,884,12,,,0
2019,'1496187',1109,,885,12,,,0
2019,'1496188',839,,886,12,,,0
2019,'1496189',809,,887,12,,,0
2019,'1496191',1009,,888,12,,,0
2019,'1496194',1539,,889,12,,,0
2019,'1496198',709,,890,12,,,0
2019,'1496200',1709,,891,12,,,0
2019,'1496204',1409,,892,12,,,0
2019,'1496206',1039,,893,12,,,0
2019,'1496208',1139,,894,12,,,0
2019,'1496209',1609,,895,12,,,0
2019,'1496210',1739,,896,12,,,0
2019,'1496211',1639,,897,12,,,0
2019,'1496215',739,,898,12,,,0
2019,'1496216',1239,,899,12,,,0
2019,'1496218',639,,900,12,,,0
2019,'1496223',2224,,903,12,,,0
2019,'1496224',1209,,904,12,,,0
2019,'1496225',1339,,905,12,,,0
2019,'1496227',2124,,906,12,,,0
2019,'1496228',1824,,907,12,,,0
2019,'1496232',1309,,908,12,,,0
2019,'1496234',1439,,909,12,,,0
2019,'1496236',939,,910,12,,,0
2019,'1496237',1509,,911,12,,,0
2019,'1496238',909,,912,12,,,0
2019,'1496240',1109,,913,12,,,0
2019,'1496242',839,,914,12,,,0
2019,'1496243',809,,915,12,,,0
2019,'1496245',1009,,916,12,,,0
2019,'1496248',1539,,917,12,,,0
2019,'1496253',2024,,918,12,,,0
2019,'1496255',709,,919,12,,,0
2019,'1496257',1709,,920,12,,,0
2019,'1496258',2323,,921,12,,,0
2019,'1496262',1409,,922,12,,,0
2019,'1496264',1039,,923,12,,,0
2019,'1496266',1139,,924,12,,,0
2019,'1496267',1609,,925,12,,,0
2019,'1496268',1739,,926,12,,,0
2019,'1496269',1639,,927,12,,,0
2019,'1496274',739,,928,12,,,0
2019,'1496275',1239,,929,12,,,0
2019,'1496277',639,,930,12,,,0
2019,'1496280',1924,,933,12,,,0
2019,'1496490',1724,,934,12,,,0
2019,'1496491',2124,,935,12,,,0
2019,'1496492',1324,,936,12,,,0
2019,'1496494',1124,,937,12,,,0
2019,'1496495',1424,,938,12,,,0
2019,'1496498',2024,,939,12,,,0
2019,'1496499',724,,940,12,,,0
2019,'1496505',1224,,941,12,,,0
2019,'1496507',2224,,942,12,,,0
2019,'1496510',1524,,943,12,,,0
2019,'1496511',1824,,944,12,,,0
2019,'1496512',1024,,945,12,,,0
2019,'1496516',924,,946,12,,,0
2019,'1496518',824,,947,12,,,0
2019,'1496520',1624,,948,12,,,0
2019,'1496521',1924,,949,12,,,0
2019,'1496523',624,,950,12,,,0
2019,'1496525',2322,,952,12,,,0
2019,'1496594',1724,,953,12,,,0
2019,'1496595',2124,,954,12,,,0
2019,'1496596',1324,,955,12,,,0
2019,'1496598',1124,,956,12,,,0
2019,'1496599',1424,,957,12,,,0
2019,'1496602',2024,,958,12,,,0
2019,'1496603',724,,959,12,,,0
2019,'1496609',1224,,960,12,,,0
2019,'1496613',1524,,961,12,,,0
2019,'1496614',1824,,962,12,,,0
2019,'1496615',1024,,963,12,,,0
2019,'1496619',924,,964,12,,,0
2019,'1496621',824,,965,12,,,0
2019,'1496623',1624,,966,12,,,0
2019,'1496624',1924,,967,12,,,0
2019,'1496626',2322,,969,12,,,0
