3019,'1496125',1538,,1056,15,,,0
3019,'1496128',1708,,1059,15,,,0
3019,'1496129',838,,1060,15,,,0
3019,'1496130',708,,1061,15,,,0
3019,'1496131',1608,,1062,15,,,0
3019,'1496133',1138,,1064,15,,,0
3019,'1496134',1108,,1065,15,,,0
3019,'1496136',738,,1067,15,,,0
3019,'1496138',908,,1069,15,,,0
3019,'1496141',1338,,1072,15,,,0
3019,'1496142',1308,,1073,15,,,0
3019,'1496144',1438,,1075,15,,,0
3019,'1496146',1238,,1077,15,,,0
3019,'1496151',808,,1082,15,,,0
3019,'1496153',1738,,1084,15,,,0
3019,'1496154',1408,,1085,15,,,0
3019,'1496155',1008,,1086,15,,,0
3019,'1496159',1038,,1090,15,,,0
3019,'1496164',1208,,1095,15,,,0
3019,'1496165',1638,,1096,15,,,0
3019,'1496167',938,,1098,15,,,0
3019,'1496168',1508,,1099,15,,,0
3019,'1496173',638,,1104,15,,,0
3019,'1496374',1538,,1105,15,,,0
3019,'1496377',1708,,1108,15,,,0
3019,'1496378',2023,,1109,15,,,0
3019,'1496380',838,,1111,15,,,0
3019,'1496381',708,,1112,15,,,0
3019,'1496382',1608,,1113,15,,,0
3019,'1496385',1138,,1116,15,,,0
3019,'1496386',1108,,1117,15,,,0
3019,'1496388',738,,1119,15,,,0
3019,'1496392',908,,1123,15,,,0
3019,'1496395',2223,,1126,15,,,0
3019,'1496396',1338,,1127,15,,,0
3019,'1496398',1308,,1129,15,,,0
3019,'1496400',1438,,1131,15,,,0
3019,'1496402',1238,,1133,15,,,0
3019,'1496404',2123,,1135,15,,,0
3019,'1496409',808,,1140,15,,,0
3019,'1496411',1738,,1142,15,,,0
3019,'1496412',1408,,1143,15,,,0
3019,'1496413',1008,,1144,15,,,0
3019,'1496417',1038,,1148,15,,,0
3019,'1496422',1208,,1153,15,,,0
3019,'1496423',1638,,1154,15,,,0
3019,'1496425',938,,1156,15,,,0
3019,'1496426',1508,,1157,15,,,0
3019,'1496427',1823,,1158,15,,,0
3019,'1496429',2322,,1160,15,,,0
3019,'1496432',1923,,1163,15,,,0
3019,'1496434',638,,1165,15,,,0
3019,'1496453',723,,1166,15,,,0
3019,'1496455',1423,,1168,15,,,0
3019,'1496457',823,,1170,15,,,0
3019,'1496458',1123,,1171,15,,,0
3019,'1496459',2223,,1172,15,,,0
3019,'1496460',1823,,1173,15,,,0
3019,'1496463',1323,,1176,15,,,0
3019,'1496465',1923,,1178,15,,,0
3019,'1496467',1623,,1180,15,,,0
3019,'1496468',923,,1181,15,,,0
3019,'1496469',1223,,1182,15,,,0
3019,'1496473',2123,,1186,15,,,0
3019,'1496474',1723,,1187,15,,,0
3019,'1496475',1023,,1188,15,,,0
3019,'1496479',1523,,1192,15,,,0
3019,'1496484',2023,,1197,15,,,0
3019,'1496487',2322,,1200,15,,,0
3019,'1496488',623,,1201,15,,,0
3019,'1496627',723,,1203,15,,,0
3019,'1496629',1423,,1205,15,,,0
3019,'1496631',823,,1207,15,,,0
3019,'1496632',1123,,1208,15,,,0
3019,'1496633',1823,,1209,15,,,0
3019,'1496636',1323,,1212,15,,,0
3019,'1496638',1923,,1214,15,,,0
3019,'1496640',1623,,1216,15,,,0
3019,'1496641',923,,1217,15,,,0
3019,'1496642',1223,,1218,15,,,0
3019,'1496645',2123,,1221,15,,,0
3019,'1496646',1723,,1222,15,,,0
3019,'1496647',1023,,1223,15,,,0
3019,'1496651',1523,,1227,15,,,0
3019,'1496656',2023,,1232,15,,,0
3019,'1496659',2322,,1235,15,,,0
