1029,'1496065',1431,,792,26,,,0
1029,'1496066',1531,,793,26,,,0
1029,'1496068',1631,,794,26,,,0
1029,'1496070',731,,795,26,,,0
1029,'1496073',1031,,796,26,,,0
1029,'1496077',901,,797,26,,,0
1029,'1496078',1701,,798,26,,,0
1029,'1496079',1601,,799,26,,,0
1029,'1496081',1201,,800,26,,,0
1029,'1496082',1231,,801,26,,,0
1029,'1496083',1401,,802,26,,,0
1029,'1496084',1001,,803,26,,,0
1029,'1496086',701,,804,26,,,0
1029,'1496088',1731,,805,26,,,0
1029,'1496092',1331,,806,26,,,0
1029,'1496094',931,,807,26,,,0
1029,'1496096',1131,,808,26,,,0
1029,'1496098',831,,809,26,,,0
1029,'1496101',801,,810,26,,,0
1029,'1496105',1501,,811,26,,,0
1029,'1496106',1301,,812,26,,,0
1029,'1496108',1101,,813,26,,,0
1029,'1496294',1431,,815,26,,,0
1029,'1496295',1531,,816,26,,,0
1029,'1496297',1631,,817,26,,,0
1029,'1496299',731,,818,26,,,0
1029,'1496300',2101,,819,26,,,0
1029,'1496304',1031,,820,26,,,0
1029,'1496309',2001,,821,26,,,0
1029,'1496310',901,,822,26,,,0
1029,'1496311',1701,,823,26,,,0
1029,'1496312',1601,,824,26,,,0
1029,'1496316',1801,,825,26,,,0
1029,'1496317',1201,,826,26,,,0
1029,'1496318',1231,,827,26,,,0
1029,'1496319',1401,,828,26,,,0
1029,'1496320',1001,,829,26,,,0
1029,'1496322',701,,830,26,,,0
1029,'1496324',1831,,831,26,,,0
1029,'1496325',1731,,832,26,,,0
1029,'1496329',1331,,833,26,,,0
1029,'1496332',931,,834,26,,,0
1029,'1496333',2201,,835,26,,,0
1029,'1496335',1131,,836,26,,,0
1029,'1496337',2301,,837,26,,,0
1029,'1496339',831,,838,26,,,0
1029,'1496342',801,,839,26,,,0
1029,'1496346',1501,,840,26,,,0
1029,'1496347',1301,,841,26,,,0
1029,'1496349',1101,,842,26,,,0
1029,'1496354',1901,,844,26,,,0
1029,'1496527',1901,,845,26,,,0
1029,'1496528',2101,,846,26,,,0
1029,'1496533',1801,,847,26,,,0
1029,'1496534',2201,,848,26,,,0
1029,'1496535',1301,,849,26,,,0
1029,'1496537',1101,,850,26,,,0
1029,'1496539',1001,,851,26,,,0
1029,'1496540',2001,,852,26,,,0
1029,'1496542',701,,853,26,,,0
1029,'1496544',2301,,854,26,,,0
1029,'1496545',1501,,855,26,,,0
1029,'1496547',1601,,856,26,,,0
1029,'1496550',801,,857,26,,,0
1029,'1496551',1201,,858,26,,,0
1029,'1496552',901,,859,26,,,0
1029,'1496555',1701,,860,26,,,0
1029,'1496556',1401,,861,26,,,0
1029,'1496562',1901,,862,26,,,0
1029,'1496563',2101,,863,26,,,0
1029,'1496567',1801,,864,26,,,0
1029,'1496568',2201,,865,26,,,0
1029,'1496569',1301,,866,26,,,0
1029,'1496571',1101,,867,26,,,0
1029,'1496573',1001,,868,26,,,0
1029,'1496574',2001,,869,26,,,0
1029,'1496577',2301,,870,26,,,0
1029,'1496578',1501,,871,26,,,0
1029,'1496580',1601,,872,26,,,0
1029,'1496583',801,,873,26,,,0
1029,'1496584',1201,,874,26,,,0
1029,'1496585',901,,875,26,,,0
1029,'1496588',1701,,876,26,,,0
1029,'1496589',1401,,877,26,,,0
