3019,'1496126',923,,1057,99,0,5,0
3019,'1496127',1123,,1058,99,0,5,0
3019,'1496132',1153,,1063,99,0,5,0
3019,'1496135',1723,,1066,99,0,5,0
3019,'1496137',1523,,1068,99,0,5,0
3019,'1496139',1253,,1070,99,0,5,0
3019,'1496140',823,,1071,99,0,5,0
3019,'1496143',753,,1074,99,0,5,0
3019,'1496145',1823,,1076,99,0,5,0
3019,'1496147',1353,,1078,99,0,5,0
3019,'1496148',1053,,1079,99,0,5,0
3019,'1496149',1323,,1080,99,0,5,0
3019,'1496150',1423,,1081,99,0,5,0
3019,'1496152',853,,1083,99,0,5,0
3019,'1496156',1023,,1087,99,0,5,0
3019,'1496157',1653,,1088,99,0,5,0
3019,'1496158',1453,,1089,99,0,5,0
3019,'1496160',1753,,1091,99,0,5,0
3019,'1496161',1223,,1092,99,0,5,0
3019,'1496162',1553,,1093,99,0,5,0
3019,'1496163',623,,1094,21,0,5,0
3019,'1496166',1623,,1097,99,0,5,0
3019,'1496169',953,,1100,99,0,5,0
3019,'1496172',653,,1103,68,0,5,0
3019,'1496375',923,,1106,99,0,5,0
3019,'1496376',1123,,1107,99,0,5,0
3019,'1496379',2153,,1110,99,0,5,0
3019,'1496383',2253,,1114,99,0,5,0
3019,'1496384',1153,,1115,99,0,5,0
3019,'1496387',1723,,1118,99,0,5,0
3019,'1496389',2343,,1120,99,0,5,0
3019,'1496390',1523,,1121,99,0,5,0
3019,'1496391',1953,,1122,99,0,5,0
3019,'1496393',1253,,1124,99,0,5,0
3019,'1496394',823,,1125,99,0,5,0
3019,'1496397',2053,,1128,99,0,5,0
3019,'1496399',753,,1130,99,0,5,0
3019,'1496401',1823,,1132,99,0,5,0
3019,'1496403',1353,,1134,99,0,5,0
3019,'1496405',1853,,1136,99,0,5,0
3019,'1496406',1053,,1137,99,0,5,0
3019,'1496407',1323,,1138,99,0,5,0
3019,'1496408',1423,,1139,99,0,5,0
3019,'1496410',853,,1141,99,0,5,0
3019,'1496414',1023,,1145,99,0,5,0
3019,'1496415',1653,,1146,99,0,5,0
3019,'1496416',1453,,1147,99,0,5,0
3019,'1496418',1753,,1149,99,0,5,0
3019,'1496419',1223,,1150,99,0,5,0
3019,'1496420',1553,,1151,99,0,5,0
3019,'1496421',623,,1152,21,0,5,0
3019,'1496424',1623,,1155,99,0,5,0
3019,'1496428',953,,1159,99,0,5,0
3019,'1496433',653,,1164,68,0,5,0
3019,'1496454',1753,,1167,99,0,5,0
3019,'1496456',2253,,1169,99,0,5,0
3019,'1496461',1953,,1174,99,0,5,0
3019,'1496462',1453,,1175,99,0,5,0
3019,'1496464',2053,,1177,99,0,5,0
3019,'1496466',2343,,1179,99,0,5,0
3019,'1496470',1853,,1183,99,0,5,0
3019,'1496471',753,,1184,99,0,5,0
3019,'1496472',953,,1185,99,0,5,0
3019,'1496476',1053,,1189,99,0,5,0
3019,'1496477',1353,,1190,99,0,5,0
3019,'1496478',1653,,1191,99,0,5,0
3019,'1496480',1153,,1193,99,0,5,0
3019,'1496481',1553,,1194,99,0,5,0
3019,'1496482',2153,,1195,99,0,5,0
3019,'1496483',853,,1196,99,0,5,0
3019,'1496485',1253,,1198,99,0,5,0
3019,'1496489',623,,1202,21,0,5,0
3019,'1496628',1753,,1204,99,0,5,0
3019,'1496630',2253,,1206,99,0,5,0
3019,'1496634',1953,,1210,99,0,5,0
3019,'1496635',1453,,1211,99,0,5,0
3019,'1496637',2053,,1213,99,0,5,0
3019,'1496639',2343,,1215,99,0,5,0
3019,'1496643',1853,,1219,99,0,5,0
3019,'1496644',953,,1220,99,0,5,0
3019,'1496648',1053,,1224,99,0,5,0
3019,'1496649',1353,,1225,99,0,5,0
3019,'1496650',1653,,1226,99,0,5,0
3019,'1496652',1153,,1228,99,0,5,0
3019,'1496653',1553,,1229,99,0,5,0
3019,'1496654',2153,,1230,99,0,5,0
3019,'1496655',853,,1231,99,0,5,0
3019,'1496657',1253,,1233,99,0,5,0
3019,'1496660',723,,1236,21,0,5,0
