3019,'1496125',1546,,1056,32,,,0
3019,'1496126',924,,1057,103,0,5,0
3019,'1496127',1124,,1058,103,0,5,0
3019,'1496128',1716,,1059,32,,,0
3019,'1496129',846,,1060,32,,,0
3019,'1496130',716,,1061,32,,,0
3019,'1496131',1616,,1062,32,,,0
3019,'1496132',1154,,1063,103,0,5,0
3019,'1496133',1146,,1064,32,,,0
3019,'1496134',1116,,1065,32,,,0
3019,'1496135',1724,,1066,103,0,5,0
3019,'1496136',746,,1067,32,,,0
3019,'1496137',1524,,1068,103,0,5,0
3019,'1496138',916,,1069,32,,,0
3019,'1496139',1254,,1070,103,0,5,0
3019,'1496140',824,,1071,103,0,5,0
3019,'1496141',1346,,1072,32,,,0
3019,'1496142',1316,,1073,32,,,0
3019,'1496143',754,,1074,103,0,5,0
3019,'1496144',1446,,1075,32,,,0
3019,'1496145',1824,,1076,103,0,5,0
3019,'1496146',1246,,1077,32,,,0
3019,'1496147',1354,,1078,103,0,5,0
3019,'1496148',1054,,1079,103,0,5,0
3019,'1496149',1324,,1080,103,0,5,0
3019,'1496150',1424,,1081,103,0,5,0
3019,'1496151',816,,1082,32,,,0
3019,'1496152',854,,1083,103,0,5,0
3019,'1496153',1746,,1084,32,,,0
3019,'1496154',1416,,1085,32,,,0
3019,'1496155',1016,,1086,32,,,0
3019,'1496156',1024,,1087,103,0,5,0
3019,'1496157',1654,,1088,103,0,5,0
3019,'1496158',1454,,1089,103,0,5,0
3019,'1496159',1046,,1090,32,,,0
3019,'1496160',1754,,1091,103,0,5,0
3019,'1496161',1224,,1092,103,0,5,0
3019,'1496162',1554,,1093,103,0,5,0
3019,'1496163',624,,1094,25,0,5,0
3019,'1496164',1216,,1095,32,,,0
3019,'1496165',1646,,1096,32,,,0
3019,'1496166',1624,,1097,103,0,5,0
3019,'1496167',946,,1098,32,,,0
3019,'1496168',1516,,1099,32,,,0
3019,'1496169',954,,1100,103,0,5,0
3019,'1496172',654,,1103,72,0,5,0
3019,'1496173',646,,1104,32,,,0
3019,'1496374',1546,,1105,32,,,0
3019,'1496375',924,,1106,103,0,5,0
3019,'1496376',1124,,1107,103,0,5,0
3019,'1496377',1716,,1108,32,,,0
3019,'1496378',2031,,1109,32,,,0
3019,'1496379',2154,,1110,103,0,5,0
3019,'1496380',846,,1111,32,,,0
3019,'1496381',716,,1112,32,,,0
3019,'1496382',1616,,1113,32,,,0
3019,'1496383',2254,,1114,103,0,5,0
3019,'1496384',1154,,1115,103,0,5,0
3019,'1496385',1146,,1116,32,,,0
3019,'1496386',1116,,1117,32,,,0
3019,'1496387',1724,,1118,103,0,5,0
3019,'1496388',746,,1119,32,,,0
3019,'1496389',2345,,1120,103,0,5,0
3019,'1496390',1524,,1121,103,0,5,0
3019,'1496391',1954,,1122,103,0,5,0
3019,'1496392',916,,1123,32,,,0
3019,'1496393',1254,,1124,103,0,5,0
3019,'1496394',824,,1125,103,0,5,0
3019,'1496395',2231,,1126,32,,,0
3019,'1496396',1346,,1127,32,,,0
3019,'1496397',2054,,1128,103,0,5,0
3019,'1496398',1316,,1129,32,,,0
3019,'1496399',754,,1130,103,0,5,0
3019,'1496400',1446,,1131,32,,,0
3019,'1496401',1824,,1132,103,0,5,0
3019,'1496402',1246,,1133,32,,,0
3019,'1496403',1354,,1134,103,0,5,0
3019,'1496404',2131,,1135,32,,,0
3019,'1496405',1854,,1136,103,0,5,0
3019,'1496406',1054,,1137,103,0,5,0
3019,'1496407',1324,,1138,103,0,5,0
3019,'1496408',1424,,1139,103,0,5,0
3019,'1496409',816,,1140,32,,,0
3019,'1496410',854,,1141,103,0,5,0
3019,'1496411',1746,,1142,32,,,0
3019,'1496412',1416,,1143,32,,,0
3019,'1496413',1016,,1144,32,,,0
3019,'1496414',1024,,1145,103,0,5,0
3019,'1496415',1654,,1146,103,0,5,0
3019,'1496416',1454,,1147,103,0,5,0
3019,'1496417',1046,,1148,32,,,0
3019,'1496418',1754,,1149,103,0,5,0
3019,'1496419',1224,,1150,103,0,5,0
3019,'1496420',1554,,1151,103,0,5,0
3019,'1496421',624,,1152,25,0,5,0
3019,'1496422',1216,,1153,32,,,0
3019,'1496423',1646,,1154,32,,,0
3019,'1496424',1624,,1155,103,0,5,0
3019,'1496425',946,,1156,32,,,0
3019,'1496426',1516,,1157,32,,,0
3019,'1496427',1831,,1158,32,,,0
3019,'1496428',954,,1159,103,0,5,0
3019,'1496429',2329,,1160,32,,,0
3019,'1496432',1931,,1163,32,,,0
3019,'1496433',654,,1164,72,0,5,0
3019,'1496434',646,,1165,32,,,0
3019,'1496453',731,,1166,32,,,0
3019,'1496454',1754,,1167,103,0,5,0
3019,'1496455',1431,,1168,32,,,0
3019,'1496456',2254,,1169,103,0,5,0
3019,'1496457',831,,1170,32,,,0
3019,'1496458',1131,,1171,32,,,0
3019,'1496459',2231,,1172,32,,,0
3019,'1496460',1831,,1173,32,,,0
3019,'1496461',1954,,1174,103,0,5,0
3019,'1496462',1454,,1175,103,0,5,0
3019,'1496463',1331,,1176,32,,,0
3019,'1496464',2054,,1177,103,0,5,0
3019,'1496465',1931,,1178,32,,,0
3019,'1496466',2345,,1179,103,0,5,0
3019,'1496467',1631,,1180,32,,,0
3019,'1496468',931,,1181,32,,,0
3019,'1496469',1231,,1182,32,,,0
3019,'1496470',1854,,1183,103,0,5,0
3019,'1496471',754,,1184,103,0,5,0
3019,'1496472',954,,1185,103,0,5,0
3019,'1496473',2131,,1186,32,,,0
3019,'1496474',1731,,1187,32,,,0
3019,'1496475',1031,,1188,32,,,0
3019,'1496476',1054,,1189,103,0,5,0
3019,'1496477',1354,,1190,103,0,5,0
3019,'1496478',1654,,1191,103,0,5,0
3019,'1496479',1531,,1192,32,,,0
3019,'1496480',1154,,1193,103,0,5,0
3019,'1496481',1554,,1194,103,0,5,0
3019,'1496482',2154,,1195,103,0,5,0
3019,'1496483',854,,1196,103,0,5,0
3019,'1496484',2031,,1197,32,,,0
3019,'1496485',1254,,1198,103,0,5,0
3019,'1496487',2329,,1200,32,,,0
3019,'1496488',631,,1201,32,,,0
3019,'1496489',625,,1202,25,0,5,0
3019,'1496627',731,,1203,32,,,0
3019,'1496628',1754,,1204,103,0,5,0
3019,'1496629',1431,,1205,32,,,0
3019,'1496630',2254,,1206,103,0,5,0
3019,'1496631',831,,1207,32,,,0
3019,'1496632',1131,,1208,32,,,0
3019,'1496633',1831,,1209,32,,,0
3019,'1496634',1954,,1210,103,0,5,0
3019,'1496635',1454,,1211,103,0,5,0
3019,'1496636',1331,,1212,32,,,0
3019,'1496637',2054,,1213,103,0,5,0
3019,'1496638',1931,,1214,32,,,0
3019,'1496639',2345,,1215,103,0,5,0
3019,'1496640',1631,,1216,32,,,0
3019,'1496641',931,,1217,32,,,0
3019,'1496642',1231,,1218,32,,,0
3019,'1496643',1854,,1219,103,0,5,0
3019,'1496644',954,,1220,103,0,5,0
3019,'1496645',2131,,1221,32,,,0
3019,'1496646',1731,,1222,32,,,0
3019,'1496647',1031,,1223,32,,,0
3019,'1496648',1054,,1224,103,0,5,0
3019,'1496649',1354,,1225,103,0,5,0
3019,'1496650',1654,,1226,103,0,5,0
3019,'1496651',1531,,1227,32,,,0
3019,'1496652',1154,,1228,103,0,5,0
3019,'1496653',1554,,1229,103,0,5,0
3019,'1496654',2154,,1230,103,0,5,0
3019,'1496655',854,,1231,103,0,5,0
3019,'1496656',2031,,1232,32,,,0
3019,'1496657',1254,,1233,103,0,5,0
3019,'1496659',2329,,1235,32,,,0
3019,'1496660',724,,1236,25,0,5,0
