1029,'1496065',1430,,792,25,,,0
1029,'1496066',1530,,793,25,,,0
1029,'1496068',1630,,794,25,,,0
1029,'1496070',730,,795,25,,,0
1029,'1496073',1030,,796,25,,,0
1029,'1496077',900,,797,25,,,0
1029,'1496078',1700,,798,25,,,0
1029,'1496079',1600,,799,25,,,0
1029,'1496081',1200,,800,25,,,0
1029,'1496082',1230,,801,25,,,0
1029,'1496083',1400,,802,25,,,0
1029,'1496084',1000,,803,25,,,0
1029,'1496086',700,,804,25,,,0
1029,'1496088',1730,,805,25,,,0
1029,'1496092',1330,,806,25,,,0
1029,'1496094',930,,807,25,,,0
1029,'1496096',1130,,808,25,,,0
1029,'1496098',830,,809,25,,,0
1029,'1496101',800,,810,25,,,0
1029,'1496105',1500,,811,25,,,0
1029,'1496106',1300,,812,25,,,0
1029,'1496108',1100,,813,25,,,0
1029,'1496294',1430,,815,25,,,0
1029,'1496295',1530,,816,25,,,0
1029,'1496297',1630,,817,25,,,0
1029,'1496299',730,,818,25,,,0
1029,'1496300',2100,,819,25,,,0
1029,'1496304',1030,,820,25,,,0
1029,'1496309',2000,,821,25,,,0
1029,'1496310',900,,822,25,,,0
1029,'1496311',1700,,823,25,,,0
1029,'1496312',1600,,824,25,,,0
1029,'1496316',1800,,825,25,,,0
1029,'1496317',1200,,826,25,,,0
1029,'1496318',1230,,827,25,,,0
1029,'1496319',1400,,828,25,,,0
1029,'1496320',1000,,829,25,,,0
1029,'1496322',700,,830,25,,,0
1029,'1496324',1830,,831,25,,,0
1029,'1496325',1730,,832,25,,,0
1029,'1496329',1330,,833,25,,,0
1029,'1496332',930,,834,25,,,0
1029,'1496333',2200,,835,25,,,0
1029,'1496335',1130,,836,25,,,0
1029,'1496337',2300,,837,25,,,0
1029,'1496339',830,,838,25,,,0
1029,'1496342',800,,839,25,,,0
1029,'1496346',1500,,840,25,,,0
1029,'1496347',1300,,841,25,,,0
1029,'1496349',1100,,842,25,,,0
1029,'1496354',1900,,844,25,,,0
1029,'1496527',1900,,845,25,,,0
1029,'1496528',2100,,846,25,,,0
1029,'1496533',1800,,847,25,,,0
1029,'1496534',2200,,848,25,,,0
1029,'1496535',1300,,849,25,,,0
1029,'1496537',1100,,850,25,,,0
1029,'1496539',1000,,851,25,,,0
1029,'1496540',2000,,852,25,,,0
1029,'1496542',700,,853,25,,,0
1029,'1496544',2300,,854,25,,,0
1029,'1496545',1500,,855,25,,,0
1029,'1496547',1600,,856,25,,,0
1029,'1496550',800,,857,25,,,0
1029,'1496551',1200,,858,25,,,0
1029,'1496552',900,,859,25,,,0
1029,'1496555',1700,,860,25,,,0
1029,'1496556',1400,,861,25,,,0
1029,'1496562',1900,,862,25,,,0
1029,'1496563',2100,,863,25,,,0
1029,'1496567',1800,,864,25,,,0
1029,'1496568',2200,,865,25,,,0
1029,'1496569',1300,,866,25,,,0
1029,'1496571',1100,,867,25,,,0
1029,'1496573',1000,,868,25,,,0
1029,'1496574',2000,,869,25,,,0
1029,'1496577',2300,,870,25,,,0
1029,'1496578',1500,,871,25,,,0
1029,'1496580',1600,,872,25,,,0
1029,'1496583',800,,873,25,,,0
1029,'1496584',1200,,874,25,,,0
1029,'1496585',900,,875,25,,,0
1029,'1496588',1700,,876,25,,,0
1029,'1496589',1400,,877,25,,,0
