2019,'1496174',1234,,878,48,,,0
2019,'1496175',1404,,879,48,,,0
2019,'1496179',1334,,880,48,,,0
2019,'1496181',1504,,881,48,,,0
2019,'1496183',1004,,882,48,,,0
2019,'1496184',1534,,883,48,,,0
2019,'1496185',934,,884,48,,,0
2019,'1496187',1134,,885,48,,,0
2019,'1496188',904,,886,48,,,0
2019,'1496189',834,,887,48,,,0
2019,'1496191',1034,,888,48,,,0
2019,'1496194',1604,,889,48,,,0
2019,'1496198',734,,890,48,,,0
2019,'1496200',1734,,891,48,,,0
2019,'1496204',1434,,892,48,,,0
2019,'1496206',1104,,893,48,,,0
2019,'1496208',1204,,894,48,,,0
2019,'1496209',1634,,895,48,,,0
2019,'1496210',1804,,896,48,,,0
2019,'1496211',1704,,897,48,,,0
2019,'1496215',804,,898,48,,,0
2019,'1496216',1304,,899,48,,,0
2019,'1496218',704,,900,48,,,0
2019,'1496220',604,,902,16,,,0
2019,'1496223',2249,,903,48,,,0
2019,'1496224',1234,,904,48,,,0
2019,'1496225',1404,,905,48,,,0
2019,'1496227',2149,,906,48,,,0
2019,'1496228',1849,,907,48,,,0
2019,'1496232',1334,,908,48,,,0
2019,'1496234',1504,,909,48,,,0
2019,'1496236',1004,,910,48,,,0
2019,'1496237',1534,,911,48,,,0
2019,'1496238',934,,912,48,,,0
2019,'1496240',1134,,913,48,,,0
2019,'1496242',904,,914,48,,,0
2019,'1496243',834,,915,48,,,0
2019,'1496245',1034,,916,48,,,0
2019,'1496248',1604,,917,48,,,0
2019,'1496253',2049,,918,48,,,0
2019,'1496255',734,,919,48,,,0
2019,'1496257',1734,,920,48,,,0
2019,'1496258',2347,,921,48,,,0
2019,'1496262',1434,,922,48,,,0
2019,'1496264',1104,,923,48,,,0
2019,'1496266',1204,,924,48,,,0
2019,'1496267',1634,,925,48,,,0
2019,'1496268',1804,,926,48,,,0
2019,'1496269',1704,,927,48,,,0
2019,'1496274',804,,928,48,,,0
2019,'1496275',1304,,929,48,,,0
2019,'1496277',704,,930,48,,,0
2019,'1496279',604,,932,26,,,0
2019,'1496280',1949,,933,48,,,0
2019,'1496490',1749,,934,48,,,0
2019,'1496491',2149,,935,48,,,0
2019,'1496492',1349,,936,48,,,0
2019,'1496494',1149,,937,48,,,0
2019,'1496495',1449,,938,48,,,0
2019,'1496498',2049,,939,48,,,0
2019,'1496499',749,,940,48,,,0
2019,'1496505',1249,,941,48,,,0
2019,'1496507',2249,,942,48,,,0
2019,'1496510',1549,,943,48,,,0
2019,'1496511',1849,,944,48,,,0
2019,'1496512',1049,,945,48,,,0
2019,'1496516',949,,946,48,,,0
2019,'1496518',849,,947,48,,,0
2019,'1496520',1649,,948,48,,,0
2019,'1496521',1949,,949,48,,,0
2019,'1496523',649,,950,48,,,0
2019,'1496524',619,,951,16,,,0
2019,'1496525',2347,,952,48,,,0
2019,'1496594',1749,,953,48,,,0
2019,'1496595',2149,,954,48,,,0
2019,'1496596',1349,,955,48,,,0
2019,'1496598',1149,,956,48,,,0
2019,'1496599',1449,,957,48,,,0
2019,'1496602',2049,,958,48,,,0
2019,'1496603',749,,959,48,,,0
2019,'1496609',1249,,960,48,,,0
2019,'1496613',1549,,961,48,,,0
2019,'1496614',1849,,962,48,,,0
2019,'1496615',1049,,963,48,,,0
2019,'1496619',949,,964,48,,,0
2019,'1496621',849,,965,48,,,0
2019,'1496623',1649,,966,48,,,0
2019,'1496624',1949,,967,48,,,0
2019,'1496625',719,,968,16,,,0
2019,'1496626',2347,,969,48,,,0
3019,'1496126',849,,1057,46,0,5,0
3019,'1496127',1049,,1058,46,0,5,0
3019,'1496132',1119,,1063,46,0,5,0
3019,'1496135',1649,,1066,46,0,5,0
3019,'1496137',1449,,1068,46,0,5,0
3019,'1496139',1219,,1070,46,0,5,0
3019,'1496140',749,,1071,46,0,5,0
3019,'1496143',719,,1074,46,0,5,0
3019,'1496145',1749,,1076,46,0,5,0
3019,'1496147',1319,,1078,46,0,5,0
3019,'1496148',1019,,1079,46,0,5,0
3019,'1496149',1249,,1080,46,0,5,0
3019,'1496150',1349,,1081,46,0,5,0
3019,'1496152',819,,1083,46,0,5,0
3019,'1496156',949,,1087,46,0,5,0
3019,'1496157',1619,,1088,46,0,5,0
3019,'1496158',1419,,1089,46,0,5,0
3019,'1496160',1719,,1091,46,0,5,0
3019,'1496161',1149,,1092,46,0,5,0
3019,'1496162',1519,,1093,46,0,5,0
3019,'1496166',1549,,1097,46,0,5,0
3019,'1496169',919,,1100,46,0,5,0
3019,'1496172',619,,1103,15,0,5,0
3019,'1496375',849,,1106,46,0,5,0
3019,'1496376',1049,,1107,46,0,5,0
3019,'1496379',2119,,1110,46,0,5,0
3019,'1496383',2219,,1114,46,0,5,0
3019,'1496384',1119,,1115,46,0,5,0
3019,'1496387',1649,,1118,46,0,5,0
3019,'1496389',2314,,1120,46,0,5,0
3019,'1496390',1449,,1121,46,0,5,0
3019,'1496391',1919,,1122,46,0,5,0
3019,'1496393',1219,,1124,46,0,5,0
3019,'1496394',749,,1125,46,0,5,0
3019,'1496397',2019,,1128,46,0,5,0
3019,'1496399',719,,1130,46,0,5,0
3019,'1496401',1749,,1132,46,0,5,0
3019,'1496403',1319,,1134,46,0,5,0
3019,'1496405',1819,,1136,46,0,5,0
3019,'1496406',1019,,1137,46,0,5,0
3019,'1496407',1249,,1138,46,0,5,0
3019,'1496408',1349,,1139,46,0,5,0
3019,'1496410',819,,1141,46,0,5,0
3019,'1496414',949,,1145,46,0,5,0
3019,'1496415',1619,,1146,46,0,5,0
3019,'1496416',1419,,1147,46,0,5,0
3019,'1496418',1719,,1149,46,0,5,0
3019,'1496419',1149,,1150,46,0,5,0
3019,'1496420',1519,,1151,46,0,5,0
3019,'1496424',1549,,1155,46,0,5,0
3019,'1496428',919,,1159,46,0,5,0
3019,'1496433',619,,1164,15,0,5,0
3019,'1496454',1719,,1167,46,0,5,0
3019,'1496456',2219,,1169,46,0,5,0
3019,'1496461',1919,,1174,46,0,5,0
3019,'1496462',1419,,1175,46,0,5,0
3019,'1496464',2019,,1177,46,0,5,0
3019,'1496466',2316,,1179,46,0,5,0
3019,'1496470',1819,,1183,46,0,5,0
3019,'1496471',719,,1184,46,0,5,0
3019,'1496472',919,,1185,46,0,5,0
3019,'1496476',1019,,1189,46,0,5,0
3019,'1496477',1319,,1190,46,0,5,0
3019,'1496478',1619,,1191,46,0,5,0
3019,'1496480',1119,,1193,46,0,5,0
3019,'1496481',1519,,1194,46,0,5,0
3019,'1496482',2119,,1195,46,0,5,0
3019,'1496483',819,,1196,46,0,5,0
3019,'1496485',1219,,1198,46,0,5,0
3019,'1496628',1719,,1204,46,0,5,0
3019,'1496630',2219,,1206,46,0,5,0
3019,'1496634',1919,,1210,46,0,5,0
3019,'1496635',1419,,1211,46,0,5,0
3019,'1496637',2019,,1213,46,0,5,0
3019,'1496639',2316,,1215,46,0,5,0
3019,'1496643',1819,,1219,46,0,5,0
3019,'1496644',919,,1220,46,0,5,0
3019,'1496648',1019,,1224,46,0,5,0
3019,'1496649',1319,,1225,46,0,5,0
3019,'1496650',1619,,1226,46,0,5,0
3019,'1496652',1119,,1228,46,0,5,0
3019,'1496653',1519,,1229,46,0,5,0
3019,'1496654',2119,,1230,46,0,5,0
3019,'1496655',819,,1231,46,0,5,0
3019,'1496657',1219,,1233,46,0,5,0
