3019,'1496126',928,,1057,109,0,5,0
3019,'1496127',1128,,1058,109,0,5,0
3019,'1496132',1158,,1063,109,0,5,0
3019,'1496135',1728,,1066,109,0,5,0
3019,'1496137',1528,,1068,109,0,5,0
3019,'1496139',1258,,1070,109,0,5,0
3019,'1496140',828,,1071,109,0,5,0
3019,'1496143',758,,1074,109,0,5,0
3019,'1496145',1828,,1076,109,0,5,0
3019,'1496147',1358,,1078,109,0,5,0
3019,'1496148',1058,,1079,109,0,5,0
3019,'1496149',1328,,1080,109,0,5,0
3019,'1496150',1428,,1081,109,0,5,0
3019,'1496152',858,,1083,109,0,5,0
3019,'1496156',1028,,1087,109,0,5,0
3019,'1496157',1658,,1088,109,0,5,0
3019,'1496158',1458,,1089,109,0,5,0
3019,'1496160',1758,,1091,109,0,5,0
3019,'1496161',1228,,1092,109,0,5,0
3019,'1496162',1558,,1093,109,0,5,0
3019,'1496163',628,,1094,31,0,5,0
3019,'1496166',1628,,1097,109,0,5,0
3019,'1496169',958,,1100,109,0,5,0
3019,'1496172',658,,1103,78,0,5,0
3019,'1496375',928,,1106,109,0,5,0
3019,'1496376',1128,,1107,109,0,5,0
3019,'1496379',2158,,1110,109,0,5,0
3019,'1496383',2258,,1114,109,0,5,0
3019,'1496384',1158,,1115,109,0,5,0
3019,'1496387',1728,,1118,109,0,5,0
3019,'1496389',2348,,1120,109,0,5,0
3019,'1496390',1528,,1121,109,0,5,0
3019,'1496391',1958,,1122,109,0,5,0
3019,'1496393',1258,,1124,109,0,5,0
3019,'1496394',828,,1125,109,0,5,0
3019,'1496397',2058,,1128,109,0,5,0
3019,'1496399',758,,1130,109,0,5,0
3019,'1496401',1828,,1132,109,0,5,0
3019,'1496403',1358,,1134,109,0,5,0
3019,'1496405',1858,,1136,109,0,5,0
3019,'1496406',1058,,1137,109,0,5,0
3019,'1496407',1328,,1138,109,0,5,0
3019,'1496408',1428,,1139,109,0,5,0
3019,'1496410',858,,1141,109,0,5,0
3019,'1496414',1028,,1145,109,0,5,0
3019,'1496415',1658,,1146,109,0,5,0
3019,'1496416',1458,,1147,109,0,5,0
3019,'1496418',1758,,1149,109,0,5,0
3019,'1496419',1228,,1150,109,0,5,0
3019,'1496420',1558,,1151,109,0,5,0
3019,'1496421',628,,1152,31,0,5,0
3019,'1496424',1628,,1155,109,0,5,0
3019,'1496428',958,,1159,109,0,5,0
3019,'1496433',658,,1164,78,0,5,0
3019,'1496454',1758,,1167,109,0,5,0
3019,'1496456',2258,,1169,109,0,5,0
3019,'1496461',1958,,1174,109,0,5,0
3019,'1496462',1458,,1175,109,0,5,0
3019,'1496464',2058,,1177,109,0,5,0
3019,'1496466',2348,,1179,109,0,5,0
3019,'1496470',1858,,1183,109,0,5,0
3019,'1496471',758,,1184,109,0,5,0
3019,'1496472',958,,1185,109,0,5,0
3019,'1496476',1058,,1189,109,0,5,0
3019,'1496477',1358,,1190,109,0,5,0
3019,'1496478',1658,,1191,109,0,5,0
3019,'1496480',1158,,1193,109,0,5,0
3019,'1496481',1558,,1194,109,0,5,0
3019,'1496482',2158,,1195,109,0,5,0
3019,'1496483',858,,1196,109,0,5,0
3019,'1496485',1258,,1198,109,0,5,0
3019,'1496489',628,,1202,31,0,5,0
3019,'1496628',1758,,1204,109,0,5,0
3019,'1496630',2258,,1206,109,0,5,0
3019,'1496634',1958,,1210,109,0,5,0
3019,'1496635',1458,,1211,109,0,5,0
3019,'1496637',2058,,1213,109,0,5,0
3019,'1496639',2348,,1215,109,0,5,0
3019,'1496643',1858,,1219,109,0,5,0
3019,'1496644',958,,1220,109,0,5,0
3019,'1496648',1058,,1224,109,0,5,0
3019,'1496649',1358,,1225,109,0,5,0
3019,'1496650',1658,,1226,109,0,5,0
3019,'1496652',1158,,1228,109,0,5,0
3019,'1496653',1558,,1229,109,0,5,0
3019,'1496654',2158,,1230,109,0,5,0
3019,'1496655',858,,1231,109,0,5,0
3019,'1496657',1258,,1233,109,0,5,0
3019,'1496660',728,,1236,31,0,5,0
