2019,'1496174',1309,,878,103,,,0
2019,'1496175',1439,,879,103,,,0
2019,'1496179',1409,,880,103,,,0
2019,'1496181',1539,,881,103,,,0
2019,'1496183',1039,,882,103,,,0
2019,'1496184',1609,,883,103,,,0
2019,'1496185',1009,,884,103,,,0
2019,'1496187',1209,,885,103,,,0
2019,'1496188',939,,886,103,,,0
2019,'1496189',909,,887,103,,,0
2019,'1496191',1109,,888,103,,,0
2019,'1496194',1639,,889,103,,,0
2019,'1496198',809,,890,103,,,0
2019,'1496200',1809,,891,103,,,0
2019,'1496204',1509,,892,103,,,0
2019,'1496206',1139,,893,103,,,0
2019,'1496208',1239,,894,103,,,0
2019,'1496209',1709,,895,103,,,0
2019,'1496210',1839,,896,103,,,0
2019,'1496211',1739,,897,103,,,0
2019,'1496215',839,,898,103,,,0
2019,'1496216',1339,,899,103,,,0
2019,'1496218',739,,900,103,,,0
2019,'1496219',609,,901,17,,,0
2019,'1496220',639,,902,71,,,0
2019,'1496223',2324,,903,103,,,0
2019,'1496224',1309,,904,103,,,0
2019,'1496225',1439,,905,103,,,0
2019,'1496227',2224,,906,103,,,0
2019,'1496228',1924,,907,103,,,0
2019,'1496232',1409,,908,103,,,0
2019,'1496234',1539,,909,103,,,0
2019,'1496236',1039,,910,103,,,0
2019,'1496237',1609,,911,103,,,0
2019,'1496238',1009,,912,103,,,0
2019,'1496240',1209,,913,103,,,0
2019,'1496242',939,,914,103,,,0
2019,'1496243',909,,915,103,,,0
2019,'1496245',1109,,916,103,,,0
2019,'1496248',1639,,917,103,,,0
2019,'1496253',2124,,918,103,,,0
2019,'1496255',809,,919,103,,,0
2019,'1496257',1809,,920,103,,,0
2019,'1496262',1509,,922,103,,,0
2019,'1496264',1139,,923,103,,,0
2019,'1496266',1239,,924,103,,,0
2019,'1496267',1709,,925,103,,,0
2019,'1496268',1839,,926,103,,,0
2019,'1496269',1739,,927,103,,,0
2019,'1496274',839,,928,103,,,0
2019,'1496275',1339,,929,103,,,0
2019,'1496277',739,,930,103,,,0
2019,'1496278',609,,931,17,,,0
2019,'1496279',639,,932,81,,,0
2019,'1496280',2024,,933,103,,,0
2019,'1496490',1824,,934,103,,,0
2019,'1496491',2224,,935,103,,,0
2019,'1496492',1424,,936,103,,,0
2019,'1496494',1224,,937,103,,,0
2019,'1496495',1524,,938,103,,,0
2019,'1496498',2124,,939,103,,,0
2019,'1496499',824,,940,103,,,0
2019,'1496505',1324,,941,103,,,0
2019,'1496507',2324,,942,103,,,0
2019,'1496510',1624,,943,103,,,0
2019,'1496511',1924,,944,103,,,0
2019,'1496512',1124,,945,103,,,0
2019,'1496516',1024,,946,103,,,0
2019,'1496518',924,,947,103,,,0
2019,'1496520',1724,,948,103,,,0
2019,'1496521',2024,,949,103,,,0
2019,'1496523',724,,950,103,,,0
2019,'1496524',654,,951,71,,,0
2019,'1496594',1824,,953,103,,,0
2019,'1496595',2224,,954,103,,,0
2019,'1496596',1424,,955,103,,,0
2019,'1496598',1224,,956,103,,,0
2019,'1496599',1524,,957,103,,,0
2019,'1496602',2124,,958,103,,,0
2019,'1496603',824,,959,103,,,0
2019,'1496609',1324,,960,103,,,0
2019,'1496613',1624,,961,103,,,0
2019,'1496614',1924,,962,103,,,0
2019,'1496615',1124,,963,103,,,0
2019,'1496619',1024,,964,103,,,0
2019,'1496621',924,,965,103,,,0
2019,'1496623',1724,,966,103,,,0
2019,'1496624',2024,,967,103,,,0
2019,'1496625',754,,968,71,,,0
