2029,'1497044',852,,973,11,,,0
2029,'1497045',1352,,974,11,,,0
2029,'1497046',1152,,975,11,,,0
2029,'1497047',1222,,976,11,,,0
2029,'1497048',1522,,977,11,,,0
2029,'1497049',922,,978,11,,,0
2029,'1497050',752,,979,11,,,0
2029,'1497051',1552,,980,11,,,0
2029,'1497052',1422,,981,11,,,0
2029,'1497053',1022,,982,11,,,0
2029,'1497054',652,,983,11,,,0
2029,'1497055',1252,,984,11,,,0
2029,'1497056',1622,,985,11,,,0
2029,'1497057',1452,,986,11,,,0
2029,'1497058',1322,,987,11,,,0
2029,'1497059',722,,988,11,,,0
2029,'1497060',1652,,989,11,,,0
2029,'1497061',952,,990,11,,,0
2029,'1497062',822,,991,11,,,0
2029,'1497063',1122,,992,11,,,0
2029,'1497064',1052,,993,11,,,0
2029,'1497065',1722,,994,11,,,0
2029,'1497066',1952,,995,11,,,0
2029,'1497067',852,,996,11,,,0
2029,'1497068',1352,,997,11,,,0
2029,'1497069',1152,,998,11,,,0
2029,'1497070',1752,,999,11,,,0
2029,'1497071',1222,,1000,11,,,0
2029,'1497072',1522,,1001,11,,,0
2029,'1497073',922,,1002,11,,,0
2029,'1497074',2152,,1003,11,,,0
2029,'1497075',752,,1004,11,,,0
2029,'1497076',1552,,1005,11,,,0
2029,'1497077',1422,,1006,11,,,0
2029,'1497078',2250,,1007,11,,,0
2029,'1497079',1022,,1008,11,,,0
2029,'1497080',652,,1009,11,,,0
2029,'1497081',1252,,1010,11,,,0
2029,'1497082',1852,,1011,11,,,0
2029,'1497083',1622,,1012,11,,,0
2029,'1497084',1452,,1013,11,,,0
2029,'1497085',1322,,1014,11,,,0
2029,'1497086',722,,1015,11,,,0
2029,'1497087',1652,,1016,11,,,0
2029,'1497088',952,,1017,11,,,0
2029,'1497089',822,,1018,11,,,0
2029,'1497090',2052,,1019,11,,,0
2029,'1497091',1122,,1020,11,,,0
2029,'1497092',1052,,1021,11,,,0
2029,'1497093',1722,,1022,11,,,0
2029,'1497094',1652,,1023,11,,,0
2029,'1497095',1052,,1024,11,,,0
2029,'1497096',2152,,1025,11,,,0
2029,'1497097',2250,,1026,11,,,0
2029,'1497098',952,,1027,11,,,0
2029,'1497099',1952,,1028,11,,,0
2029,'1497100',852,,1029,11,,,0
2029,'1497101',1452,,1030,11,,,0
2029,'1497102',2052,,1031,11,,,0
2029,'1497103',1752,,1032,11,,,0
2029,'1497104',1152,,1033,11,,,0
2029,'1497105',1352,,1034,11,,,0
2029,'1497106',752,,1035,11,,,0
2029,'1497107',1252,,1036,11,,,0
2029,'1497108',1852,,1037,11,,,0
2029,'1497109',1552,,1038,11,,,0
2029,'1497110',652,,1039,11,,,0
2029,'1497111',1652,,1040,11,,,0
2029,'1497112',1052,,1041,11,,,0
2029,'1497113',2152,,1042,11,,,0
2029,'1497114',2250,,1043,11,,,0
2029,'1497115',952,,1044,11,,,0
2029,'1497116',1952,,1045,11,,,0
2029,'1497117',852,,1046,11,,,0
2029,'1497118',1452,,1047,11,,,0
2029,'1497119',2052,,1048,11,,,0
2029,'1497120',1752,,1049,11,,,0
2029,'1497121',1152,,1050,11,,,0
2029,'1497122',1352,,1051,11,,,0
2029,'1497123',752,,1052,11,,,0
2029,'1497124',1252,,1053,11,,,0
2029,'1497125',1852,,1054,11,,,0
2029,'1497126',1552,,1055,11,,,0
