8019,'1496053',1750,,1304,11,,,0
8019,'1496054',1050,,1305,11,,,0
8019,'1496055',1350,,1306,11,,,0
8019,'1496056',950,,1307,11,,,0
8019,'1496057',1450,,1308,11,,,0
8019,'1496058',750,,1309,11,,,0
8019,'1496059',1650,,1310,11,,,0
8019,'1496060',850,,1311,11,,,0
8019,'1496061',650,,1312,11,,,0
8019,'1496062',1550,,1313,11,,,0
8019,'1496063',1250,,1314,11,,,0
8019,'1496064',1150,,1315,11,,,0
8019,'1496282',1750,,1316,11,,,0
8019,'1496283',1050,,1317,11,,,0
8019,'1496284',1350,,1318,11,,,0
8019,'1496285',950,,1319,11,,,0
8019,'1496286',1450,,1320,11,,,0
8019,'1496287',750,,1321,11,,,0
8019,'1496288',1650,,1322,11,,,0
8019,'1496289',850,,1323,11,,,0
8019,'1496290',650,,1324,11,,,0
8019,'1496291',1550,,1325,11,,,0
8019,'1496292',1250,,1326,11,,,0
8019,'1496293',1150,,1327,11,,,0
