2019,'1496174',1228,,878,42,,,0
2019,'1496175',1358,,879,42,,,0
2019,'1496179',1328,,880,42,,,0
2019,'1496181',1458,,881,42,,,0
2019,'1496183',958,,882,42,,,0
2019,'1496184',1528,,883,42,,,0
2019,'1496185',928,,884,42,,,0
2019,'1496187',1128,,885,42,,,0
2019,'1496188',858,,886,42,,,0
2019,'1496189',828,,887,42,,,0
2019,'1496191',1028,,888,42,,,0
2019,'1496194',1558,,889,42,,,0
2019,'1496198',728,,890,42,,,0
2019,'1496200',1728,,891,42,,,0
2019,'1496204',1428,,892,42,,,0
2019,'1496206',1058,,893,42,,,0
2019,'1496208',1158,,894,42,,,0
2019,'1496209',1628,,895,42,,,0
2019,'1496210',1758,,896,42,,,0
2019,'1496211',1658,,897,42,,,0
2019,'1496215',758,,898,42,,,0
2019,'1496216',1258,,899,42,,,0
2019,'1496218',658,,900,42,,,0
2019,'1496220',558,,902,10,,,0
2019,'1496223',2243,,903,42,,,0
2019,'1496224',1228,,904,42,,,0
2019,'1496225',1358,,905,42,,,0
2019,'1496227',2143,,906,42,,,0
2019,'1496228',1843,,907,42,,,0
2019,'1496232',1328,,908,42,,,0
2019,'1496234',1458,,909,42,,,0
2019,'1496236',958,,910,42,,,0
2019,'1496237',1528,,911,42,,,0
2019,'1496238',928,,912,42,,,0
2019,'1496240',1128,,913,42,,,0
2019,'1496242',858,,914,42,,,0
2019,'1496243',828,,915,42,,,0
2019,'1496245',1028,,916,42,,,0
2019,'1496248',1558,,917,42,,,0
2019,'1496253',2043,,918,42,,,0
2019,'1496255',728,,919,42,,,0
2019,'1496257',1728,,920,42,,,0
2019,'1496258',2341,,921,42,,,0
2019,'1496262',1428,,922,42,,,0
2019,'1496264',1058,,923,42,,,0
2019,'1496266',1158,,924,42,,,0
2019,'1496267',1628,,925,42,,,0
2019,'1496268',1758,,926,42,,,0
2019,'1496269',1658,,927,42,,,0
2019,'1496274',758,,928,42,,,0
2019,'1496275',1258,,929,42,,,0
2019,'1496277',658,,930,42,,,0
2019,'1496279',558,,932,20,,,0
2019,'1496280',1943,,933,42,,,0
2019,'1496490',1743,,934,42,,,0
2019,'1496491',2143,,935,42,,,0
2019,'1496492',1343,,936,42,,,0
2019,'1496494',1143,,937,42,,,0
2019,'1496495',1443,,938,42,,,0
2019,'1496498',2043,,939,42,,,0
2019,'1496499',743,,940,42,,,0
2019,'1496505',1243,,941,42,,,0
2019,'1496507',2243,,942,42,,,0
2019,'1496510',1543,,943,42,,,0
2019,'1496511',1843,,944,42,,,0
2019,'1496512',1043,,945,42,,,0
2019,'1496516',943,,946,42,,,0
2019,'1496518',843,,947,42,,,0
2019,'1496520',1643,,948,42,,,0
2019,'1496521',1943,,949,42,,,0
2019,'1496523',643,,950,42,,,0
2019,'1496524',613,,951,10,,,0
2019,'1496525',2342,,952,42,,,0
2019,'1496594',1743,,953,42,,,0
2019,'1496595',2143,,954,42,,,0
2019,'1496596',1343,,955,42,,,0
2019,'1496598',1143,,956,42,,,0
2019,'1496599',1443,,957,42,,,0
2019,'1496602',2043,,958,42,,,0
2019,'1496603',743,,959,42,,,0
2019,'1496609',1243,,960,42,,,0
2019,'1496613',1543,,961,42,,,0
2019,'1496614',1843,,962,42,,,0
2019,'1496615',1043,,963,42,,,0
2019,'1496619',943,,964,42,,,0
2019,'1496621',843,,965,42,,,0
2019,'1496623',1643,,966,42,,,0
2019,'1496624',1943,,967,42,,,0
2019,'1496625',713,,968,10,,,0
2019,'1496626',2342,,969,42,,,0
