2019,'1496174',1259,,878,85,,,0
2019,'1496175',1429,,879,85,,,0
2019,'1496179',1359,,880,85,,,0
2019,'1496181',1529,,881,85,,,0
2019,'1496183',1029,,882,85,,,0
2019,'1496184',1559,,883,85,,,0
2019,'1496185',959,,884,85,,,0
2019,'1496187',1159,,885,85,,,0
2019,'1496188',929,,886,85,,,0
2019,'1496189',859,,887,85,,,0
2019,'1496191',1059,,888,85,,,0
2019,'1496194',1629,,889,85,,,0
2019,'1496198',759,,890,85,,,0
2019,'1496200',1759,,891,85,,,0
2019,'1496204',1459,,892,85,,,0
2019,'1496206',1129,,893,85,,,0
2019,'1496208',1229,,894,85,,,0
2019,'1496209',1659,,895,85,,,0
2019,'1496210',1829,,896,85,,,0
2019,'1496211',1729,,897,85,,,0
2019,'1496215',829,,898,85,,,0
2019,'1496216',1329,,899,85,,,0
2019,'1496218',729,,900,85,,,0
2019,'1496220',629,,902,53,,,0
2019,'1496223',2314,,903,85,,,0
2019,'1496224',1259,,904,85,,,0
2019,'1496225',1429,,905,85,,,0
2019,'1496227',2214,,906,85,,,0
2019,'1496228',1914,,907,85,,,0
2019,'1496232',1359,,908,85,,,0
2019,'1496234',1529,,909,85,,,0
2019,'1496236',1029,,910,85,,,0
2019,'1496237',1559,,911,85,,,0
2019,'1496238',959,,912,85,,,0
2019,'1496240',1159,,913,85,,,0
2019,'1496242',929,,914,85,,,0
2019,'1496243',859,,915,85,,,0
2019,'1496245',1059,,916,85,,,0
2019,'1496248',1629,,917,85,,,0
2019,'1496253',2114,,918,85,,,0
2019,'1496255',759,,919,85,,,0
2019,'1496257',1759,,920,85,,,0
2019,'1496262',1459,,922,85,,,0
2019,'1496264',1129,,923,85,,,0
2019,'1496266',1229,,924,85,,,0
2019,'1496267',1659,,925,85,,,0
2019,'1496268',1829,,926,85,,,0
2019,'1496269',1729,,927,85,,,0
2019,'1496274',829,,928,85,,,0
2019,'1496275',1329,,929,85,,,0
2019,'1496277',729,,930,85,,,0
2019,'1496279',629,,932,63,,,0
2019,'1496280',2014,,933,85,,,0
2019,'1496490',1814,,934,85,,,0
2019,'1496491',2214,,935,85,,,0
2019,'1496492',1414,,936,85,,,0
2019,'1496494',1214,,937,85,,,0
2019,'1496495',1514,,938,85,,,0
2019,'1496498',2114,,939,85,,,0
2019,'1496499',814,,940,85,,,0
2019,'1496505',1314,,941,85,,,0
2019,'1496507',2314,,942,85,,,0
2019,'1496510',1614,,943,85,,,0
2019,'1496511',1914,,944,85,,,0
2019,'1496512',1114,,945,85,,,0
2019,'1496516',1014,,946,85,,,0
2019,'1496518',914,,947,85,,,0
2019,'1496520',1714,,948,85,,,0
2019,'1496521',2014,,949,85,,,0
2019,'1496523',714,,950,85,,,0
2019,'1496524',644,,951,53,,,0
2019,'1496594',1814,,953,85,,,0
2019,'1496595',2214,,954,85,,,0
2019,'1496596',1414,,955,85,,,0
2019,'1496598',1214,,956,85,,,0
2019,'1496599',1514,,957,85,,,0
2019,'1496602',2114,,958,85,,,0
2019,'1496603',814,,959,85,,,0
2019,'1496609',1314,,960,85,,,0
2019,'1496613',1614,,961,85,,,0
2019,'1496614',1914,,962,85,,,0
2019,'1496615',1114,,963,85,,,0
2019,'1496619',1014,,964,85,,,0
2019,'1496621',914,,965,85,,,0
2019,'1496623',1714,,966,85,,,0
2019,'1496624',2014,,967,85,,,0
2019,'1496625',744,,968,53,,,0
