3019,'1496126',824,,1057,17,0,5,0
3019,'1496127',1024,,1058,17,0,5,0
3019,'1496132',1054,,1063,17,0,5,0
3019,'1496135',1624,,1066,17,0,5,0
3019,'1496137',1424,,1068,17,0,5,0
3019,'1496139',1154,,1070,17,0,5,0
3019,'1496140',724,,1071,17,0,5,0
3019,'1496143',654,,1074,17,0,5,0
3019,'1496145',1724,,1076,17,0,5,0
3019,'1496147',1254,,1078,17,0,5,0
3019,'1496148',954,,1079,17,0,5,0
3019,'1496149',1224,,1080,17,0,5,0
3019,'1496150',1324,,1081,17,0,5,0
3019,'1496152',754,,1083,17,0,5,0
3019,'1496156',924,,1087,17,0,5,0
3019,'1496157',1554,,1088,17,0,5,0
3019,'1496158',1354,,1089,17,0,5,0
3019,'1496160',1654,,1091,17,0,5,0
3019,'1496161',1124,,1092,17,0,5,0
3019,'1496162',1454,,1093,17,0,5,0
3019,'1496166',1524,,1097,17,0,5,0
3019,'1496169',854,,1100,17,0,5,0
3019,'1496375',824,,1106,17,0,5,0
3019,'1496376',1024,,1107,17,0,5,0
3019,'1496379',2054,,1110,17,0,5,0
3019,'1496383',2154,,1114,17,0,5,0
3019,'1496384',1054,,1115,17,0,5,0
3019,'1496387',1624,,1118,17,0,5,0
3019,'1496389',2254,,1120,17,0,5,0
3019,'1496390',1424,,1121,17,0,5,0
3019,'1496391',1854,,1122,17,0,5,0
3019,'1496393',1154,,1124,17,0,5,0
3019,'1496394',724,,1125,17,0,5,0
3019,'1496397',1954,,1128,17,0,5,0
3019,'1496399',654,,1130,17,0,5,0
3019,'1496401',1724,,1132,17,0,5,0
3019,'1496403',1254,,1134,17,0,5,0
3019,'1496405',1754,,1136,17,0,5,0
3019,'1496406',954,,1137,17,0,5,0
3019,'1496407',1224,,1138,17,0,5,0
3019,'1496408',1324,,1139,17,0,5,0
3019,'1496410',754,,1141,17,0,5,0
3019,'1496414',924,,1145,17,0,5,0
3019,'1496415',1554,,1146,17,0,5,0
3019,'1496416',1354,,1147,17,0,5,0
3019,'1496418',1654,,1149,17,0,5,0
3019,'1496419',1124,,1150,17,0,5,0
3019,'1496420',1454,,1151,17,0,5,0
3019,'1496424',1524,,1155,17,0,5,0
3019,'1496428',854,,1159,17,0,5,0
3019,'1496454',1654,,1167,17,0,5,0
3019,'1496456',2154,,1169,17,0,5,0
3019,'1496461',1854,,1174,17,0,5,0
3019,'1496462',1354,,1175,17,0,5,0
3019,'1496464',1954,,1177,17,0,5,0
3019,'1496466',2254,,1179,17,0,5,0
3019,'1496470',1754,,1183,17,0,5,0
3019,'1496471',654,,1184,17,0,5,0
3019,'1496472',854,,1185,17,0,5,0
3019,'1496476',954,,1189,17,0,5,0
3019,'1496477',1254,,1190,17,0,5,0
3019,'1496478',1554,,1191,17,0,5,0
3019,'1496480',1054,,1193,17,0,5,0
3019,'1496481',1454,,1194,17,0,5,0
3019,'1496482',2054,,1195,17,0,5,0
3019,'1496483',754,,1196,17,0,5,0
3019,'1496485',1154,,1198,17,0,5,0
3019,'1496628',1654,,1204,17,0,5,0
3019,'1496630',2154,,1206,17,0,5,0
3019,'1496634',1854,,1210,17,0,5,0
3019,'1496635',1354,,1211,17,0,5,0
3019,'1496637',1954,,1213,17,0,5,0
3019,'1496639',2254,,1215,17,0,5,0
3019,'1496643',1754,,1219,17,0,5,0
3019,'1496644',854,,1220,17,0,5,0
3019,'1496648',954,,1224,17,0,5,0
3019,'1496649',1254,,1225,17,0,5,0
3019,'1496650',1554,,1226,17,0,5,0
3019,'1496652',1054,,1228,17,0,5,0
3019,'1496653',1454,,1229,17,0,5,0
3019,'1496654',2054,,1230,17,0,5,0
3019,'1496655',754,,1231,17,0,5,0
3019,'1496657',1154,,1233,17,0,5,0
