3019,'1496126',823,,1057,14,0,5,0
3019,'1496127',1023,,1058,14,0,5,0
3019,'1496132',1053,,1063,14,0,5,0
3019,'1496135',1623,,1066,14,0,5,0
3019,'1496137',1423,,1068,14,0,5,0
3019,'1496139',1153,,1070,14,0,5,0
3019,'1496140',723,,1071,14,0,5,0
3019,'1496143',653,,1074,14,0,5,0
3019,'1496145',1723,,1076,14,0,5,0
3019,'1496147',1253,,1078,14,0,5,0
3019,'1496148',953,,1079,14,0,5,0
3019,'1496149',1223,,1080,14,0,5,0
3019,'1496150',1323,,1081,14,0,5,0
3019,'1496152',753,,1083,14,0,5,0
3019,'1496156',923,,1087,14,0,5,0
3019,'1496157',1553,,1088,14,0,5,0
3019,'1496158',1353,,1089,14,0,5,0
3019,'1496160',1653,,1091,14,0,5,0
3019,'1496161',1123,,1092,14,0,5,0
3019,'1496162',1453,,1093,14,0,5,0
3019,'1496166',1523,,1097,14,0,5,0
3019,'1496169',853,,1100,14,0,5,0
3019,'1496375',823,,1106,14,0,5,0
3019,'1496376',1023,,1107,14,0,5,0
3019,'1496379',2053,,1110,14,0,5,0
3019,'1496383',2153,,1114,14,0,5,0
3019,'1496384',1053,,1115,14,0,5,0
3019,'1496387',1623,,1118,14,0,5,0
3019,'1496389',2253,,1120,14,0,5,0
3019,'1496390',1423,,1121,14,0,5,0
3019,'1496391',1853,,1122,14,0,5,0
3019,'1496393',1153,,1124,14,0,5,0
3019,'1496394',723,,1125,14,0,5,0
3019,'1496397',1953,,1128,14,0,5,0
3019,'1496399',653,,1130,14,0,5,0
3019,'1496401',1723,,1132,14,0,5,0
3019,'1496403',1253,,1134,14,0,5,0
3019,'1496405',1753,,1136,14,0,5,0
3019,'1496406',953,,1137,14,0,5,0
3019,'1496407',1223,,1138,14,0,5,0
3019,'1496408',1323,,1139,14,0,5,0
3019,'1496410',753,,1141,14,0,5,0
3019,'1496414',923,,1145,14,0,5,0
3019,'1496415',1553,,1146,14,0,5,0
3019,'1496416',1353,,1147,14,0,5,0
3019,'1496418',1653,,1149,14,0,5,0
3019,'1496419',1123,,1150,14,0,5,0
3019,'1496420',1453,,1151,14,0,5,0
3019,'1496424',1523,,1155,14,0,5,0
3019,'1496428',853,,1159,14,0,5,0
3019,'1496454',1653,,1167,14,0,5,0
3019,'1496456',2153,,1169,14,0,5,0
3019,'1496461',1853,,1174,14,0,5,0
3019,'1496462',1353,,1175,14,0,5,0
3019,'1496464',1953,,1177,14,0,5,0
3019,'1496466',2253,,1179,14,0,5,0
3019,'1496470',1753,,1183,14,0,5,0
3019,'1496471',653,,1184,14,0,5,0
3019,'1496472',853,,1185,14,0,5,0
3019,'1496476',953,,1189,14,0,5,0
3019,'1496477',1253,,1190,14,0,5,0
3019,'1496478',1553,,1191,14,0,5,0
3019,'1496480',1053,,1193,14,0,5,0
3019,'1496481',1453,,1194,14,0,5,0
3019,'1496482',2053,,1195,14,0,5,0
3019,'1496483',753,,1196,14,0,5,0
3019,'1496485',1153,,1198,14,0,5,0
3019,'1496628',1653,,1204,14,0,5,0
3019,'1496630',2153,,1206,14,0,5,0
3019,'1496634',1853,,1210,14,0,5,0
3019,'1496635',1353,,1211,14,0,5,0
3019,'1496637',1953,,1213,14,0,5,0
3019,'1496639',2253,,1215,14,0,5,0
3019,'1496643',1753,,1219,14,0,5,0
3019,'1496644',853,,1220,14,0,5,0
3019,'1496648',953,,1224,14,0,5,0
3019,'1496649',1253,,1225,14,0,5,0
3019,'1496650',1553,,1226,14,0,5,0
3019,'1496652',1053,,1228,14,0,5,0
3019,'1496653',1453,,1229,14,0,5,0
3019,'1496654',2053,,1230,14,0,5,0
3019,'1496655',753,,1231,14,0,5,0
3019,'1496657',1153,,1233,14,0,5,0
