4019,'1496112',722,,1237,77,,,0
4019,'1496113',1122,,1238,77,,,0
4019,'1496114',922,,1239,77,,,0
4019,'1496115',1722,,1240,77,,,0
4019,'1496116',1022,,1241,77,,,0
4019,'1496117',1222,,1242,77,,,0
4019,'1496118',822,,1243,77,,,0
4019,'1496119',1622,,1244,77,,,0
4019,'1496120',1822,,1245,77,,,0
4019,'1496121',1422,,1246,77,,,0
4019,'1496122',1522,,1247,77,,,0
4019,'1496123',1322,,1248,77,,,0
4019,'1496124',622,,1249,43,,,0
4019,'1496355',722,,1250,77,,,0
4019,'1496356',2357,,1251,77,,,0
4019,'1496357',1122,,1252,77,,,0
4019,'1496358',922,,1253,77,,,0
4019,'1496359',2107,,1254,77,,,0
4019,'1496360',1722,,1255,77,,,0
4019,'1496361',1922,,1256,77,,,0
4019,'1496362',2207,,1257,77,,,0
4019,'1496363',1022,,1258,77,,,0
4019,'1496364',1222,,1259,77,,,0
4019,'1496365',2007,,1260,77,,,0
4019,'1496366',822,,1261,77,,,0
4019,'1496367',1622,,1262,77,,,0
4019,'1496368',1822,,1263,77,,,0
4019,'1496369',1422,,1264,77,,,0
4019,'1496370',1522,,1265,77,,,0
4019,'1496371',2307,,1266,77,,,0
4019,'1496372',1322,,1267,77,,,0
4019,'1496373',622,,1268,43,,,0
4019,'1496435',907,,1269,77,,,0
4019,'1496436',807,,1270,77,,,0
4019,'1496437',1707,,1271,77,,,0
4019,'1496438',2307,,1272,77,,,0
4019,'1496439',1807,,1273,77,,,0
4019,'1496440',1507,,1274,77,,,0
4019,'1496441',2207,,1275,77,,,0
4019,'1496442',1107,,1276,77,,,0
4019,'1496443',2007,,1277,77,,,0
4019,'1496444',1607,,1278,77,,,0
4019,'1496445',1007,,1279,77,,,0
4019,'1496446',1907,,1280,77,,,0
4019,'1496447',1407,,1281,77,,,0
4019,'1496448',707,,1282,77,,,0
4019,'1496449',2107,,1283,77,,,0
4019,'1496450',1207,,1284,77,,,0
4019,'1496451',1307,,1285,77,,,0
4019,'1496452',2357,,1286,77,,,0
4019,'1496661',907,,1287,77,,,0
4019,'1496662',807,,1288,77,,,0
4019,'1496663',1707,,1289,77,,,0
4019,'1496664',2307,,1290,77,,,0
4019,'1496665',1807,,1291,77,,,0
4019,'1496666',1507,,1292,77,,,0
4019,'1496667',2207,,1293,77,,,0
4019,'1496668',1107,,1294,77,,,0
4019,'1496669',2007,,1295,77,,,0
4019,'1496670',1607,,1296,77,,,0
4019,'1496671',1007,,1297,77,,,0
4019,'1496672',1907,,1298,77,,,0
4019,'1496673',1407,,1299,77,,,0
4019,'1496674',2107,,1300,77,,,0
4019,'1496675',1207,,1301,77,,,0
4019,'1496676',1307,,1302,77,,,0
4019,'1496677',2357,,1303,77,,,0
