3019,'1496126',847,,1057,44,0,5,0
3019,'1496127',1047,,1058,44,0,5,0
3019,'1496132',1117,,1063,44,0,5,0
3019,'1496135',1647,,1066,44,0,5,0
3019,'1496137',1447,,1068,44,0,5,0
3019,'1496139',1217,,1070,44,0,5,0
3019,'1496140',747,,1071,44,0,5,0
3019,'1496143',717,,1074,44,0,5,0
3019,'1496145',1747,,1076,44,0,5,0
3019,'1496147',1317,,1078,44,0,5,0
3019,'1496148',1017,,1079,44,0,5,0
3019,'1496149',1247,,1080,44,0,5,0
3019,'1496150',1347,,1081,44,0,5,0
3019,'1496152',817,,1083,44,0,5,0
3019,'1496156',947,,1087,44,0,5,0
3019,'1496157',1617,,1088,44,0,5,0
3019,'1496158',1417,,1089,44,0,5,0
3019,'1496160',1717,,1091,44,0,5,0
3019,'1496161',1147,,1092,44,0,5,0
3019,'1496162',1517,,1093,44,0,5,0
3019,'1496166',1547,,1097,44,0,5,0
3019,'1496169',917,,1100,44,0,5,0
3019,'1496172',617,,1103,13,0,5,0
3019,'1496375',847,,1106,44,0,5,0
3019,'1496376',1047,,1107,44,0,5,0
3019,'1496379',2117,,1110,44,0,5,0
3019,'1496383',2217,,1114,44,0,5,0
3019,'1496384',1117,,1115,44,0,5,0
3019,'1496387',1647,,1118,44,0,5,0
3019,'1496389',2313,,1120,44,0,5,0
3019,'1496390',1447,,1121,44,0,5,0
3019,'1496391',1917,,1122,44,0,5,0
3019,'1496393',1217,,1124,44,0,5,0
3019,'1496394',747,,1125,44,0,5,0
3019,'1496397',2017,,1128,44,0,5,0
3019,'1496399',717,,1130,44,0,5,0
3019,'1496401',1747,,1132,44,0,5,0
3019,'1496403',1317,,1134,44,0,5,0
3019,'1496405',1817,,1136,44,0,5,0
3019,'1496406',1017,,1137,44,0,5,0
3019,'1496407',1247,,1138,44,0,5,0
3019,'1496408',1347,,1139,44,0,5,0
3019,'1496410',817,,1141,44,0,5,0
3019,'1496414',947,,1145,44,0,5,0
3019,'1496415',1617,,1146,44,0,5,0
3019,'1496416',1417,,1147,44,0,5,0
3019,'1496418',1717,,1149,44,0,5,0
3019,'1496419',1147,,1150,44,0,5,0
3019,'1496420',1517,,1151,44,0,5,0
3019,'1496424',1547,,1155,44,0,5,0
3019,'1496428',917,,1159,44,0,5,0
3019,'1496433',617,,1164,13,0,5,0
3019,'1496454',1717,,1167,44,0,5,0
3019,'1496456',2217,,1169,44,0,5,0
3019,'1496461',1917,,1174,44,0,5,0
3019,'1496462',1417,,1175,44,0,5,0
3019,'1496464',2017,,1177,44,0,5,0
3019,'1496466',2315,,1179,44,0,5,0
3019,'1496470',1817,,1183,44,0,5,0
3019,'1496471',717,,1184,44,0,5,0
3019,'1496472',917,,1185,44,0,5,0
3019,'1496476',1017,,1189,44,0,5,0
3019,'1496477',1317,,1190,44,0,5,0
3019,'1496478',1617,,1191,44,0,5,0
3019,'1496480',1117,,1193,44,0,5,0
3019,'1496481',1517,,1194,44,0,5,0
3019,'1496482',2117,,1195,44,0,5,0
3019,'1496483',817,,1196,44,0,5,0
3019,'1496485',1217,,1198,44,0,5,0
3019,'1496628',1717,,1204,44,0,5,0
3019,'1496630',2217,,1206,44,0,5,0
3019,'1496634',1917,,1210,44,0,5,0
3019,'1496635',1417,,1211,44,0,5,0
3019,'1496637',2017,,1213,44,0,5,0
3019,'1496639',2315,,1215,44,0,5,0
3019,'1496643',1817,,1219,44,0,5,0
3019,'1496644',917,,1220,44,0,5,0
3019,'1496648',1017,,1224,44,0,5,0
3019,'1496649',1317,,1225,44,0,5,0
3019,'1496650',1617,,1226,44,0,5,0
3019,'1496652',1117,,1228,44,0,5,0
3019,'1496653',1517,,1229,44,0,5,0
3019,'1496654',2117,,1230,44,0,5,0
3019,'1496655',817,,1231,44,0,5,0
3019,'1496657',1217,,1233,44,0,5,0
