2019,'1496174',1248,,878,69,,,0
2019,'1496175',1418,,879,69,,,0
2019,'1496179',1348,,880,69,,,0
2019,'1496181',1518,,881,69,,,0
2019,'1496183',1018,,882,69,,,0
2019,'1496184',1548,,883,69,,,0
2019,'1496185',948,,884,69,,,0
2019,'1496187',1148,,885,69,,,0
2019,'1496188',918,,886,69,,,0
2019,'1496189',848,,887,69,,,0
2019,'1496191',1048,,888,69,,,0
2019,'1496194',1618,,889,69,,,0
2019,'1496198',748,,890,69,,,0
2019,'1496200',1748,,891,69,,,0
2019,'1496204',1448,,892,69,,,0
2019,'1496206',1118,,893,69,,,0
2019,'1496208',1218,,894,69,,,0
2019,'1496209',1648,,895,69,,,0
2019,'1496210',1818,,896,69,,,0
2019,'1496211',1718,,897,69,,,0
2019,'1496215',818,,898,69,,,0
2019,'1496216',1318,,899,69,,,0
2019,'1496218',718,,900,69,,,0
2019,'1496220',618,,902,37,,,0
2019,'1496223',2303,,903,69,,,0
2019,'1496224',1248,,904,69,,,0
2019,'1496225',1418,,905,69,,,0
2019,'1496227',2203,,906,69,,,0
2019,'1496228',1903,,907,69,,,0
2019,'1496232',1348,,908,69,,,0
2019,'1496234',1518,,909,69,,,0
2019,'1496236',1018,,910,69,,,0
2019,'1496237',1548,,911,69,,,0
2019,'1496238',948,,912,69,,,0
2019,'1496240',1148,,913,69,,,0
2019,'1496242',918,,914,69,,,0
2019,'1496243',848,,915,69,,,0
2019,'1496245',1048,,916,69,,,0
2019,'1496248',1618,,917,69,,,0
2019,'1496253',2103,,918,69,,,0
2019,'1496255',748,,919,69,,,0
2019,'1496257',1748,,920,69,,,0
2019,'1496262',1448,,922,69,,,0
2019,'1496264',1118,,923,69,,,0
2019,'1496266',1218,,924,69,,,0
2019,'1496267',1648,,925,69,,,0
2019,'1496268',1818,,926,69,,,0
2019,'1496269',1718,,927,69,,,0
2019,'1496274',818,,928,69,,,0
2019,'1496275',1318,,929,69,,,0
2019,'1496277',718,,930,69,,,0
2019,'1496279',618,,932,47,,,0
2019,'1496280',2003,,933,69,,,0
2019,'1496490',1803,,934,69,,,0
2019,'1496491',2203,,935,69,,,0
2019,'1496492',1403,,936,69,,,0
2019,'1496494',1203,,937,69,,,0
2019,'1496495',1503,,938,69,,,0
2019,'1496498',2103,,939,69,,,0
2019,'1496499',803,,940,69,,,0
2019,'1496505',1303,,941,69,,,0
2019,'1496507',2303,,942,69,,,0
2019,'1496510',1603,,943,69,,,0
2019,'1496511',1903,,944,69,,,0
2019,'1496512',1103,,945,69,,,0
2019,'1496516',1003,,946,69,,,0
2019,'1496518',903,,947,69,,,0
2019,'1496520',1703,,948,69,,,0
2019,'1496521',2003,,949,69,,,0
2019,'1496523',703,,950,69,,,0
2019,'1496524',633,,951,37,,,0
2019,'1496594',1803,,953,69,,,0
2019,'1496595',2203,,954,69,,,0
2019,'1496596',1403,,955,69,,,0
2019,'1496598',1203,,956,69,,,0
2019,'1496599',1503,,957,69,,,0
2019,'1496602',2103,,958,69,,,0
2019,'1496603',803,,959,69,,,0
2019,'1496609',1303,,960,69,,,0
2019,'1496613',1603,,961,69,,,0
2019,'1496614',1903,,962,69,,,0
2019,'1496615',1103,,963,69,,,0
2019,'1496619',1003,,964,69,,,0
2019,'1496621',903,,965,69,,,0
2019,'1496623',1703,,966,69,,,0
2019,'1496624',2003,,967,69,,,0
2019,'1496625',733,,968,37,,,0
