2019,'1496174',1252,,878,73,,,0
2019,'1496175',1422,,879,73,,,0
2019,'1496179',1352,,880,73,,,0
2019,'1496181',1522,,881,73,,,0
2019,'1496183',1022,,882,73,,,0
2019,'1496184',1552,,883,73,,,0
2019,'1496185',952,,884,73,,,0
2019,'1496187',1152,,885,73,,,0
2019,'1496188',922,,886,73,,,0
2019,'1496189',852,,887,73,,,0
2019,'1496191',1052,,888,73,,,0
2019,'1496194',1622,,889,73,,,0
2019,'1496198',752,,890,73,,,0
2019,'1496200',1752,,891,73,,,0
2019,'1496204',1452,,892,73,,,0
2019,'1496206',1122,,893,73,,,0
2019,'1496208',1222,,894,73,,,0
2019,'1496209',1652,,895,73,,,0
2019,'1496210',1822,,896,73,,,0
2019,'1496211',1722,,897,73,,,0
2019,'1496215',822,,898,73,,,0
2019,'1496216',1322,,899,73,,,0
2019,'1496218',722,,900,73,,,0
2019,'1496220',622,,902,41,,,0
2019,'1496223',2307,,903,73,,,0
2019,'1496224',1252,,904,73,,,0
2019,'1496225',1422,,905,73,,,0
2019,'1496227',2207,,906,73,,,0
2019,'1496228',1907,,907,73,,,0
2019,'1496232',1352,,908,73,,,0
2019,'1496234',1522,,909,73,,,0
2019,'1496236',1022,,910,73,,,0
2019,'1496237',1552,,911,73,,,0
2019,'1496238',952,,912,73,,,0
2019,'1496240',1152,,913,73,,,0
2019,'1496242',922,,914,73,,,0
2019,'1496243',852,,915,73,,,0
2019,'1496245',1052,,916,73,,,0
2019,'1496248',1622,,917,73,,,0
2019,'1496253',2107,,918,73,,,0
2019,'1496255',752,,919,73,,,0
2019,'1496257',1752,,920,73,,,0
2019,'1496262',1452,,922,73,,,0
2019,'1496264',1122,,923,73,,,0
2019,'1496266',1222,,924,73,,,0
2019,'1496267',1652,,925,73,,,0
2019,'1496268',1822,,926,73,,,0
2019,'1496269',1722,,927,73,,,0
2019,'1496274',822,,928,73,,,0
2019,'1496275',1322,,929,73,,,0
2019,'1496277',722,,930,73,,,0
2019,'1496279',622,,932,51,,,0
2019,'1496280',2007,,933,73,,,0
2019,'1496490',1807,,934,73,,,0
2019,'1496491',2207,,935,73,,,0
2019,'1496492',1407,,936,73,,,0
2019,'1496494',1207,,937,73,,,0
2019,'1496495',1507,,938,73,,,0
2019,'1496498',2107,,939,73,,,0
2019,'1496499',807,,940,73,,,0
2019,'1496505',1307,,941,73,,,0
2019,'1496507',2307,,942,73,,,0
2019,'1496510',1607,,943,73,,,0
2019,'1496511',1907,,944,73,,,0
2019,'1496512',1107,,945,73,,,0
2019,'1496516',1007,,946,73,,,0
2019,'1496518',907,,947,73,,,0
2019,'1496520',1707,,948,73,,,0
2019,'1496521',2007,,949,73,,,0
2019,'1496523',707,,950,73,,,0
2019,'1496524',637,,951,41,,,0
2019,'1496594',1807,,953,73,,,0
2019,'1496595',2207,,954,73,,,0
2019,'1496596',1407,,955,73,,,0
2019,'1496598',1207,,956,73,,,0
2019,'1496599',1507,,957,73,,,0
2019,'1496602',2107,,958,73,,,0
2019,'1496603',807,,959,73,,,0
2019,'1496609',1307,,960,73,,,0
2019,'1496613',1607,,961,73,,,0
2019,'1496614',1907,,962,73,,,0
2019,'1496615',1107,,963,73,,,0
2019,'1496619',1007,,964,73,,,0
2019,'1496621',907,,965,73,,,0
2019,'1496623',1707,,966,73,,,0
2019,'1496624',2007,,967,73,,,0
2019,'1496625',737,,968,41,,,0
