1019,'1496067',736,,702,46,,,0
1019,'1496069',836,,703,46,,,0
1019,'1496071',1606,,704,46,,,0
1019,'1496072',1706,,705,46,,,0
1019,'1496074',806,,706,46,,,0
1019,'1496075',1506,,707,46,,,0
1019,'1496076',1306,,708,46,,,0
1019,'1496080',1406,,709,46,,,0
1019,'1496085',1106,,710,46,,,0
1019,'1496087',1336,,711,46,,,0
1019,'1496089',906,,712,46,,,0
1019,'1496090',1206,,713,46,,,0
1019,'1496091',1006,,714,46,,,0
1019,'1496093',1806,,715,46,,,0
1019,'1496095',1036,,716,46,,,0
1019,'1496097',936,,717,46,,,0
1019,'1496099',1436,,718,46,,,0
1019,'1496100',1536,,719,46,,,0
1019,'1496102',706,,720,46,,,0
1019,'1496103',1236,,721,46,,,0
1019,'1496104',1136,,722,46,,,0
1019,'1496107',1736,,723,46,,,0
1019,'1496109',1636,,724,46,,,0
1019,'1496110',606,,725,15,,,0
1019,'1496296',736,,726,46,,,0
1019,'1496298',836,,727,46,,,0
1019,'1496301',1606,,728,46,,,0
1019,'1496302',2151,,729,46,,,0
1019,'1496303',1706,,730,46,,,0
1019,'1496305',806,,731,46,,,0
1019,'1496306',1506,,732,46,,,0
1019,'1496307',1306,,733,46,,,0
1019,'1496308',1836,,734,46,,,0
1019,'1496313',1406,,735,46,,,0
1019,'1496314',1951,,736,46,,,0
1019,'1496315',2051,,737,46,,,0
1019,'1496321',1106,,738,46,,,0
1019,'1496323',1336,,739,46,,,0
1019,'1496326',906,,740,46,,,0
1019,'1496327',1206,,741,46,,,0
1019,'1496328',1006,,742,46,,,0
1019,'1496330',2344,,743,46,,,0
1019,'1496331',1806,,744,46,,,0
1019,'1496334',1036,,745,46,,,0
1019,'1496336',936,,746,46,,,0
1019,'1496338',2251,,747,46,,,0
1019,'1496340',1436,,748,46,,,0
1019,'1496341',1536,,749,46,,,0
1019,'1496343',706,,750,46,,,0
1019,'1496344',1236,,751,46,,,0
1019,'1496345',1136,,752,46,,,0
1019,'1496348',1736,,753,46,,,0
1019,'1496350',1636,,754,46,,,0
1019,'1496351',606,,755,15,,,0
1019,'1496353',1906,,756,46,,,0
1019,'1496526',1351,,757,46,,,0
1019,'1496529',1951,,758,46,,,0
1019,'1496530',751,,759,46,,,0
1019,'1496531',651,,760,46,,,0
1019,'1496532',2051,,761,46,,,0
1019,'1496536',1051,,762,46,,,0
1019,'1496538',1451,,763,46,,,0
1019,'1496541',1651,,764,46,,,0
1019,'1496543',1151,,765,46,,,0
1019,'1496546',2151,,766,46,,,0
1019,'1496548',1551,,767,46,,,0
1019,'1496549',1751,,768,46,,,0
1019,'1496553',951,,769,46,,,0
1019,'1496554',851,,770,46,,,0
1019,'1496557',1251,,771,46,,,0
1019,'1496558',1851,,772,46,,,0
1019,'1496559',2344,,773,46,,,0
1019,'1496560',2251,,774,46,,,0
1019,'1496561',1351,,775,46,,,0
1019,'1496564',1951,,776,46,,,0
1019,'1496565',751,,777,46,,,0
1019,'1496566',2051,,778,46,,,0
1019,'1496570',1051,,779,46,,,0
1019,'1496572',1451,,780,46,,,0
1019,'1496575',1651,,781,46,,,0
1019,'1496576',1151,,782,46,,,0
1019,'1496579',2151,,783,46,,,0
1019,'1496581',1551,,784,46,,,0
1019,'1496582',1751,,785,46,,,0
1019,'1496586',951,,786,46,,,0
1019,'1496587',851,,787,46,,,0
1019,'1496590',1251,,788,46,,,0
1019,'1496591',1851,,789,46,,,0
1019,'1496592',2344,,790,46,,,0
1019,'1496593',2251,,791,46,,,0
