3019,'1496126',934,,1057,125,0,5,0
3019,'1496127',1134,,1058,125,0,5,0
3019,'1496132',1204,,1063,125,0,5,0
3019,'1496135',1734,,1066,125,0,5,0
3019,'1496137',1534,,1068,125,0,5,0
3019,'1496139',1304,,1070,125,0,5,0
3019,'1496140',834,,1071,125,0,5,0
3019,'1496143',804,,1074,125,0,5,0
3019,'1496145',1834,,1076,125,0,5,0
3019,'1496147',1404,,1078,125,0,5,0
3019,'1496148',1104,,1079,125,0,5,0
3019,'1496149',1334,,1080,125,0,5,0
3019,'1496150',1434,,1081,125,0,5,0
3019,'1496152',904,,1083,125,0,5,0
3019,'1496156',1034,,1087,125,0,5,0
3019,'1496157',1704,,1088,125,0,5,0
3019,'1496158',1504,,1089,125,0,5,0
3019,'1496160',1804,,1091,125,0,5,0
3019,'1496161',1234,,1092,125,0,5,0
3019,'1496162',1604,,1093,125,0,5,0
3019,'1496163',634,,1094,47,0,5,0
3019,'1496166',1634,,1097,125,0,5,0
3019,'1496169',1004,,1100,125,0,5,0
3019,'1496172',704,,1103,94,0,5,0
3019,'1496375',934,,1106,125,0,5,0
3019,'1496376',1134,,1107,125,0,5,0
3019,'1496379',2204,,1110,125,0,5,0
3019,'1496383',2304,,1114,125,0,5,0
3019,'1496384',1204,,1115,125,0,5,0
3019,'1496387',1734,,1118,125,0,5,0
3019,'1496389',2354,,1120,125,0,5,0
3019,'1496390',1534,,1121,125,0,5,0
3019,'1496391',2004,,1122,125,0,5,0
3019,'1496393',1304,,1124,125,0,5,0
3019,'1496394',834,,1125,125,0,5,0
3019,'1496397',2104,,1128,125,0,5,0
3019,'1496399',804,,1130,125,0,5,0
3019,'1496401',1834,,1132,125,0,5,0
3019,'1496403',1404,,1134,125,0,5,0
3019,'1496405',1904,,1136,125,0,5,0
3019,'1496406',1104,,1137,125,0,5,0
3019,'1496407',1334,,1138,125,0,5,0
3019,'1496408',1434,,1139,125,0,5,0
3019,'1496410',904,,1141,125,0,5,0
3019,'1496414',1034,,1145,125,0,5,0
3019,'1496415',1704,,1146,125,0,5,0
3019,'1496416',1504,,1147,125,0,5,0
3019,'1496418',1804,,1149,125,0,5,0
3019,'1496419',1234,,1150,125,0,5,0
3019,'1496420',1604,,1151,125,0,5,0
3019,'1496421',634,,1152,47,0,5,0
3019,'1496424',1634,,1155,125,0,5,0
3019,'1496428',1004,,1159,125,0,5,0
3019,'1496433',704,,1164,94,0,5,0
3019,'1496454',1804,,1167,125,0,5,0
3019,'1496456',2304,,1169,125,0,5,0
3019,'1496461',2004,,1174,125,0,5,0
3019,'1496462',1504,,1175,125,0,5,0
3019,'1496464',2104,,1177,125,0,5,0
3019,'1496466',2354,,1179,125,0,5,0
3019,'1496470',1904,,1183,125,0,5,0
3019,'1496471',804,,1184,125,0,5,0
3019,'1496472',1004,,1185,125,0,5,0
3019,'1496476',1104,,1189,125,0,5,0
3019,'1496477',1404,,1190,125,0,5,0
3019,'1496478',1704,,1191,125,0,5,0
3019,'1496480',1204,,1193,125,0,5,0
3019,'1496481',1604,,1194,125,0,5,0
3019,'1496482',2204,,1195,125,0,5,0
3019,'1496483',904,,1196,125,0,5,0
3019,'1496485',1304,,1198,125,0,5,0
3019,'1496489',634,,1202,47,0,5,0
3019,'1496628',1804,,1204,125,0,5,0
3019,'1496630',2304,,1206,125,0,5,0
3019,'1496634',2004,,1210,125,0,5,0
3019,'1496635',1504,,1211,125,0,5,0
3019,'1496637',2104,,1213,125,0,5,0
3019,'1496639',2354,,1215,125,0,5,0
3019,'1496643',1904,,1219,125,0,5,0
3019,'1496644',1004,,1220,125,0,5,0
3019,'1496648',1104,,1224,125,0,5,0
3019,'1496649',1404,,1225,125,0,5,0
3019,'1496650',1704,,1226,125,0,5,0
3019,'1496652',1204,,1228,125,0,5,0
3019,'1496653',1604,,1229,125,0,5,0
3019,'1496654',2204,,1230,125,0,5,0
3019,'1496655',904,,1231,125,0,5,0
3019,'1496657',1304,,1233,125,0,5,0
3019,'1496660',734,,1236,47,0,5,0
