3019,'1496126',824,,1057,15,0,5,0
3019,'1496127',1024,,1058,15,0,5,0
3019,'1496132',1054,,1063,15,0,5,0
3019,'1496135',1624,,1066,15,0,5,0
3019,'1496137',1424,,1068,15,0,5,0
3019,'1496139',1154,,1070,15,0,5,0
3019,'1496140',724,,1071,15,0,5,0
3019,'1496143',654,,1074,15,0,5,0
3019,'1496145',1724,,1076,15,0,5,0
3019,'1496147',1254,,1078,15,0,5,0
3019,'1496148',954,,1079,15,0,5,0
3019,'1496149',1224,,1080,15,0,5,0
3019,'1496150',1324,,1081,15,0,5,0
3019,'1496152',754,,1083,15,0,5,0
3019,'1496156',924,,1087,15,0,5,0
3019,'1496157',1554,,1088,15,0,5,0
3019,'1496158',1354,,1089,15,0,5,0
3019,'1496160',1654,,1091,15,0,5,0
3019,'1496161',1124,,1092,15,0,5,0
3019,'1496162',1454,,1093,15,0,5,0
3019,'1496166',1524,,1097,15,0,5,0
3019,'1496169',854,,1100,15,0,5,0
3019,'1496375',824,,1106,15,0,5,0
3019,'1496376',1024,,1107,15,0,5,0
3019,'1496379',2054,,1110,15,0,5,0
3019,'1496383',2154,,1114,15,0,5,0
3019,'1496384',1054,,1115,15,0,5,0
3019,'1496387',1624,,1118,15,0,5,0
3019,'1496389',2254,,1120,15,0,5,0
3019,'1496390',1424,,1121,15,0,5,0
3019,'1496391',1854,,1122,15,0,5,0
3019,'1496393',1154,,1124,15,0,5,0
3019,'1496394',724,,1125,15,0,5,0
3019,'1496397',1954,,1128,15,0,5,0
3019,'1496399',654,,1130,15,0,5,0
3019,'1496401',1724,,1132,15,0,5,0
3019,'1496403',1254,,1134,15,0,5,0
3019,'1496405',1754,,1136,15,0,5,0
3019,'1496406',954,,1137,15,0,5,0
3019,'1496407',1224,,1138,15,0,5,0
3019,'1496408',1324,,1139,15,0,5,0
3019,'1496410',754,,1141,15,0,5,0
3019,'1496414',924,,1145,15,0,5,0
3019,'1496415',1554,,1146,15,0,5,0
3019,'1496416',1354,,1147,15,0,5,0
3019,'1496418',1654,,1149,15,0,5,0
3019,'1496419',1124,,1150,15,0,5,0
3019,'1496420',1454,,1151,15,0,5,0
3019,'1496424',1524,,1155,15,0,5,0
3019,'1496428',854,,1159,15,0,5,0
3019,'1496454',1654,,1167,15,0,5,0
3019,'1496456',2154,,1169,15,0,5,0
3019,'1496461',1854,,1174,15,0,5,0
3019,'1496462',1354,,1175,15,0,5,0
3019,'1496464',1954,,1177,15,0,5,0
3019,'1496466',2254,,1179,15,0,5,0
3019,'1496470',1754,,1183,15,0,5,0
3019,'1496471',654,,1184,15,0,5,0
3019,'1496472',854,,1185,15,0,5,0
3019,'1496476',954,,1189,15,0,5,0
3019,'1496477',1254,,1190,15,0,5,0
3019,'1496478',1554,,1191,15,0,5,0
3019,'1496480',1054,,1193,15,0,5,0
3019,'1496481',1454,,1194,15,0,5,0
3019,'1496482',2054,,1195,15,0,5,0
3019,'1496483',754,,1196,15,0,5,0
3019,'1496485',1154,,1198,15,0,5,0
3019,'1496628',1654,,1204,15,0,5,0
3019,'1496630',2154,,1206,15,0,5,0
3019,'1496634',1854,,1210,15,0,5,0
3019,'1496635',1354,,1211,15,0,5,0
3019,'1496637',1954,,1213,15,0,5,0
3019,'1496639',2254,,1215,15,0,5,0
3019,'1496643',1754,,1219,15,0,5,0
3019,'1496644',854,,1220,15,0,5,0
3019,'1496648',954,,1224,15,0,5,0
3019,'1496649',1254,,1225,15,0,5,0
3019,'1496650',1554,,1226,15,0,5,0
3019,'1496652',1054,,1228,15,0,5,0
3019,'1496653',1454,,1229,15,0,5,0
3019,'1496654',2054,,1230,15,0,5,0
3019,'1496655',754,,1231,15,0,5,0
3019,'1496657',1154,,1233,15,0,5,0
