2029,'1496221',624,,971,30,,,0
2029,'1496281',624,,972,30,,,0
2029,'1497044',925,,973,67,,,0
2029,'1497045',1425,,974,67,,,0
2029,'1497046',1225,,975,67,,,0
2029,'1497047',1255,,976,67,,,0
2029,'1497048',1555,,977,67,,,0
2029,'1497049',955,,978,67,,,0
2029,'1497050',825,,979,67,,,0
2029,'1497051',1625,,980,67,,,0
2029,'1497052',1455,,981,67,,,0
2029,'1497053',1055,,982,67,,,0
2029,'1497054',725,,983,67,,,0
2029,'1497055',1325,,984,67,,,0
2029,'1497056',1655,,985,67,,,0
2029,'1497057',1525,,986,67,,,0
2029,'1497058',1355,,987,67,,,0
2029,'1497059',755,,988,67,,,0
2029,'1497060',1725,,989,67,,,0
2029,'1497061',1025,,990,67,,,0
2029,'1497062',855,,991,67,,,0
2029,'1497063',1155,,992,67,,,0
2029,'1497064',1125,,993,67,,,0
2029,'1497065',1755,,994,67,,,0
2029,'1497066',2025,,995,67,,,0
2029,'1497067',925,,996,67,,,0
2029,'1497068',1425,,997,67,,,0
2029,'1497069',1225,,998,67,,,0
2029,'1497070',1825,,999,67,,,0
2029,'1497071',1255,,1000,67,,,0
2029,'1497072',1555,,1001,67,,,0
2029,'1497073',955,,1002,67,,,0
2029,'1497074',2225,,1003,67,,,0
2029,'1497075',825,,1004,67,,,0
2029,'1497076',1625,,1005,67,,,0
2029,'1497077',1455,,1006,67,,,0
2029,'1497078',2322,,1007,67,,,0
2029,'1497079',1055,,1008,67,,,0
2029,'1497080',725,,1009,67,,,0
2029,'1497081',1325,,1010,67,,,0
2029,'1497082',1925,,1011,67,,,0
2029,'1497083',1655,,1012,67,,,0
2029,'1497084',1525,,1013,67,,,0
2029,'1497085',1355,,1014,67,,,0
2029,'1497086',755,,1015,67,,,0
2029,'1497087',1725,,1016,67,,,0
2029,'1497088',1025,,1017,67,,,0
2029,'1497089',855,,1018,67,,,0
2029,'1497090',2125,,1019,67,,,0
2029,'1497091',1155,,1020,67,,,0
2029,'1497092',1125,,1021,67,,,0
2029,'1497093',1755,,1022,67,,,0
2029,'1497094',1725,,1023,67,,,0
2029,'1497095',1125,,1024,67,,,0
2029,'1497096',2225,,1025,67,,,0
2029,'1497097',2322,,1026,67,,,0
2029,'1497098',1025,,1027,67,,,0
2029,'1497099',2025,,1028,67,,,0
2029,'1497100',925,,1029,67,,,0
2029,'1497101',1525,,1030,67,,,0
2029,'1497102',2125,,1031,67,,,0
2029,'1497103',1825,,1032,67,,,0
2029,'1497104',1225,,1033,67,,,0
2029,'1497105',1425,,1034,67,,,0
2029,'1497106',825,,1035,67,,,0
2029,'1497107',1325,,1036,67,,,0
2029,'1497108',1925,,1037,67,,,0
2029,'1497109',1625,,1038,67,,,0
2029,'1497110',725,,1039,67,,,0
2029,'1497111',1725,,1040,67,,,0
2029,'1497112',1125,,1041,67,,,0
2029,'1497113',2225,,1042,67,,,0
2029,'1497114',2322,,1043,67,,,0
2029,'1497115',1025,,1044,67,,,0
2029,'1497116',2025,,1045,67,,,0
2029,'1497117',925,,1046,67,,,0
2029,'1497118',1525,,1047,67,,,0
2029,'1497119',2125,,1048,67,,,0
2029,'1497120',1825,,1049,67,,,0
2029,'1497121',1225,,1050,67,,,0
2029,'1497122',1425,,1051,67,,,0
2029,'1497123',825,,1052,67,,,0
2029,'1497124',1325,,1053,67,,,0
2029,'1497125',1925,,1054,67,,,0
2029,'1497126',1625,,1055,67,,,0
4019,'1496112',716,,1237,68,,,0
4019,'1496113',1116,,1238,68,,,0
4019,'1496114',916,,1239,68,,,0
4019,'1496115',1716,,1240,68,,,0
4019,'1496116',1016,,1241,68,,,0
4019,'1496117',1216,,1242,68,,,0
4019,'1496118',816,,1243,68,,,0
4019,'1496119',1616,,1244,68,,,0
4019,'1496120',1816,,1245,68,,,0
4019,'1496121',1416,,1246,68,,,0
4019,'1496122',1516,,1247,68,,,0
4019,'1496123',1316,,1248,68,,,0
4019,'1496124',616,,1249,34,,,0
4019,'1496355',716,,1250,68,,,0
4019,'1496356',2352,,1251,68,,,0
4019,'1496357',1116,,1252,68,,,0
4019,'1496358',916,,1253,68,,,0
4019,'1496359',2101,,1254,68,,,0
4019,'1496360',1716,,1255,68,,,0
4019,'1496361',1916,,1256,68,,,0
4019,'1496362',2201,,1257,68,,,0
4019,'1496363',1016,,1258,68,,,0
4019,'1496364',1216,,1259,68,,,0
4019,'1496365',2001,,1260,68,,,0
4019,'1496366',816,,1261,68,,,0
4019,'1496367',1616,,1262,68,,,0
4019,'1496368',1816,,1263,68,,,0
4019,'1496369',1416,,1264,68,,,0
4019,'1496370',1516,,1265,68,,,0
4019,'1496371',2301,,1266,68,,,0
4019,'1496372',1316,,1267,68,,,0
4019,'1496373',616,,1268,34,,,0
4019,'1496435',901,,1269,68,,,0
4019,'1496436',801,,1270,68,,,0
4019,'1496437',1701,,1271,68,,,0
4019,'1496438',2301,,1272,68,,,0
4019,'1496439',1801,,1273,68,,,0
4019,'1496440',1501,,1274,68,,,0
4019,'1496441',2201,,1275,68,,,0
4019,'1496442',1101,,1276,68,,,0
4019,'1496443',2001,,1277,68,,,0
4019,'1496444',1601,,1278,68,,,0
4019,'1496445',1001,,1279,68,,,0
4019,'1496446',1901,,1280,68,,,0
4019,'1496447',1401,,1281,68,,,0
4019,'1496448',701,,1282,68,,,0
4019,'1496449',2101,,1283,68,,,0
4019,'1496450',1201,,1284,68,,,0
4019,'1496451',1301,,1285,68,,,0
4019,'1496452',2352,,1286,68,,,0
4019,'1496661',901,,1287,68,,,0
4019,'1496662',801,,1288,68,,,0
4019,'1496663',1701,,1289,68,,,0
4019,'1496664',2301,,1290,68,,,0
4019,'1496665',1801,,1291,68,,,0
4019,'1496666',1501,,1292,68,,,0
4019,'1496667',2201,,1293,68,,,0
4019,'1496668',1101,,1294,68,,,0
4019,'1496669',2001,,1295,68,,,0
4019,'1496670',1601,,1296,68,,,0
4019,'1496671',1001,,1297,68,,,0
4019,'1496672',1901,,1298,68,,,0
4019,'1496673',1401,,1299,68,,,0
4019,'1496674',2101,,1300,68,,,0
4019,'1496675',1201,,1301,68,,,0
4019,'1496676',1301,,1302,68,,,0
4019,'1496677',2352,,1303,68,,,0
