2029,'1496221',633,,971,44,,,0
2029,'1496281',633,,972,44,,,0
2029,'1497044',934,,973,81,,,0
2029,'1497045',1434,,974,81,,,0
2029,'1497046',1234,,975,81,,,0
2029,'1497047',1304,,976,81,,,0
2029,'1497048',1604,,977,81,,,0
2029,'1497049',1004,,978,81,,,0
2029,'1497050',834,,979,81,,,0
2029,'1497051',1634,,980,81,,,0
2029,'1497052',1504,,981,81,,,0
2029,'1497053',1104,,982,81,,,0
2029,'1497054',734,,983,81,,,0
2029,'1497055',1334,,984,81,,,0
2029,'1497056',1704,,985,81,,,0
2029,'1497057',1534,,986,81,,,0
2029,'1497058',1404,,987,81,,,0
2029,'1497059',804,,988,81,,,0
2029,'1497060',1734,,989,81,,,0
2029,'1497061',1034,,990,81,,,0
2029,'1497062',904,,991,81,,,0
2029,'1497063',1204,,992,81,,,0
2029,'1497064',1134,,993,81,,,0
2029,'1497065',1804,,994,81,,,0
2029,'1497066',2034,,995,81,,,0
2029,'1497067',934,,996,81,,,0
2029,'1497068',1434,,997,81,,,0
2029,'1497069',1234,,998,81,,,0
2029,'1497070',1834,,999,81,,,0
2029,'1497071',1304,,1000,81,,,0
2029,'1497072',1604,,1001,81,,,0
2029,'1497073',1004,,1002,81,,,0
2029,'1497074',2234,,1003,81,,,0
2029,'1497075',834,,1004,81,,,0
2029,'1497076',1634,,1005,81,,,0
2029,'1497077',1504,,1006,81,,,0
2029,'1497078',2330,,1007,81,,,0
2029,'1497079',1104,,1008,81,,,0
2029,'1497080',734,,1009,81,,,0
2029,'1497081',1334,,1010,81,,,0
2029,'1497082',1934,,1011,81,,,0
2029,'1497083',1704,,1012,81,,,0
2029,'1497084',1534,,1013,81,,,0
2029,'1497085',1404,,1014,81,,,0
2029,'1497086',804,,1015,81,,,0
2029,'1497087',1734,,1016,81,,,0
2029,'1497088',1034,,1017,81,,,0
2029,'1497089',904,,1018,81,,,0
2029,'1497090',2134,,1019,81,,,0
2029,'1497091',1204,,1020,81,,,0
2029,'1497092',1134,,1021,81,,,0
2029,'1497093',1804,,1022,81,,,0
2029,'1497094',1734,,1023,81,,,0
2029,'1497095',1134,,1024,81,,,0
2029,'1497096',2234,,1025,81,,,0
2029,'1497097',2330,,1026,81,,,0
2029,'1497098',1034,,1027,81,,,0
2029,'1497099',2034,,1028,81,,,0
2029,'1497100',934,,1029,81,,,0
2029,'1497101',1534,,1030,81,,,0
2029,'1497102',2134,,1031,81,,,0
2029,'1497103',1834,,1032,81,,,0
2029,'1497104',1234,,1033,81,,,0
2029,'1497105',1434,,1034,81,,,0
2029,'1497106',834,,1035,81,,,0
2029,'1497107',1334,,1036,81,,,0
2029,'1497108',1934,,1037,81,,,0
2029,'1497109',1634,,1038,81,,,0
2029,'1497110',734,,1039,81,,,0
2029,'1497111',1734,,1040,81,,,0
2029,'1497112',1134,,1041,81,,,0
2029,'1497113',2234,,1042,81,,,0
2029,'1497114',2330,,1043,81,,,0
2029,'1497115',1034,,1044,81,,,0
2029,'1497116',2034,,1045,81,,,0
2029,'1497117',934,,1046,81,,,0
2029,'1497118',1534,,1047,81,,,0
2029,'1497119',2134,,1048,81,,,0
2029,'1497120',1834,,1049,81,,,0
2029,'1497121',1234,,1050,81,,,0
2029,'1497122',1434,,1051,81,,,0
2029,'1497123',834,,1052,81,,,0
2029,'1497124',1334,,1053,81,,,0
2029,'1497125',1934,,1054,81,,,0
2029,'1497126',1634,,1055,81,,,0
3019,'1496125',1623,,1056,88,,,0
3019,'1496126',835,,1057,30,0,5,0
3019,'1496127',1035,,1058,30,0,5,0
3019,'1496128',1753,,1059,88,,,0
3019,'1496129',923,,1060,88,,,0
3019,'1496130',753,,1061,88,,,0
3019,'1496131',1653,,1062,88,,,0
3019,'1496132',1105,,1063,30,0,5,0
3019,'1496133',1223,,1064,88,,,0
3019,'1496134',1153,,1065,88,,,0
3019,'1496135',1635,,1066,30,0,5,0
3019,'1496136',823,,1067,88,,,0
3019,'1496137',1435,,1068,30,0,5,0
3019,'1496138',953,,1069,88,,,0
3019,'1496139',1205,,1070,30,0,5,0
3019,'1496140',735,,1071,30,0,5,0
3019,'1496141',1423,,1072,88,,,0
3019,'1496142',1353,,1073,88,,,0
3019,'1496143',705,,1074,30,0,5,0
3019,'1496144',1523,,1075,88,,,0
3019,'1496145',1735,,1076,30,0,5,0
3019,'1496146',1323,,1077,88,,,0
3019,'1496147',1305,,1078,30,0,5,0
3019,'1496148',1005,,1079,30,0,5,0
3019,'1496149',1235,,1080,30,0,5,0
3019,'1496150',1335,,1081,30,0,5,0
3019,'1496151',853,,1082,88,,,0
3019,'1496152',805,,1083,30,0,5,0
3019,'1496153',1823,,1084,88,,,0
3019,'1496154',1453,,1085,88,,,0
3019,'1496155',1053,,1086,88,,,0
3019,'1496156',935,,1087,30,0,5,0
3019,'1496157',1605,,1088,30,0,5,0
3019,'1496158',1405,,1089,30,0,5,0
3019,'1496159',1123,,1090,88,,,0
3019,'1496160',1705,,1091,30,0,5,0
3019,'1496161',1135,,1092,30,0,5,0
3019,'1496162',1505,,1093,30,0,5,0
3019,'1496164',1253,,1095,88,,,0
3019,'1496165',1723,,1096,88,,,0
3019,'1496166',1535,,1097,30,0,5,0
3019,'1496167',1023,,1098,88,,,0
3019,'1496168',1553,,1099,88,,,0
3019,'1496169',905,,1100,30,0,5,0
3019,'1496171',623,,1102,32,,,0
3019,'1496173',723,,1104,88,,,0
3019,'1496374',1623,,1105,88,,,0
3019,'1496375',835,,1106,30,0,5,0
3019,'1496376',1035,,1107,30,0,5,0
3019,'1496377',1753,,1108,88,,,0
3019,'1496378',2108,,1109,88,,,0
3019,'1496379',2105,,1110,30,0,5,0
3019,'1496380',923,,1111,88,,,0
3019,'1496381',753,,1112,88,,,0
3019,'1496382',1653,,1113,88,,,0
3019,'1496383',2205,,1114,30,0,5,0
3019,'1496384',1105,,1115,30,0,5,0
3019,'1496385',1223,,1116,88,,,0
3019,'1496386',1153,,1117,88,,,0
3019,'1496387',1635,,1118,30,0,5,0
3019,'1496388',823,,1119,88,,,0
3019,'1496389',2304,,1120,30,0,5,0
3019,'1496390',1435,,1121,30,0,5,0
3019,'1496391',1905,,1122,30,0,5,0
3019,'1496392',953,,1123,88,,,0
3019,'1496393',1205,,1124,30,0,5,0
3019,'1496394',735,,1125,30,0,5,0
3019,'1496395',2308,,1126,88,,,0
3019,'1496396',1423,,1127,88,,,0
3019,'1496397',2005,,1128,30,0,5,0
3019,'1496398',1353,,1129,88,,,0
3019,'1496399',705,,1130,30,0,5,0
3019,'1496400',1523,,1131,88,,,0
3019,'1496401',1735,,1132,30,0,5,0
3019,'1496402',1323,,1133,88,,,0
3019,'1496403',1305,,1134,30,0,5,0
3019,'1496404',2208,,1135,88,,,0
3019,'1496405',1805,,1136,30,0,5,0
3019,'1496406',1005,,1137,30,0,5,0
3019,'1496407',1235,,1138,30,0,5,0
3019,'1496408',1335,,1139,30,0,5,0
3019,'1496409',853,,1140,88,,,0
3019,'1496410',805,,1141,30,0,5,0
3019,'1496411',1823,,1142,88,,,0
3019,'1496412',1453,,1143,88,,,0
3019,'1496413',1053,,1144,88,,,0
3019,'1496414',935,,1145,30,0,5,0
3019,'1496415',1605,,1146,30,0,5,0
3019,'1496416',1405,,1147,30,0,5,0
3019,'1496417',1123,,1148,88,,,0
3019,'1496418',1705,,1149,30,0,5,0
3019,'1496419',1135,,1150,30,0,5,0
3019,'1496420',1505,,1151,30,0,5,0
3019,'1496422',1253,,1153,88,,,0
3019,'1496423',1723,,1154,88,,,0
3019,'1496424',1535,,1155,30,0,5,0
3019,'1496425',1023,,1156,88,,,0
3019,'1496426',1553,,1157,88,,,0
3019,'1496427',1908,,1158,88,,,0
3019,'1496428',905,,1159,30,0,5,0
3019,'1496431',623,,1162,32,,,0
3019,'1496432',2008,,1163,88,,,0
3019,'1496434',723,,1165,88,,,0
3019,'1496453',808,,1166,88,,,0
3019,'1496454',1705,,1167,30,0,5,0
3019,'1496455',1508,,1168,88,,,0
3019,'1496456',2205,,1169,30,0,5,0
3019,'1496457',908,,1170,88,,,0
3019,'1496458',1208,,1171,88,,,0
3019,'1496459',2308,,1172,88,,,0
3019,'1496460',1908,,1173,88,,,0
3019,'1496461',1905,,1174,30,0,5,0
3019,'1496462',1405,,1175,30,0,5,0
3019,'1496463',1408,,1176,88,,,0
3019,'1496464',2005,,1177,30,0,5,0
3019,'1496465',2008,,1178,88,,,0
3019,'1496466',2304,,1179,30,0,5,0
3019,'1496467',1708,,1180,88,,,0
3019,'1496468',1008,,1181,88,,,0
3019,'1496469',1308,,1182,88,,,0
3019,'1496470',1805,,1183,30,0,5,0
3019,'1496471',705,,1184,30,0,5,0
3019,'1496472',905,,1185,30,0,5,0
3019,'1496473',2208,,1186,88,,,0
3019,'1496474',1808,,1187,88,,,0
3019,'1496475',1108,,1188,88,,,0
3019,'1496476',1005,,1189,30,0,5,0
3019,'1496477',1305,,1190,30,0,5,0
3019,'1496478',1605,,1191,30,0,5,0
3019,'1496479',1608,,1192,88,,,0
3019,'1496480',1105,,1193,30,0,5,0
3019,'1496481',1505,,1194,30,0,5,0
3019,'1496482',2105,,1195,30,0,5,0
3019,'1496483',805,,1196,30,0,5,0
3019,'1496484',2108,,1197,88,,,0
3019,'1496485',1205,,1198,30,0,5,0
3019,'1496486',638,,1199,32,,,0
3019,'1496488',708,,1201,88,,,0
3019,'1496627',808,,1203,88,,,0
3019,'1496628',1705,,1204,30,0,5,0
3019,'1496629',1508,,1205,88,,,0
3019,'1496630',2205,,1206,30,0,5,0
3019,'1496631',908,,1207,88,,,0
3019,'1496632',1208,,1208,88,,,0
3019,'1496633',1908,,1209,88,,,0
3019,'1496634',1905,,1210,30,0,5,0
3019,'1496635',1405,,1211,30,0,5,0
3019,'1496636',1408,,1212,88,,,0
3019,'1496637',2005,,1213,30,0,5,0
3019,'1496638',2008,,1214,88,,,0
3019,'1496639',2304,,1215,30,0,5,0
3019,'1496640',1708,,1216,88,,,0
3019,'1496641',1008,,1217,88,,,0
3019,'1496642',1308,,1218,88,,,0
3019,'1496643',1805,,1219,30,0,5,0
3019,'1496644',905,,1220,30,0,5,0
3019,'1496645',2208,,1221,88,,,0
3019,'1496646',1808,,1222,88,,,0
3019,'1496647',1108,,1223,88,,,0
3019,'1496648',1005,,1224,30,0,5,0
3019,'1496649',1305,,1225,30,0,5,0
3019,'1496650',1605,,1226,30,0,5,0
3019,'1496651',1608,,1227,88,,,0
3019,'1496652',1105,,1228,30,0,5,0
3019,'1496653',1505,,1229,30,0,5,0
3019,'1496654',2105,,1230,30,0,5,0
3019,'1496655',805,,1231,30,0,5,0
3019,'1496656',2108,,1232,88,,,0
3019,'1496657',1205,,1233,30,0,5,0
3019,'1496658',738,,1234,32,,,0
