2029,'1497044',903,,973,25,,,0
2029,'1497045',1403,,974,25,,,0
2029,'1497046',1203,,975,25,,,0
2029,'1497047',1233,,976,25,,,0
2029,'1497048',1533,,977,25,,,0
2029,'1497049',933,,978,25,,,0
2029,'1497050',803,,979,25,,,0
2029,'1497051',1603,,980,25,,,0
2029,'1497052',1433,,981,25,,,0
2029,'1497053',1033,,982,25,,,0
2029,'1497054',703,,983,25,,,0
2029,'1497055',1303,,984,25,,,0
2029,'1497056',1633,,985,25,,,0
2029,'1497057',1503,,986,25,,,0
2029,'1497058',1333,,987,25,,,0
2029,'1497059',733,,988,25,,,0
2029,'1497060',1703,,989,25,,,0
2029,'1497061',1003,,990,25,,,0
2029,'1497062',833,,991,25,,,0
2029,'1497063',1133,,992,25,,,0
2029,'1497064',1103,,993,25,,,0
2029,'1497065',1733,,994,25,,,0
2029,'1497066',2003,,995,25,,,0
2029,'1497067',903,,996,25,,,0
2029,'1497068',1403,,997,25,,,0
2029,'1497069',1203,,998,25,,,0
2029,'1497070',1803,,999,25,,,0
2029,'1497071',1233,,1000,25,,,0
2029,'1497072',1533,,1001,25,,,0
2029,'1497073',933,,1002,25,,,0
2029,'1497074',2203,,1003,25,,,0
2029,'1497075',803,,1004,25,,,0
2029,'1497076',1603,,1005,25,,,0
2029,'1497077',1433,,1006,25,,,0
2029,'1497078',2259,,1007,25,,,0
2029,'1497079',1033,,1008,25,,,0
2029,'1497080',703,,1009,25,,,0
2029,'1497081',1303,,1010,25,,,0
2029,'1497082',1903,,1011,25,,,0
2029,'1497083',1633,,1012,25,,,0
2029,'1497084',1503,,1013,25,,,0
2029,'1497085',1333,,1014,25,,,0
2029,'1497086',733,,1015,25,,,0
2029,'1497087',1703,,1016,25,,,0
2029,'1497088',1003,,1017,25,,,0
2029,'1497089',833,,1018,25,,,0
2029,'1497090',2103,,1019,25,,,0
2029,'1497091',1133,,1020,25,,,0
2029,'1497092',1103,,1021,25,,,0
2029,'1497093',1733,,1022,25,,,0
2029,'1497094',1703,,1023,25,,,0
2029,'1497095',1103,,1024,25,,,0
2029,'1497096',2203,,1025,25,,,0
2029,'1497097',2259,,1026,25,,,0
2029,'1497098',1003,,1027,25,,,0
2029,'1497099',2003,,1028,25,,,0
2029,'1497100',903,,1029,25,,,0
2029,'1497101',1503,,1030,25,,,0
2029,'1497102',2103,,1031,25,,,0
2029,'1497103',1803,,1032,25,,,0
2029,'1497104',1203,,1033,25,,,0
2029,'1497105',1403,,1034,25,,,0
2029,'1497106',803,,1035,25,,,0
2029,'1497107',1303,,1036,25,,,0
2029,'1497108',1903,,1037,25,,,0
2029,'1497109',1603,,1038,25,,,0
2029,'1497110',703,,1039,25,,,0
2029,'1497111',1703,,1040,25,,,0
2029,'1497112',1103,,1041,25,,,0
2029,'1497113',2203,,1042,25,,,0
2029,'1497114',2259,,1043,25,,,0
2029,'1497115',1003,,1044,25,,,0
2029,'1497116',2003,,1045,25,,,0
2029,'1497117',903,,1046,25,,,0
2029,'1497118',1503,,1047,25,,,0
2029,'1497119',2103,,1048,25,,,0
2029,'1497120',1803,,1049,25,,,0
2029,'1497121',1203,,1050,25,,,0
2029,'1497122',1403,,1051,25,,,0
2029,'1497123',803,,1052,25,,,0
2029,'1497124',1303,,1053,25,,,0
2029,'1497125',1903,,1054,25,,,0
2029,'1497126',1603,,1055,25,,,0
