3019,'1496126',911,,1057,82,0,5,0
3019,'1496127',1111,,1058,82,0,5,0
3019,'1496132',1141,,1063,82,0,5,0
3019,'1496135',1711,,1066,82,0,5,0
3019,'1496137',1511,,1068,82,0,5,0
3019,'1496139',1241,,1070,82,0,5,0
3019,'1496140',811,,1071,82,0,5,0
3019,'1496143',741,,1074,82,0,5,0
3019,'1496145',1811,,1076,82,0,5,0
3019,'1496147',1341,,1078,82,0,5,0
3019,'1496148',1041,,1079,82,0,5,0
3019,'1496149',1311,,1080,82,0,5,0
3019,'1496150',1411,,1081,82,0,5,0
3019,'1496152',841,,1083,82,0,5,0
3019,'1496156',1011,,1087,82,0,5,0
3019,'1496157',1641,,1088,82,0,5,0
3019,'1496158',1441,,1089,82,0,5,0
3019,'1496160',1741,,1091,82,0,5,0
3019,'1496161',1211,,1092,82,0,5,0
3019,'1496162',1541,,1093,82,0,5,0
3019,'1496163',611,,1094,4,0,5,0
3019,'1496166',1611,,1097,82,0,5,0
3019,'1496169',941,,1100,82,0,5,0
3019,'1496172',641,,1103,51,0,5,0
3019,'1496375',911,,1106,82,0,5,0
3019,'1496376',1111,,1107,82,0,5,0
3019,'1496379',2141,,1110,82,0,5,0
3019,'1496383',2241,,1114,82,0,5,0
3019,'1496384',1141,,1115,82,0,5,0
3019,'1496387',1711,,1118,82,0,5,0
3019,'1496389',2334,,1120,82,0,5,0
3019,'1496390',1511,,1121,82,0,5,0
3019,'1496391',1941,,1122,82,0,5,0
3019,'1496393',1241,,1124,82,0,5,0
3019,'1496394',811,,1125,82,0,5,0
3019,'1496397',2041,,1128,82,0,5,0
3019,'1496399',741,,1130,82,0,5,0
3019,'1496401',1811,,1132,82,0,5,0
3019,'1496403',1341,,1134,82,0,5,0
3019,'1496405',1841,,1136,82,0,5,0
3019,'1496406',1041,,1137,82,0,5,0
3019,'1496407',1311,,1138,82,0,5,0
3019,'1496408',1411,,1139,82,0,5,0
3019,'1496410',841,,1141,82,0,5,0
3019,'1496414',1011,,1145,82,0,5,0
3019,'1496415',1641,,1146,82,0,5,0
3019,'1496416',1441,,1147,82,0,5,0
3019,'1496418',1741,,1149,82,0,5,0
3019,'1496419',1211,,1150,82,0,5,0
3019,'1496420',1541,,1151,82,0,5,0
3019,'1496421',611,,1152,4,0,5,0
3019,'1496424',1611,,1155,82,0,5,0
3019,'1496428',941,,1159,82,0,5,0
3019,'1496433',641,,1164,51,0,5,0
3019,'1496454',1741,,1167,82,0,5,0
3019,'1496456',2241,,1169,82,0,5,0
3019,'1496461',1941,,1174,82,0,5,0
3019,'1496462',1441,,1175,82,0,5,0
3019,'1496464',2041,,1177,82,0,5,0
3019,'1496466',2334,,1179,82,0,5,0
3019,'1496470',1841,,1183,82,0,5,0
3019,'1496471',741,,1184,82,0,5,0
3019,'1496472',941,,1185,82,0,5,0
3019,'1496476',1041,,1189,82,0,5,0
3019,'1496477',1341,,1190,82,0,5,0
3019,'1496478',1641,,1191,82,0,5,0
3019,'1496480',1141,,1193,82,0,5,0
3019,'1496481',1541,,1194,82,0,5,0
3019,'1496482',2141,,1195,82,0,5,0
3019,'1496483',841,,1196,82,0,5,0
3019,'1496485',1241,,1198,82,0,5,0
3019,'1496489',616,,1202,4,0,5,0
3019,'1496628',1741,,1204,82,0,5,0
3019,'1496630',2241,,1206,82,0,5,0
3019,'1496634',1941,,1210,82,0,5,0
3019,'1496635',1441,,1211,82,0,5,0
3019,'1496637',2041,,1213,82,0,5,0
3019,'1496639',2334,,1215,82,0,5,0
3019,'1496643',1841,,1219,82,0,5,0
3019,'1496644',941,,1220,82,0,5,0
3019,'1496648',1041,,1224,82,0,5,0
3019,'1496649',1341,,1225,82,0,5,0
3019,'1496650',1641,,1226,82,0,5,0
3019,'1496652',1141,,1228,82,0,5,0
3019,'1496653',1541,,1229,82,0,5,0
3019,'1496654',2141,,1230,82,0,5,0
3019,'1496655',841,,1231,82,0,5,0
3019,'1496657',1241,,1233,82,0,5,0
3019,'1496660',711,,1236,4,0,5,0
