2029,'1496221',615,,971,18,,,0
2029,'1496281',615,,972,18,,,0
2029,'1497044',916,,973,55,,,0
2029,'1497045',1416,,974,55,,,0
2029,'1497046',1216,,975,55,,,0
2029,'1497047',1246,,976,55,,,0
2029,'1497048',1546,,977,55,,,0
2029,'1497049',946,,978,55,,,0
2029,'1497050',816,,979,55,,,0
2029,'1497051',1616,,980,55,,,0
2029,'1497052',1446,,981,55,,,0
2029,'1497053',1046,,982,55,,,0
2029,'1497054',716,,983,55,,,0
2029,'1497055',1316,,984,55,,,0
2029,'1497056',1646,,985,55,,,0
2029,'1497057',1516,,986,55,,,0
2029,'1497058',1346,,987,55,,,0
2029,'1497059',746,,988,55,,,0
2029,'1497060',1716,,989,55,,,0
2029,'1497061',1016,,990,55,,,0
2029,'1497062',846,,991,55,,,0
2029,'1497063',1146,,992,55,,,0
2029,'1497064',1116,,993,55,,,0
2029,'1497065',1746,,994,55,,,0
2029,'1497066',2016,,995,55,,,0
2029,'1497067',916,,996,55,,,0
2029,'1497068',1416,,997,55,,,0
2029,'1497069',1216,,998,55,,,0
2029,'1497070',1816,,999,55,,,0
2029,'1497071',1246,,1000,55,,,0
2029,'1497072',1546,,1001,55,,,0
2029,'1497073',946,,1002,55,,,0
2029,'1497074',2216,,1003,55,,,0
2029,'1497075',816,,1004,55,,,0
2029,'1497076',1616,,1005,55,,,0
2029,'1497077',1446,,1006,55,,,0
2029,'1497078',2313,,1007,55,,,0
2029,'1497079',1046,,1008,55,,,0
2029,'1497080',716,,1009,55,,,0
2029,'1497081',1316,,1010,55,,,0
2029,'1497082',1916,,1011,55,,,0
2029,'1497083',1646,,1012,55,,,0
2029,'1497084',1516,,1013,55,,,0
2029,'1497085',1346,,1014,55,,,0
2029,'1497086',746,,1015,55,,,0
2029,'1497087',1716,,1016,55,,,0
2029,'1497088',1016,,1017,55,,,0
2029,'1497089',846,,1018,55,,,0
2029,'1497090',2116,,1019,55,,,0
2029,'1497091',1146,,1020,55,,,0
2029,'1497092',1116,,1021,55,,,0
2029,'1497093',1746,,1022,55,,,0
2029,'1497094',1716,,1023,55,,,0
2029,'1497095',1116,,1024,55,,,0
2029,'1497096',2216,,1025,55,,,0
2029,'1497097',2313,,1026,55,,,0
2029,'1497098',1016,,1027,55,,,0
2029,'1497099',2016,,1028,55,,,0
2029,'1497100',916,,1029,55,,,0
2029,'1497101',1516,,1030,55,,,0
2029,'1497102',2116,,1031,55,,,0
2029,'1497103',1816,,1032,55,,,0
2029,'1497104',1216,,1033,55,,,0
2029,'1497105',1416,,1034,55,,,0
2029,'1497106',816,,1035,55,,,0
2029,'1497107',1316,,1036,55,,,0
2029,'1497108',1916,,1037,55,,,0
2029,'1497109',1616,,1038,55,,,0
2029,'1497110',716,,1039,55,,,0
2029,'1497111',1716,,1040,55,,,0
2029,'1497112',1116,,1041,55,,,0
2029,'1497113',2216,,1042,55,,,0
2029,'1497114',2313,,1043,55,,,0
2029,'1497115',1016,,1044,55,,,0
2029,'1497116',2016,,1045,55,,,0
2029,'1497117',916,,1046,55,,,0
2029,'1497118',1516,,1047,55,,,0
2029,'1497119',2116,,1048,55,,,0
2029,'1497120',1816,,1049,55,,,0
2029,'1497121',1216,,1050,55,,,0
2029,'1497122',1416,,1051,55,,,0
2029,'1497123',816,,1052,55,,,0
2029,'1497124',1316,,1053,55,,,0
2029,'1497125',1916,,1054,55,,,0
2029,'1497126',1616,,1055,55,,,0
