3019,'1496125',1619,,1056,83,,,0
3019,'1496128',1749,,1059,83,,,0
3019,'1496129',919,,1060,83,,,0
3019,'1496130',749,,1061,83,,,0
3019,'1496131',1649,,1062,83,,,0
3019,'1496133',1219,,1064,83,,,0
3019,'1496134',1149,,1065,83,,,0
3019,'1496136',819,,1067,83,,,0
3019,'1496138',949,,1069,83,,,0
3019,'1496141',1419,,1072,83,,,0
3019,'1496142',1349,,1073,83,,,0
3019,'1496144',1519,,1075,83,,,0
3019,'1496146',1319,,1077,83,,,0
3019,'1496151',849,,1082,83,,,0
3019,'1496153',1819,,1084,83,,,0
3019,'1496154',1449,,1085,83,,,0
3019,'1496155',1049,,1086,83,,,0
3019,'1496159',1119,,1090,83,,,0
3019,'1496164',1249,,1095,83,,,0
3019,'1496165',1719,,1096,83,,,0
3019,'1496167',1019,,1098,83,,,0
3019,'1496168',1549,,1099,83,,,0
3019,'1496171',619,,1102,27,,,0
3019,'1496173',719,,1104,83,,,0
3019,'1496374',1619,,1105,83,,,0
3019,'1496377',1749,,1108,83,,,0
3019,'1496378',2104,,1109,83,,,0
3019,'1496380',919,,1111,83,,,0
3019,'1496381',749,,1112,83,,,0
3019,'1496382',1649,,1113,83,,,0
3019,'1496385',1219,,1116,83,,,0
3019,'1496386',1149,,1117,83,,,0
3019,'1496388',819,,1119,83,,,0
3019,'1496392',949,,1123,83,,,0
3019,'1496395',2304,,1126,83,,,0
3019,'1496396',1419,,1127,83,,,0
3019,'1496398',1349,,1129,83,,,0
3019,'1496400',1519,,1131,83,,,0
3019,'1496402',1319,,1133,83,,,0
3019,'1496404',2204,,1135,83,,,0
3019,'1496409',849,,1140,83,,,0
3019,'1496411',1819,,1142,83,,,0
3019,'1496412',1449,,1143,83,,,0
3019,'1496413',1049,,1144,83,,,0
3019,'1496417',1119,,1148,83,,,0
3019,'1496422',1249,,1153,83,,,0
3019,'1496423',1719,,1154,83,,,0
3019,'1496425',1019,,1156,83,,,0
3019,'1496426',1549,,1157,83,,,0
3019,'1496427',1904,,1158,83,,,0
3019,'1496431',619,,1162,27,,,0
3019,'1496432',2004,,1163,83,,,0
3019,'1496434',719,,1165,83,,,0
3019,'1496453',804,,1166,83,,,0
3019,'1496455',1504,,1168,83,,,0
3019,'1496457',904,,1170,83,,,0
3019,'1496458',1204,,1171,83,,,0
3019,'1496459',2304,,1172,83,,,0
3019,'1496460',1904,,1173,83,,,0
3019,'1496463',1404,,1176,83,,,0
3019,'1496465',2004,,1178,83,,,0
3019,'1496467',1704,,1180,83,,,0
3019,'1496468',1004,,1181,83,,,0
3019,'1496469',1304,,1182,83,,,0
3019,'1496473',2204,,1186,83,,,0
3019,'1496474',1804,,1187,83,,,0
3019,'1496475',1104,,1188,83,,,0
3019,'1496479',1604,,1192,83,,,0
3019,'1496484',2104,,1197,83,,,0
3019,'1496486',634,,1199,27,,,0
3019,'1496488',704,,1201,83,,,0
3019,'1496627',804,,1203,83,,,0
3019,'1496629',1504,,1205,83,,,0
3019,'1496631',904,,1207,83,,,0
3019,'1496632',1204,,1208,83,,,0
3019,'1496633',1904,,1209,83,,,0
3019,'1496636',1404,,1212,83,,,0
3019,'1496638',2004,,1214,83,,,0
3019,'1496640',1704,,1216,83,,,0
3019,'1496641',1004,,1217,83,,,0
3019,'1496642',1304,,1218,83,,,0
3019,'1496645',2204,,1221,83,,,0
3019,'1496646',1804,,1222,83,,,0
3019,'1496647',1104,,1223,83,,,0
3019,'1496651',1604,,1227,83,,,0
3019,'1496656',2104,,1232,83,,,0
3019,'1496658',734,,1234,27,,,0
