8019,'1496053',1730,,1304,1,,,0,95,,1304,21,4,,0
8019,'1496054',1030,,1305,1,,,0,95,,1305,21,4,,0
8019,'1496055',1330,,1306,1,,,0,95,,1306,21,4,,0
8019,'1496056',930,,1307,1,,,0,95,,1307,21,4,,0
8019,'1496057',1430,,1308,1,,,0,95,,1308,21,4,,0
8019,'1496058',730,,1309,1,,,0,95,,1309,21,4,,0
8019,'1496059',1630,,1310,1,,,0,95,,1310,21,4,,0
8019,'1496060',830,,1311,1,,,0,95,,1311,21,4,,0
8019,'1496061',630,,1312,1,,,0,95,,1312,21,4,,0
8019,'1496062',1530,,1313,1,,,0,95,,1313,21,4,,0
8019,'1496063',1230,,1314,1,,,0,95,,1314,21,4,,0
8019,'1496064',1130,,1315,1,,,0,95,,1315,21,4,,0
8019,'1496282',1730,,1316,1,,,0,95,,1316,21,4,,0
8019,'1496283',1030,,1317,1,,,0,95,,1317,21,4,,0
8019,'1496284',1330,,1318,1,,,0,95,,1318,21,4,,0
8019,'1496285',930,,1319,1,,,0,95,,1319,21,4,,0
8019,'1496286',1430,,1320,1,,,0,95,,1320,21,4,,0
8019,'1496287',730,,1321,1,,,0,95,,1321,21,4,,0
8019,'1496288',1630,,1322,1,,,0,95,,1322,21,4,,0
8019,'1496289',830,,1323,1,,,0,95,,1323,21,4,,0
8019,'1496290',630,,1324,1,,,0,95,,1324,21,4,,0
8019,'1496291',1530,,1325,1,,,0,95,,1325,21,4,,0
8019,'1496292',1230,,1326,1,,,0,95,,1326,21,4,,0
8019,'1496293',1130,,1327,1,,,0,95,,1327,21,4,,0
