4019,'1496112',655,,1237,37,,,0
4019,'1496113',1055,,1238,37,,,0
4019,'1496114',855,,1239,37,,,0
4019,'1496115',1655,,1240,37,,,0
4019,'1496116',955,,1241,37,,,0
4019,'1496117',1155,,1242,37,,,0
4019,'1496118',755,,1243,37,,,0
4019,'1496119',1555,,1244,37,,,0
4019,'1496120',1755,,1245,37,,,0
4019,'1496121',1355,,1246,37,,,0
4019,'1496122',1455,,1247,37,,,0
4019,'1496123',1255,,1248,37,,,0
4019,'1496124',556,,1249,3,,,0
4019,'1496355',655,,1250,37,,,0
4019,'1496356',2336,,1251,37,,,0
4019,'1496357',1055,,1252,37,,,0
4019,'1496358',855,,1253,37,,,0
4019,'1496359',2040,,1254,37,,,0
4019,'1496360',1655,,1255,37,,,0
4019,'1496361',1855,,1256,37,,,0
4019,'1496362',2140,,1257,37,,,0
4019,'1496363',955,,1258,37,,,0
4019,'1496364',1155,,1259,37,,,0
4019,'1496365',1940,,1260,37,,,0
4019,'1496366',755,,1261,37,,,0
4019,'1496367',1555,,1262,37,,,0
4019,'1496368',1755,,1263,37,,,0
4019,'1496369',1355,,1264,37,,,0
4019,'1496370',1455,,1265,37,,,0
4019,'1496371',2240,,1266,37,,,0
4019,'1496372',1255,,1267,37,,,0
4019,'1496373',556,,1268,3,,,0
4019,'1496435',840,,1269,37,,,0
4019,'1496436',740,,1270,37,,,0
4019,'1496437',1640,,1271,37,,,0
4019,'1496438',2240,,1272,37,,,0
4019,'1496439',1740,,1273,37,,,0
4019,'1496440',1440,,1274,37,,,0
4019,'1496441',2140,,1275,37,,,0
4019,'1496442',1040,,1276,37,,,0
4019,'1496443',1940,,1277,37,,,0
4019,'1496444',1540,,1278,37,,,0
4019,'1496445',940,,1279,37,,,0
4019,'1496446',1840,,1280,37,,,0
4019,'1496447',1340,,1281,37,,,0
4019,'1496448',640,,1282,37,,,0
4019,'1496449',2040,,1283,37,,,0
4019,'1496450',1140,,1284,37,,,0
4019,'1496451',1240,,1285,37,,,0
4019,'1496452',2336,,1286,37,,,0
4019,'1496661',840,,1287,37,,,0
4019,'1496662',740,,1288,37,,,0
4019,'1496663',1640,,1289,37,,,0
4019,'1496664',2240,,1290,37,,,0
4019,'1496665',1740,,1291,37,,,0
4019,'1496666',1440,,1292,37,,,0
4019,'1496667',2140,,1293,37,,,0
4019,'1496668',1040,,1294,37,,,0
4019,'1496669',1940,,1295,37,,,0
4019,'1496670',1540,,1296,37,,,0
4019,'1496671',940,,1297,37,,,0
4019,'1496672',1840,,1298,37,,,0
4019,'1496673',1340,,1299,37,,,0
4019,'1496674',2040,,1300,37,,,0
4019,'1496675',1140,,1301,37,,,0
4019,'1496676',1240,,1302,37,,,0
4019,'1496677',2336,,1303,37,,,0
