1029,'1496065',1444,,792,43,,,0
1029,'1496066',1544,,793,43,,,0
1029,'1496068',1644,,794,43,,,0
1029,'1496070',744,,795,43,,,0
1029,'1496073',1044,,796,43,,,0
1029,'1496077',914,,797,43,,,0
1029,'1496078',1714,,798,43,,,0
1029,'1496079',1614,,799,43,,,0
1029,'1496081',1214,,800,43,,,0
1029,'1496082',1244,,801,43,,,0
1029,'1496083',1414,,802,43,,,0
1029,'1496084',1014,,803,43,,,0
1029,'1496086',714,,804,43,,,0
1029,'1496088',1744,,805,43,,,0
1029,'1496092',1344,,806,43,,,0
1029,'1496094',944,,807,43,,,0
1029,'1496096',1144,,808,43,,,0
1029,'1496098',844,,809,43,,,0
1029,'1496101',814,,810,43,,,0
1029,'1496105',1514,,811,43,,,0
1029,'1496106',1314,,812,43,,,0
1029,'1496108',1114,,813,43,,,0
1029,'1496294',1444,,815,43,,,0
1029,'1496295',1544,,816,43,,,0
1029,'1496297',1644,,817,43,,,0
1029,'1496299',744,,818,43,,,0
1029,'1496300',2114,,819,43,,,0
1029,'1496304',1044,,820,43,,,0
1029,'1496309',2014,,821,43,,,0
1029,'1496310',914,,822,43,,,0
1029,'1496311',1714,,823,43,,,0
1029,'1496312',1614,,824,43,,,0
1029,'1496316',1814,,825,43,,,0
1029,'1496317',1214,,826,43,,,0
1029,'1496318',1244,,827,43,,,0
1029,'1496319',1414,,828,43,,,0
1029,'1496320',1014,,829,43,,,0
1029,'1496322',714,,830,43,,,0
1029,'1496324',1844,,831,43,,,0
1029,'1496325',1744,,832,43,,,0
1029,'1496329',1344,,833,43,,,0
1029,'1496332',944,,834,43,,,0
1029,'1496333',2214,,835,43,,,0
1029,'1496335',1144,,836,43,,,0
1029,'1496337',2314,,837,43,,,0
1029,'1496339',844,,838,43,,,0
1029,'1496342',814,,839,43,,,0
1029,'1496346',1514,,840,43,,,0
1029,'1496347',1314,,841,43,,,0
1029,'1496349',1114,,842,43,,,0
1029,'1496354',1914,,844,43,,,0
1029,'1496527',1914,,845,43,,,0
1029,'1496528',2114,,846,43,,,0
1029,'1496533',1814,,847,43,,,0
1029,'1496534',2214,,848,43,,,0
1029,'1496535',1314,,849,43,,,0
1029,'1496537',1114,,850,43,,,0
1029,'1496539',1014,,851,43,,,0
1029,'1496540',2014,,852,43,,,0
1029,'1496542',714,,853,43,,,0
1029,'1496544',2314,,854,43,,,0
1029,'1496545',1514,,855,43,,,0
1029,'1496547',1614,,856,43,,,0
1029,'1496550',814,,857,43,,,0
1029,'1496551',1214,,858,43,,,0
1029,'1496552',914,,859,43,,,0
1029,'1496555',1714,,860,43,,,0
1029,'1496556',1414,,861,43,,,0
1029,'1496562',1914,,862,43,,,0
1029,'1496563',2114,,863,43,,,0
1029,'1496567',1814,,864,43,,,0
1029,'1496568',2214,,865,43,,,0
1029,'1496569',1314,,866,43,,,0
1029,'1496571',1114,,867,43,,,0
1029,'1496573',1014,,868,43,,,0
1029,'1496574',2014,,869,43,,,0
1029,'1496577',2314,,870,43,,,0
1029,'1496578',1514,,871,43,,,0
1029,'1496580',1614,,872,43,,,0
1029,'1496583',814,,873,43,,,0
1029,'1496584',1214,,874,43,,,0
1029,'1496585',914,,875,43,,,0
1029,'1496588',1714,,876,43,,,0
1029,'1496589',1414,,877,43,,,0
4019,'1496112',719,,1237,72,,,0
4019,'1496113',1119,,1238,72,,,0
4019,'1496114',919,,1239,72,,,0
4019,'1496115',1719,,1240,72,,,0
4019,'1496116',1019,,1241,72,,,0
4019,'1496117',1219,,1242,72,,,0
4019,'1496118',819,,1243,72,,,0
4019,'1496119',1619,,1244,72,,,0
4019,'1496120',1819,,1245,72,,,0
4019,'1496121',1419,,1246,72,,,0
4019,'1496122',1519,,1247,72,,,0
4019,'1496123',1319,,1248,72,,,0
4019,'1496124',619,,1249,38,,,0
4019,'1496355',719,,1250,72,,,0
4019,'1496356',2354,,1251,72,,,0
4019,'1496357',1119,,1252,72,,,0
4019,'1496358',919,,1253,72,,,0
4019,'1496359',2104,,1254,72,,,0
4019,'1496360',1719,,1255,72,,,0
4019,'1496361',1919,,1256,72,,,0
4019,'1496362',2204,,1257,72,,,0
4019,'1496363',1019,,1258,72,,,0
4019,'1496364',1219,,1259,72,,,0
4019,'1496365',2004,,1260,72,,,0
4019,'1496366',819,,1261,72,,,0
4019,'1496367',1619,,1262,72,,,0
4019,'1496368',1819,,1263,72,,,0
4019,'1496369',1419,,1264,72,,,0
4019,'1496370',1519,,1265,72,,,0
4019,'1496371',2304,,1266,72,,,0
4019,'1496372',1319,,1267,72,,,0
4019,'1496373',619,,1268,38,,,0
4019,'1496435',904,,1269,72,,,0
4019,'1496436',804,,1270,72,,,0
4019,'1496437',1704,,1271,72,,,0
4019,'1496438',2304,,1272,72,,,0
4019,'1496439',1804,,1273,72,,,0
4019,'1496440',1504,,1274,72,,,0
4019,'1496441',2204,,1275,72,,,0
4019,'1496442',1104,,1276,72,,,0
4019,'1496443',2004,,1277,72,,,0
4019,'1496444',1604,,1278,72,,,0
4019,'1496445',1004,,1279,72,,,0
4019,'1496446',1904,,1280,72,,,0
4019,'1496447',1404,,1281,72,,,0
4019,'1496448',704,,1282,72,,,0
4019,'1496449',2104,,1283,72,,,0
4019,'1496450',1204,,1284,72,,,0
4019,'1496451',1304,,1285,72,,,0
4019,'1496452',2354,,1286,72,,,0
4019,'1496661',904,,1287,72,,,0
4019,'1496662',804,,1288,72,,,0
4019,'1496663',1704,,1289,72,,,0
4019,'1496664',2304,,1290,72,,,0
4019,'1496665',1804,,1291,72,,,0
4019,'1496666',1504,,1292,72,,,0
4019,'1496667',2204,,1293,72,,,0
4019,'1496668',1104,,1294,72,,,0
4019,'1496669',2004,,1295,72,,,0
4019,'1496670',1604,,1296,72,,,0
4019,'1496671',1004,,1297,72,,,0
4019,'1496672',1904,,1298,72,,,0
4019,'1496673',1404,,1299,72,,,0
4019,'1496674',2104,,1300,72,,,0
4019,'1496675',1204,,1301,72,,,0
4019,'1496676',1304,,1302,72,,,0
4019,'1496677',2354,,1303,72,,,0
