2029,'1488850',623,,970,13,,,0
2029,'1496221',652,,971,73,,,0
2029,'1496281',652,,972,73,,,0
2029,'1497044',953,,973,110,,,0
2029,'1497045',1453,,974,110,,,0
2029,'1497046',1253,,975,110,,,0
2029,'1497047',1323,,976,110,,,0
2029,'1497048',1623,,977,110,,,0
2029,'1497049',1023,,978,110,,,0
2029,'1497050',853,,979,110,,,0
2029,'1497051',1653,,980,110,,,0
2029,'1497052',1523,,981,110,,,0
2029,'1497053',1123,,982,110,,,0
2029,'1497054',753,,983,110,,,0
2029,'1497055',1353,,984,110,,,0
2029,'1497056',1723,,985,110,,,0
2029,'1497057',1553,,986,110,,,0
2029,'1497058',1423,,987,110,,,0
2029,'1497059',823,,988,110,,,0
2029,'1497060',1753,,989,110,,,0
2029,'1497061',1053,,990,110,,,0
2029,'1497062',923,,991,110,,,0
2029,'1497063',1223,,992,110,,,0
2029,'1497064',1153,,993,110,,,0
2029,'1497065',1823,,994,110,,,0
2029,'1497066',2053,,995,110,,,0
2029,'1497067',953,,996,110,,,0
2029,'1497068',1453,,997,110,,,0
2029,'1497069',1253,,998,110,,,0
2029,'1497070',1853,,999,110,,,0
2029,'1497071',1323,,1000,110,,,0
2029,'1497072',1623,,1001,110,,,0
2029,'1497073',1023,,1002,110,,,0
2029,'1497074',2253,,1003,110,,,0
2029,'1497075',853,,1004,110,,,0
2029,'1497076',1653,,1005,110,,,0
2029,'1497077',1523,,1006,110,,,0
2029,'1497078',2347,,1007,110,,,0
2029,'1497079',1123,,1008,110,,,0
2029,'1497080',753,,1009,110,,,0
2029,'1497081',1353,,1010,110,,,0
2029,'1497082',1953,,1011,110,,,0
2029,'1497083',1723,,1012,110,,,0
2029,'1497084',1553,,1013,110,,,0
2029,'1497085',1423,,1014,110,,,0
2029,'1497086',823,,1015,110,,,0
2029,'1497087',1753,,1016,110,,,0
2029,'1497088',1053,,1017,110,,,0
2029,'1497089',923,,1018,110,,,0
2029,'1497090',2153,,1019,110,,,0
2029,'1497091',1223,,1020,110,,,0
2029,'1497092',1153,,1021,110,,,0
2029,'1497093',1823,,1022,110,,,0
2029,'1497094',1753,,1023,110,,,0
2029,'1497095',1153,,1024,110,,,0
2029,'1497096',2253,,1025,110,,,0
2029,'1497097',2347,,1026,110,,,0
2029,'1497098',1053,,1027,110,,,0
2029,'1497099',2053,,1028,110,,,0
2029,'1497100',953,,1029,110,,,0
2029,'1497101',1553,,1030,110,,,0
2029,'1497102',2153,,1031,110,,,0
2029,'1497103',1853,,1032,110,,,0
2029,'1497104',1253,,1033,110,,,0
2029,'1497105',1453,,1034,110,,,0
2029,'1497106',853,,1035,110,,,0
2029,'1497107',1353,,1036,110,,,0
2029,'1497108',1953,,1037,110,,,0
2029,'1497109',1653,,1038,110,,,0
2029,'1497110',753,,1039,110,,,0
2029,'1497111',1753,,1040,110,,,0
2029,'1497112',1153,,1041,110,,,0
2029,'1497113',2253,,1042,110,,,0
2029,'1497114',2347,,1043,110,,,0
2029,'1497115',1053,,1044,110,,,0
2029,'1497116',2053,,1045,110,,,0
2029,'1497117',953,,1046,110,,,0
2029,'1497118',1553,,1047,110,,,0
2029,'1497119',2153,,1048,110,,,0
2029,'1497120',1853,,1049,110,,,0
2029,'1497121',1253,,1050,110,,,0
2029,'1497122',1453,,1051,110,,,0
2029,'1497123',853,,1052,110,,,0
2029,'1497124',1353,,1053,110,,,0
2029,'1497125',1953,,1054,110,,,0
2029,'1497126',1653,,1055,110,,,0
3019,'1496126',858,,1057,59,0,5,0
3019,'1496127',1058,,1058,59,0,5,0
3019,'1496132',1128,,1063,59,0,5,0
3019,'1496135',1658,,1066,59,0,5,0
3019,'1496137',1458,,1068,59,0,5,0
3019,'1496139',1228,,1070,59,0,5,0
3019,'1496140',758,,1071,59,0,5,0
3019,'1496143',728,,1074,59,0,5,0
3019,'1496145',1758,,1076,59,0,5,0
3019,'1496147',1328,,1078,59,0,5,0
3019,'1496148',1028,,1079,59,0,5,0
3019,'1496149',1258,,1080,59,0,5,0
3019,'1496150',1358,,1081,59,0,5,0
3019,'1496152',828,,1083,59,0,5,0
3019,'1496156',958,,1087,59,0,5,0
3019,'1496157',1628,,1088,59,0,5,0
3019,'1496158',1428,,1089,59,0,5,0
3019,'1496160',1728,,1091,59,0,5,0
3019,'1496161',1158,,1092,59,0,5,0
3019,'1496162',1528,,1093,59,0,5,0
3019,'1496166',1558,,1097,59,0,5,0
3019,'1496169',928,,1100,59,0,5,0
3019,'1496172',628,,1103,28,0,5,0
3019,'1496375',858,,1106,59,0,5,0
3019,'1496376',1058,,1107,59,0,5,0
3019,'1496379',2128,,1110,59,0,5,0
3019,'1496383',2228,,1114,59,0,5,0
3019,'1496384',1128,,1115,59,0,5,0
3019,'1496387',1658,,1118,59,0,5,0
3019,'1496389',2322,,1120,59,0,5,0
3019,'1496390',1458,,1121,59,0,5,0
3019,'1496391',1928,,1122,59,0,5,0
3019,'1496393',1228,,1124,59,0,5,0
3019,'1496394',758,,1125,59,0,5,0
3019,'1496397',2028,,1128,59,0,5,0
3019,'1496399',728,,1130,59,0,5,0
3019,'1496401',1758,,1132,59,0,5,0
3019,'1496403',1328,,1134,59,0,5,0
3019,'1496405',1828,,1136,59,0,5,0
3019,'1496406',1028,,1137,59,0,5,0
3019,'1496407',1258,,1138,59,0,5,0
3019,'1496408',1358,,1139,59,0,5,0
3019,'1496410',828,,1141,59,0,5,0
3019,'1496414',958,,1145,59,0,5,0
3019,'1496415',1628,,1146,59,0,5,0
3019,'1496416',1428,,1147,59,0,5,0
3019,'1496418',1728,,1149,59,0,5,0
3019,'1496419',1158,,1150,59,0,5,0
3019,'1496420',1528,,1151,59,0,5,0
3019,'1496424',1558,,1155,59,0,5,0
3019,'1496428',928,,1159,59,0,5,0
3019,'1496433',628,,1164,28,0,5,0
3019,'1496454',1728,,1167,59,0,5,0
3019,'1496456',2228,,1169,59,0,5,0
3019,'1496461',1928,,1174,59,0,5,0
3019,'1496462',1428,,1175,59,0,5,0
3019,'1496464',2028,,1177,59,0,5,0
3019,'1496466',2323,,1179,59,0,5,0
3019,'1496470',1828,,1183,59,0,5,0
3019,'1496471',728,,1184,59,0,5,0
3019,'1496472',928,,1185,59,0,5,0
3019,'1496476',1028,,1189,59,0,5,0
3019,'1496477',1328,,1190,59,0,5,0
3019,'1496478',1628,,1191,59,0,5,0
3019,'1496480',1128,,1193,59,0,5,0
3019,'1496481',1528,,1194,59,0,5,0
3019,'1496482',2128,,1195,59,0,5,0
3019,'1496483',828,,1196,59,0,5,0
3019,'1496485',1228,,1198,59,0,5,0
3019,'1496628',1728,,1204,59,0,5,0
3019,'1496630',2228,,1206,59,0,5,0
3019,'1496634',1928,,1210,59,0,5,0
3019,'1496635',1428,,1211,59,0,5,0
3019,'1496637',2028,,1213,59,0,5,0
3019,'1496639',2323,,1215,59,0,5,0
3019,'1496643',1828,,1219,59,0,5,0
3019,'1496644',928,,1220,59,0,5,0
3019,'1496648',1028,,1224,59,0,5,0
3019,'1496649',1328,,1225,59,0,5,0
3019,'1496650',1628,,1226,59,0,5,0
3019,'1496652',1128,,1228,59,0,5,0
3019,'1496653',1528,,1229,59,0,5,0
3019,'1496654',2128,,1230,59,0,5,0
3019,'1496655',828,,1231,59,0,5,0
3019,'1496657',1228,,1233,59,0,5,0
