3019,'1496126',910,,1057,81,0,5,0
3019,'1496127',1110,,1058,81,0,5,0
3019,'1496132',1140,,1063,81,0,5,0
3019,'1496135',1710,,1066,81,0,5,0
3019,'1496137',1510,,1068,81,0,5,0
3019,'1496139',1240,,1070,81,0,5,0
3019,'1496140',810,,1071,81,0,5,0
3019,'1496143',740,,1074,81,0,5,0
3019,'1496145',1810,,1076,81,0,5,0
3019,'1496147',1340,,1078,81,0,5,0
3019,'1496148',1040,,1079,81,0,5,0
3019,'1496149',1310,,1080,81,0,5,0
3019,'1496150',1410,,1081,81,0,5,0
3019,'1496152',840,,1083,81,0,5,0
3019,'1496156',1010,,1087,81,0,5,0
3019,'1496157',1640,,1088,81,0,5,0
3019,'1496158',1440,,1089,81,0,5,0
3019,'1496160',1740,,1091,81,0,5,0
3019,'1496161',1210,,1092,81,0,5,0
3019,'1496162',1540,,1093,81,0,5,0
3019,'1496163',610,,1094,3,0,5,0
3019,'1496166',1610,,1097,81,0,5,0
3019,'1496169',940,,1100,81,0,5,0
3019,'1496172',640,,1103,50,0,5,0
3019,'1496375',910,,1106,81,0,5,0
3019,'1496376',1110,,1107,81,0,5,0
3019,'1496379',2140,,1110,81,0,5,0
3019,'1496383',2240,,1114,81,0,5,0
3019,'1496384',1140,,1115,81,0,5,0
3019,'1496387',1710,,1118,81,0,5,0
3019,'1496389',2333,,1120,81,0,5,0
3019,'1496390',1510,,1121,81,0,5,0
3019,'1496391',1940,,1122,81,0,5,0
3019,'1496393',1240,,1124,81,0,5,0
3019,'1496394',810,,1125,81,0,5,0
3019,'1496397',2040,,1128,81,0,5,0
3019,'1496399',740,,1130,81,0,5,0
3019,'1496401',1810,,1132,81,0,5,0
3019,'1496403',1340,,1134,81,0,5,0
3019,'1496405',1840,,1136,81,0,5,0
3019,'1496406',1040,,1137,81,0,5,0
3019,'1496407',1310,,1138,81,0,5,0
3019,'1496408',1410,,1139,81,0,5,0
3019,'1496410',840,,1141,81,0,5,0
3019,'1496414',1010,,1145,81,0,5,0
3019,'1496415',1640,,1146,81,0,5,0
3019,'1496416',1440,,1147,81,0,5,0
3019,'1496418',1740,,1149,81,0,5,0
3019,'1496419',1210,,1150,81,0,5,0
3019,'1496420',1540,,1151,81,0,5,0
3019,'1496421',610,,1152,3,0,5,0
3019,'1496424',1610,,1155,81,0,5,0
3019,'1496428',940,,1159,81,0,5,0
3019,'1496433',640,,1164,50,0,5,0
3019,'1496454',1740,,1167,81,0,5,0
3019,'1496456',2240,,1169,81,0,5,0
3019,'1496461',1940,,1174,81,0,5,0
3019,'1496462',1440,,1175,81,0,5,0
3019,'1496464',2040,,1177,81,0,5,0
3019,'1496466',2333,,1179,81,0,5,0
3019,'1496470',1840,,1183,81,0,5,0
3019,'1496471',740,,1184,81,0,5,0
3019,'1496472',940,,1185,81,0,5,0
3019,'1496476',1040,,1189,81,0,5,0
3019,'1496477',1340,,1190,81,0,5,0
3019,'1496478',1640,,1191,81,0,5,0
3019,'1496480',1140,,1193,81,0,5,0
3019,'1496481',1540,,1194,81,0,5,0
3019,'1496482',2140,,1195,81,0,5,0
3019,'1496483',840,,1196,81,0,5,0
3019,'1496485',1240,,1198,81,0,5,0
3019,'1496489',616,,1202,3,0,5,0
3019,'1496628',1740,,1204,81,0,5,0
3019,'1496630',2240,,1206,81,0,5,0
3019,'1496634',1940,,1210,81,0,5,0
3019,'1496635',1440,,1211,81,0,5,0
3019,'1496637',2040,,1213,81,0,5,0
3019,'1496639',2333,,1215,81,0,5,0
3019,'1496643',1840,,1219,81,0,5,0
3019,'1496644',940,,1220,81,0,5,0
3019,'1496648',1040,,1224,81,0,5,0
3019,'1496649',1340,,1225,81,0,5,0
3019,'1496650',1640,,1226,81,0,5,0
3019,'1496652',1140,,1228,81,0,5,0
3019,'1496653',1540,,1229,81,0,5,0
3019,'1496654',2140,,1230,81,0,5,0
3019,'1496655',840,,1231,81,0,5,0
3019,'1496657',1240,,1233,81,0,5,0
3019,'1496660',710,,1236,3,0,5,0
