2019,'1496174',1240,,878,55,,,0
2019,'1496175',1410,,879,55,,,0
2019,'1496179',1340,,880,55,,,0
2019,'1496181',1510,,881,55,,,0
2019,'1496183',1010,,882,55,,,0
2019,'1496184',1540,,883,55,,,0
2019,'1496185',940,,884,55,,,0
2019,'1496187',1140,,885,55,,,0
2019,'1496188',910,,886,55,,,0
2019,'1496189',840,,887,55,,,0
2019,'1496191',1040,,888,55,,,0
2019,'1496194',1610,,889,55,,,0
2019,'1496198',740,,890,55,,,0
2019,'1496200',1740,,891,55,,,0
2019,'1496204',1440,,892,55,,,0
2019,'1496206',1110,,893,55,,,0
2019,'1496208',1210,,894,55,,,0
2019,'1496209',1640,,895,55,,,0
2019,'1496210',1810,,896,55,,,0
2019,'1496211',1710,,897,55,,,0
2019,'1496215',810,,898,55,,,0
2019,'1496216',1310,,899,55,,,0
2019,'1496218',710,,900,55,,,0
2019,'1496220',610,,902,23,,,0
2019,'1496223',2255,,903,55,,,0
2019,'1496224',1240,,904,55,,,0
2019,'1496225',1410,,905,55,,,0
2019,'1496227',2155,,906,55,,,0
2019,'1496228',1855,,907,55,,,0
2019,'1496232',1340,,908,55,,,0
2019,'1496234',1510,,909,55,,,0
2019,'1496236',1010,,910,55,,,0
2019,'1496237',1540,,911,55,,,0
2019,'1496238',940,,912,55,,,0
2019,'1496240',1140,,913,55,,,0
2019,'1496242',910,,914,55,,,0
2019,'1496243',840,,915,55,,,0
2019,'1496245',1040,,916,55,,,0
2019,'1496248',1610,,917,55,,,0
2019,'1496253',2055,,918,55,,,0
2019,'1496255',740,,919,55,,,0
2019,'1496257',1740,,920,55,,,0
2019,'1496258',2353,,921,55,,,0
2019,'1496262',1440,,922,55,,,0
2019,'1496264',1110,,923,55,,,0
2019,'1496266',1210,,924,55,,,0
2019,'1496267',1640,,925,55,,,0
2019,'1496268',1810,,926,55,,,0
2019,'1496269',1710,,927,55,,,0
2019,'1496274',810,,928,55,,,0
2019,'1496275',1310,,929,55,,,0
2019,'1496277',710,,930,55,,,0
2019,'1496279',610,,932,33,,,0
2019,'1496280',1955,,933,55,,,0
2019,'1496490',1755,,934,55,,,0
2019,'1496491',2155,,935,55,,,0
2019,'1496492',1355,,936,55,,,0
2019,'1496494',1155,,937,55,,,0
2019,'1496495',1455,,938,55,,,0
2019,'1496498',2055,,939,55,,,0
2019,'1496499',755,,940,55,,,0
2019,'1496505',1255,,941,55,,,0
2019,'1496507',2255,,942,55,,,0
2019,'1496510',1555,,943,55,,,0
2019,'1496511',1855,,944,55,,,0
2019,'1496512',1055,,945,55,,,0
2019,'1496516',955,,946,55,,,0
2019,'1496518',855,,947,55,,,0
2019,'1496520',1655,,948,55,,,0
2019,'1496521',1955,,949,55,,,0
2019,'1496523',655,,950,55,,,0
2019,'1496524',625,,951,23,,,0
2019,'1496525',2353,,952,55,,,0
2019,'1496594',1755,,953,55,,,0
2019,'1496595',2155,,954,55,,,0
2019,'1496596',1355,,955,55,,,0
2019,'1496598',1155,,956,55,,,0
2019,'1496599',1455,,957,55,,,0
2019,'1496602',2055,,958,55,,,0
2019,'1496603',755,,959,55,,,0
2019,'1496609',1255,,960,55,,,0
2019,'1496613',1555,,961,55,,,0
2019,'1496614',1855,,962,55,,,0
2019,'1496615',1055,,963,55,,,0
2019,'1496619',955,,964,55,,,0
2019,'1496621',855,,965,55,,,0
2019,'1496623',1655,,966,55,,,0
2019,'1496624',1955,,967,55,,,0
2019,'1496625',725,,968,23,,,0
2019,'1496626',2353,,969,55,,,0
3019,'1496125',1643,,1056,109,,,0
3019,'1496128',1813,,1059,109,,,0
3019,'1496129',943,,1060,109,,,0
3019,'1496130',813,,1061,109,,,0
3019,'1496131',1713,,1062,109,,,0
3019,'1496133',1243,,1064,109,,,0
3019,'1496134',1213,,1065,109,,,0
3019,'1496136',843,,1067,109,,,0
3019,'1496138',1013,,1069,109,,,0
3019,'1496141',1443,,1072,109,,,0
3019,'1496142',1413,,1073,109,,,0
3019,'1496144',1543,,1075,109,,,0
3019,'1496146',1343,,1077,109,,,0
3019,'1496151',913,,1082,109,,,0
3019,'1496153',1843,,1084,109,,,0
3019,'1496154',1513,,1085,109,,,0
3019,'1496155',1113,,1086,109,,,0
3019,'1496159',1143,,1090,109,,,0
3019,'1496164',1313,,1095,109,,,0
3019,'1496165',1743,,1096,109,,,0
3019,'1496167',1043,,1098,109,,,0
3019,'1496168',1613,,1099,109,,,0
3019,'1496170',613,,1101,19,,,0
3019,'1496171',643,,1102,53,,,0
3019,'1496173',743,,1104,109,,,0
3019,'1496374',1643,,1105,109,,,0
3019,'1496377',1813,,1108,109,,,0
3019,'1496378',2128,,1109,109,,,0
3019,'1496380',943,,1111,109,,,0
3019,'1496381',813,,1112,109,,,0
3019,'1496382',1713,,1113,109,,,0
3019,'1496385',1243,,1116,109,,,0
3019,'1496386',1213,,1117,109,,,0
3019,'1496388',843,,1119,109,,,0
3019,'1496392',1013,,1123,109,,,0
3019,'1496395',2328,,1126,109,,,0
3019,'1496396',1443,,1127,109,,,0
3019,'1496398',1413,,1129,109,,,0
3019,'1496400',1543,,1131,109,,,0
3019,'1496402',1343,,1133,109,,,0
3019,'1496404',2228,,1135,109,,,0
3019,'1496409',913,,1140,109,,,0
3019,'1496411',1843,,1142,109,,,0
3019,'1496412',1513,,1143,109,,,0
3019,'1496413',1113,,1144,109,,,0
3019,'1496417',1143,,1148,109,,,0
3019,'1496422',1313,,1153,109,,,0
3019,'1496423',1743,,1154,109,,,0
3019,'1496425',1043,,1156,109,,,0
3019,'1496426',1613,,1157,109,,,0
3019,'1496427',1928,,1158,109,,,0
3019,'1496430',613,,1161,19,,,0
3019,'1496431',643,,1162,53,,,0
3019,'1496432',2028,,1163,109,,,0
3019,'1496434',743,,1165,109,,,0
3019,'1496453',828,,1166,109,,,0
3019,'1496455',1528,,1168,109,,,0
3019,'1496457',928,,1170,109,,,0
3019,'1496458',1228,,1171,109,,,0
3019,'1496459',2328,,1172,109,,,0
3019,'1496460',1928,,1173,109,,,0
3019,'1496463',1428,,1176,109,,,0
3019,'1496465',2028,,1178,109,,,0
3019,'1496467',1728,,1180,109,,,0
3019,'1496468',1028,,1181,109,,,0
3019,'1496469',1328,,1182,109,,,0
3019,'1496473',2228,,1186,109,,,0
3019,'1496474',1828,,1187,109,,,0
3019,'1496475',1128,,1188,109,,,0
3019,'1496479',1628,,1192,109,,,0
3019,'1496484',2128,,1197,109,,,0
3019,'1496486',658,,1199,53,,,0
3019,'1496488',728,,1201,109,,,0
3019,'1496627',828,,1203,109,,,0
3019,'1496629',1528,,1205,109,,,0
3019,'1496631',928,,1207,109,,,0
3019,'1496632',1228,,1208,109,,,0
3019,'1496633',1928,,1209,109,,,0
3019,'1496636',1428,,1212,109,,,0
3019,'1496638',2028,,1214,109,,,0
3019,'1496640',1728,,1216,109,,,0
3019,'1496641',1028,,1217,109,,,0
3019,'1496642',1328,,1218,109,,,0
3019,'1496645',2228,,1221,109,,,0
3019,'1496646',1828,,1222,109,,,0
3019,'1496647',1128,,1223,109,,,0
3019,'1496651',1628,,1227,109,,,0
3019,'1496656',2128,,1232,109,,,0
3019,'1496658',758,,1234,53,,,0
