3019,'1496126',936,,1057,129,0,5,0
3019,'1496127',1136,,1058,129,0,5,0
3019,'1496132',1206,,1063,129,0,5,0
3019,'1496135',1736,,1066,129,0,5,0
3019,'1496137',1536,,1068,129,0,5,0
3019,'1496139',1306,,1070,129,0,5,0
3019,'1496140',836,,1071,129,0,5,0
3019,'1496143',806,,1074,129,0,5,0
3019,'1496145',1836,,1076,129,0,5,0
3019,'1496147',1406,,1078,129,0,5,0
3019,'1496148',1106,,1079,129,0,5,0
3019,'1496149',1336,,1080,129,0,5,0
3019,'1496150',1436,,1081,129,0,5,0
3019,'1496152',906,,1083,129,0,5,0
3019,'1496156',1036,,1087,129,0,5,0
3019,'1496157',1706,,1088,129,0,5,0
3019,'1496158',1506,,1089,129,0,5,0
3019,'1496160',1806,,1091,129,0,5,0
3019,'1496161',1236,,1092,129,0,5,0
3019,'1496162',1606,,1093,129,0,5,0
3019,'1496163',636,,1094,51,0,5,0
3019,'1496166',1636,,1097,129,0,5,0
3019,'1496169',1006,,1100,129,0,5,0
3019,'1496172',706,,1103,98,0,5,0
3019,'1496375',936,,1106,129,0,5,0
3019,'1496376',1136,,1107,129,0,5,0
3019,'1496379',2206,,1110,129,0,5,0
3019,'1496383',2306,,1114,129,0,5,0
3019,'1496384',1206,,1115,129,0,5,0
3019,'1496387',1736,,1118,129,0,5,0
3019,'1496389',2356,,1120,129,0,5,0
3019,'1496390',1536,,1121,129,0,5,0
3019,'1496391',2006,,1122,129,0,5,0
3019,'1496393',1306,,1124,129,0,5,0
3019,'1496394',836,,1125,129,0,5,0
3019,'1496397',2106,,1128,129,0,5,0
3019,'1496399',806,,1130,129,0,5,0
3019,'1496401',1836,,1132,129,0,5,0
3019,'1496403',1406,,1134,129,0,5,0
3019,'1496405',1906,,1136,129,0,5,0
3019,'1496406',1106,,1137,129,0,5,0
3019,'1496407',1336,,1138,129,0,5,0
3019,'1496408',1436,,1139,129,0,5,0
3019,'1496410',906,,1141,129,0,5,0
3019,'1496414',1036,,1145,129,0,5,0
3019,'1496415',1706,,1146,129,0,5,0
3019,'1496416',1506,,1147,129,0,5,0
3019,'1496418',1806,,1149,129,0,5,0
3019,'1496419',1236,,1150,129,0,5,0
3019,'1496420',1606,,1151,129,0,5,0
3019,'1496421',636,,1152,51,0,5,0
3019,'1496424',1636,,1155,129,0,5,0
3019,'1496428',1006,,1159,129,0,5,0
3019,'1496433',706,,1164,98,0,5,0
3019,'1496454',1806,,1167,129,0,5,0
3019,'1496456',2306,,1169,129,0,5,0
3019,'1496461',2006,,1174,129,0,5,0
3019,'1496462',1506,,1175,129,0,5,0
3019,'1496464',2106,,1177,129,0,5,0
3019,'1496466',2356,,1179,129,0,5,0
3019,'1496470',1906,,1183,129,0,5,0
3019,'1496471',806,,1184,129,0,5,0
3019,'1496472',1006,,1185,129,0,5,0
3019,'1496476',1106,,1189,129,0,5,0
3019,'1496477',1406,,1190,129,0,5,0
3019,'1496478',1706,,1191,129,0,5,0
3019,'1496480',1206,,1193,129,0,5,0
3019,'1496481',1606,,1194,129,0,5,0
3019,'1496482',2206,,1195,129,0,5,0
3019,'1496483',906,,1196,129,0,5,0
3019,'1496485',1306,,1198,129,0,5,0
3019,'1496489',636,,1202,51,0,5,0
3019,'1496628',1806,,1204,129,0,5,0
3019,'1496630',2306,,1206,129,0,5,0
3019,'1496634',2006,,1210,129,0,5,0
3019,'1496635',1506,,1211,129,0,5,0
3019,'1496637',2106,,1213,129,0,5,0
3019,'1496639',2356,,1215,129,0,5,0
3019,'1496643',1906,,1219,129,0,5,0
3019,'1496644',1006,,1220,129,0,5,0
3019,'1496648',1106,,1224,129,0,5,0
3019,'1496649',1406,,1225,129,0,5,0
3019,'1496650',1706,,1226,129,0,5,0
3019,'1496652',1206,,1228,129,0,5,0
3019,'1496653',1606,,1229,129,0,5,0
3019,'1496654',2206,,1230,129,0,5,0
3019,'1496655',906,,1231,129,0,5,0
3019,'1496657',1306,,1233,129,0,5,0
3019,'1496660',736,,1236,51,0,5,0
