4019,'1496112',704,,1237,54,,,0
4019,'1496113',1104,,1238,54,,,0
4019,'1496114',904,,1239,54,,,0
4019,'1496115',1704,,1240,54,,,0
4019,'1496116',1004,,1241,54,,,0
4019,'1496117',1204,,1242,54,,,0
4019,'1496118',804,,1243,54,,,0
4019,'1496119',1604,,1244,54,,,0
4019,'1496120',1804,,1245,54,,,0
4019,'1496121',1404,,1246,54,,,0
4019,'1496122',1504,,1247,54,,,0
4019,'1496123',1304,,1248,54,,,0
4019,'1496124',604,,1249,20,,,0
4019,'1496355',704,,1250,54,,,0
4019,'1496356',2344,,1251,54,,,0
4019,'1496357',1104,,1252,54,,,0
4019,'1496358',904,,1253,54,,,0
4019,'1496359',2049,,1254,54,,,0
4019,'1496360',1704,,1255,54,,,0
4019,'1496361',1904,,1256,54,,,0
4019,'1496362',2149,,1257,54,,,0
4019,'1496363',1004,,1258,54,,,0
4019,'1496364',1204,,1259,54,,,0
4019,'1496365',1949,,1260,54,,,0
4019,'1496366',804,,1261,54,,,0
4019,'1496367',1604,,1262,54,,,0
4019,'1496368',1804,,1263,54,,,0
4019,'1496369',1404,,1264,54,,,0
4019,'1496370',1504,,1265,54,,,0
4019,'1496371',2249,,1266,54,,,0
4019,'1496372',1304,,1267,54,,,0
4019,'1496373',604,,1268,20,,,0
4019,'1496435',850,,1269,54,,,0
4019,'1496436',750,,1270,54,,,0
4019,'1496437',1650,,1271,54,,,0
4019,'1496438',2250,,1272,54,,,0
4019,'1496439',1750,,1273,54,,,0
4019,'1496440',1450,,1274,54,,,0
4019,'1496441',2150,,1275,54,,,0
4019,'1496442',1050,,1276,54,,,0
4019,'1496443',1950,,1277,54,,,0
4019,'1496444',1550,,1278,54,,,0
4019,'1496445',950,,1279,54,,,0
4019,'1496446',1850,,1280,54,,,0
4019,'1496447',1350,,1281,54,,,0
4019,'1496448',650,,1282,54,,,0
4019,'1496449',2050,,1283,54,,,0
4019,'1496450',1150,,1284,54,,,0
4019,'1496451',1250,,1285,54,,,0
4019,'1496452',2344,,1286,54,,,0
4019,'1496661',850,,1287,54,,,0
4019,'1496662',750,,1288,54,,,0
4019,'1496663',1650,,1289,54,,,0
4019,'1496664',2250,,1290,54,,,0
4019,'1496665',1750,,1291,54,,,0
4019,'1496666',1450,,1292,54,,,0
4019,'1496667',2150,,1293,54,,,0
4019,'1496668',1050,,1294,54,,,0
4019,'1496669',1950,,1295,54,,,0
4019,'1496670',1550,,1296,54,,,0
4019,'1496671',950,,1297,54,,,0
4019,'1496672',1850,,1298,54,,,0
4019,'1496673',1350,,1299,54,,,0
4019,'1496674',2050,,1300,54,,,0
4019,'1496675',1150,,1301,54,,,0
4019,'1496676',1250,,1302,54,,,0
4019,'1496677',2344,,1303,54,,,0
