2029,'1488850',620,,970,7,,,0
2029,'1496221',649,,971,67,,,0
2029,'1496281',649,,972,67,,,0
2029,'1497044',950,,973,104,,,0
2029,'1497045',1450,,974,104,,,0
2029,'1497046',1250,,975,104,,,0
2029,'1497047',1320,,976,104,,,0
2029,'1497048',1620,,977,104,,,0
2029,'1497049',1020,,978,104,,,0
2029,'1497050',850,,979,104,,,0
2029,'1497051',1650,,980,104,,,0
2029,'1497052',1520,,981,104,,,0
2029,'1497053',1120,,982,104,,,0
2029,'1497054',750,,983,104,,,0
2029,'1497055',1350,,984,104,,,0
2029,'1497056',1720,,985,104,,,0
2029,'1497057',1550,,986,104,,,0
2029,'1497058',1420,,987,104,,,0
2029,'1497059',820,,988,104,,,0
2029,'1497060',1750,,989,104,,,0
2029,'1497061',1050,,990,104,,,0
2029,'1497062',920,,991,104,,,0
2029,'1497063',1220,,992,104,,,0
2029,'1497064',1150,,993,104,,,0
2029,'1497065',1820,,994,104,,,0
2029,'1497066',2050,,995,104,,,0
2029,'1497067',950,,996,104,,,0
2029,'1497068',1450,,997,104,,,0
2029,'1497069',1250,,998,104,,,0
2029,'1497070',1850,,999,104,,,0
2029,'1497071',1320,,1000,104,,,0
2029,'1497072',1620,,1001,104,,,0
2029,'1497073',1020,,1002,104,,,0
2029,'1497074',2250,,1003,104,,,0
2029,'1497075',850,,1004,104,,,0
2029,'1497076',1650,,1005,104,,,0
2029,'1497077',1520,,1006,104,,,0
2029,'1497078',2344,,1007,104,,,0
2029,'1497079',1120,,1008,104,,,0
2029,'1497080',750,,1009,104,,,0
2029,'1497081',1350,,1010,104,,,0
2029,'1497082',1950,,1011,104,,,0
2029,'1497083',1720,,1012,104,,,0
2029,'1497084',1550,,1013,104,,,0
2029,'1497085',1420,,1014,104,,,0
2029,'1497086',820,,1015,104,,,0
2029,'1497087',1750,,1016,104,,,0
2029,'1497088',1050,,1017,104,,,0
2029,'1497089',920,,1018,104,,,0
2029,'1497090',2150,,1019,104,,,0
2029,'1497091',1220,,1020,104,,,0
2029,'1497092',1150,,1021,104,,,0
2029,'1497093',1820,,1022,104,,,0
2029,'1497094',1750,,1023,104,,,0
2029,'1497095',1150,,1024,104,,,0
2029,'1497096',2250,,1025,104,,,0
2029,'1497097',2344,,1026,104,,,0
2029,'1497098',1050,,1027,104,,,0
2029,'1497099',2050,,1028,104,,,0
2029,'1497100',950,,1029,104,,,0
2029,'1497101',1550,,1030,104,,,0
2029,'1497102',2150,,1031,104,,,0
2029,'1497103',1850,,1032,104,,,0
2029,'1497104',1250,,1033,104,,,0
2029,'1497105',1450,,1034,104,,,0
2029,'1497106',850,,1035,104,,,0
2029,'1497107',1350,,1036,104,,,0
2029,'1497108',1950,,1037,104,,,0
2029,'1497109',1650,,1038,104,,,0
2029,'1497110',750,,1039,104,,,0
2029,'1497111',1750,,1040,104,,,0
2029,'1497112',1150,,1041,104,,,0
2029,'1497113',2250,,1042,104,,,0
2029,'1497114',2344,,1043,104,,,0
2029,'1497115',1050,,1044,104,,,0
2029,'1497116',2050,,1045,104,,,0
2029,'1497117',950,,1046,104,,,0
2029,'1497118',1550,,1047,104,,,0
2029,'1497119',2150,,1048,104,,,0
2029,'1497120',1850,,1049,104,,,0
2029,'1497121',1250,,1050,104,,,0
2029,'1497122',1450,,1051,104,,,0
2029,'1497123',850,,1052,104,,,0
2029,'1497124',1350,,1053,104,,,0
2029,'1497125',1950,,1054,104,,,0
2029,'1497126',1650,,1055,104,,,0
