2029,'1488850',619,,970,4,,,0
2029,'1496221',648,,971,64,,,0
2029,'1496281',648,,972,64,,,0
2029,'1497044',949,,973,101,,,0
2029,'1497045',1449,,974,101,,,0
2029,'1497046',1249,,975,101,,,0
2029,'1497047',1319,,976,101,,,0
2029,'1497048',1619,,977,101,,,0
2029,'1497049',1019,,978,101,,,0
2029,'1497050',849,,979,101,,,0
2029,'1497051',1649,,980,101,,,0
2029,'1497052',1519,,981,101,,,0
2029,'1497053',1119,,982,101,,,0
2029,'1497054',749,,983,101,,,0
2029,'1497055',1349,,984,101,,,0
2029,'1497056',1719,,985,101,,,0
2029,'1497057',1549,,986,101,,,0
2029,'1497058',1419,,987,101,,,0
2029,'1497059',819,,988,101,,,0
2029,'1497060',1749,,989,101,,,0
2029,'1497061',1049,,990,101,,,0
2029,'1497062',919,,991,101,,,0
2029,'1497063',1219,,992,101,,,0
2029,'1497064',1149,,993,101,,,0
2029,'1497065',1819,,994,101,,,0
2029,'1497066',2049,,995,101,,,0
2029,'1497067',949,,996,101,,,0
2029,'1497068',1449,,997,101,,,0
2029,'1497069',1249,,998,101,,,0
2029,'1497070',1849,,999,101,,,0
2029,'1497071',1319,,1000,101,,,0
2029,'1497072',1619,,1001,101,,,0
2029,'1497073',1019,,1002,101,,,0
2029,'1497074',2249,,1003,101,,,0
2029,'1497075',849,,1004,101,,,0
2029,'1497076',1649,,1005,101,,,0
2029,'1497077',1519,,1006,101,,,0
2029,'1497078',2343,,1007,101,,,0
2029,'1497079',1119,,1008,101,,,0
2029,'1497080',749,,1009,101,,,0
2029,'1497081',1349,,1010,101,,,0
2029,'1497082',1949,,1011,101,,,0
2029,'1497083',1719,,1012,101,,,0
2029,'1497084',1549,,1013,101,,,0
2029,'1497085',1419,,1014,101,,,0
2029,'1497086',819,,1015,101,,,0
2029,'1497087',1749,,1016,101,,,0
2029,'1497088',1049,,1017,101,,,0
2029,'1497089',919,,1018,101,,,0
2029,'1497090',2149,,1019,101,,,0
2029,'1497091',1219,,1020,101,,,0
2029,'1497092',1149,,1021,101,,,0
2029,'1497093',1819,,1022,101,,,0
2029,'1497094',1749,,1023,101,,,0
2029,'1497095',1149,,1024,101,,,0
2029,'1497096',2249,,1025,101,,,0
2029,'1497097',2343,,1026,101,,,0
2029,'1497098',1049,,1027,101,,,0
2029,'1497099',2049,,1028,101,,,0
2029,'1497100',949,,1029,101,,,0
2029,'1497101',1549,,1030,101,,,0
2029,'1497102',2149,,1031,101,,,0
2029,'1497103',1849,,1032,101,,,0
2029,'1497104',1249,,1033,101,,,0
2029,'1497105',1449,,1034,101,,,0
2029,'1497106',849,,1035,101,,,0
2029,'1497107',1349,,1036,101,,,0
2029,'1497108',1949,,1037,101,,,0
2029,'1497109',1649,,1038,101,,,0
2029,'1497110',749,,1039,101,,,0
2029,'1497111',1749,,1040,101,,,0
2029,'1497112',1149,,1041,101,,,0
2029,'1497113',2249,,1042,101,,,0
2029,'1497114',2343,,1043,101,,,0
2029,'1497115',1049,,1044,101,,,0
2029,'1497116',2049,,1045,101,,,0
2029,'1497117',949,,1046,101,,,0
2029,'1497118',1549,,1047,101,,,0
2029,'1497119',2149,,1048,101,,,0
2029,'1497120',1849,,1049,101,,,0
2029,'1497121',1249,,1050,101,,,0
2029,'1497122',1449,,1051,101,,,0
2029,'1497123',849,,1052,101,,,0
2029,'1497124',1349,,1053,101,,,0
2029,'1497125',1949,,1054,101,,,0
2029,'1497126',1649,,1055,101,,,0
