2029,'1488850',625,,970,16,,,0
2029,'1496221',654,,971,76,,,0
2029,'1496281',654,,972,76,,,0
2029,'1497044',955,,973,113,,,0
2029,'1497045',1455,,974,113,,,0
2029,'1497046',1255,,975,113,,,0
2029,'1497047',1325,,976,113,,,0
2029,'1497048',1625,,977,113,,,0
2029,'1497049',1025,,978,113,,,0
2029,'1497050',855,,979,113,,,0
2029,'1497051',1655,,980,113,,,0
2029,'1497052',1525,,981,113,,,0
2029,'1497053',1125,,982,113,,,0
2029,'1497054',755,,983,113,,,0
2029,'1497055',1355,,984,113,,,0
2029,'1497056',1725,,985,113,,,0
2029,'1497057',1555,,986,113,,,0
2029,'1497058',1425,,987,113,,,0
2029,'1497059',825,,988,113,,,0
2029,'1497060',1755,,989,113,,,0
2029,'1497061',1055,,990,113,,,0
2029,'1497062',925,,991,113,,,0
2029,'1497063',1225,,992,113,,,0
2029,'1497064',1155,,993,113,,,0
2029,'1497065',1825,,994,113,,,0
2029,'1497066',2055,,995,113,,,0
2029,'1497067',955,,996,113,,,0
2029,'1497068',1455,,997,113,,,0
2029,'1497069',1255,,998,113,,,0
2029,'1497070',1855,,999,113,,,0
2029,'1497071',1325,,1000,113,,,0
2029,'1497072',1625,,1001,113,,,0
2029,'1497073',1025,,1002,113,,,0
2029,'1497074',2255,,1003,113,,,0
2029,'1497075',855,,1004,113,,,0
2029,'1497076',1655,,1005,113,,,0
2029,'1497077',1525,,1006,113,,,0
2029,'1497078',2348,,1007,113,,,0
2029,'1497079',1125,,1008,113,,,0
2029,'1497080',755,,1009,113,,,0
2029,'1497081',1355,,1010,113,,,0
2029,'1497082',1955,,1011,113,,,0
2029,'1497083',1725,,1012,113,,,0
2029,'1497084',1555,,1013,113,,,0
2029,'1497085',1425,,1014,113,,,0
2029,'1497086',825,,1015,113,,,0
2029,'1497087',1755,,1016,113,,,0
2029,'1497088',1055,,1017,113,,,0
2029,'1497089',925,,1018,113,,,0
2029,'1497090',2155,,1019,113,,,0
2029,'1497091',1225,,1020,113,,,0
2029,'1497092',1155,,1021,113,,,0
2029,'1497093',1825,,1022,113,,,0
2029,'1497094',1755,,1023,113,,,0
2029,'1497095',1155,,1024,113,,,0
2029,'1497096',2255,,1025,113,,,0
2029,'1497097',2348,,1026,113,,,0
2029,'1497098',1055,,1027,113,,,0
2029,'1497099',2055,,1028,113,,,0
2029,'1497100',955,,1029,113,,,0
2029,'1497101',1555,,1030,113,,,0
2029,'1497102',2155,,1031,113,,,0
2029,'1497103',1855,,1032,113,,,0
2029,'1497104',1255,,1033,113,,,0
2029,'1497105',1455,,1034,113,,,0
2029,'1497106',855,,1035,113,,,0
2029,'1497107',1355,,1036,113,,,0
2029,'1497108',1955,,1037,113,,,0
2029,'1497109',1655,,1038,113,,,0
2029,'1497110',755,,1039,113,,,0
2029,'1497111',1755,,1040,113,,,0
2029,'1497112',1155,,1041,113,,,0
2029,'1497113',2255,,1042,113,,,0
2029,'1497114',2348,,1043,113,,,0
2029,'1497115',1055,,1044,113,,,0
2029,'1497116',2055,,1045,113,,,0
2029,'1497117',955,,1046,113,,,0
2029,'1497118',1555,,1047,113,,,0
2029,'1497119',2155,,1048,113,,,0
2029,'1497120',1855,,1049,113,,,0
2029,'1497121',1255,,1050,113,,,0
2029,'1497122',1455,,1051,113,,,0
2029,'1497123',855,,1052,113,,,0
2029,'1497124',1355,,1053,113,,,0
2029,'1497125',1955,,1054,113,,,0
2029,'1497126',1655,,1055,113,,,0
