1029,'1496065',1418,,792,4,,,0
1029,'1496066',1518,,793,4,,,0
1029,'1496068',1618,,794,4,,,0
1029,'1496070',718,,795,4,,,0
1029,'1496073',1018,,796,4,,,0
1029,'1496077',848,,797,4,,,0
1029,'1496078',1648,,798,4,,,0
1029,'1496079',1548,,799,4,,,0
1029,'1496081',1148,,800,4,,,0
1029,'1496082',1218,,801,4,,,0
1029,'1496083',1348,,802,4,,,0
1029,'1496084',948,,803,4,,,0
1029,'1496086',648,,804,4,,,0
1029,'1496088',1718,,805,4,,,0
1029,'1496092',1318,,806,4,,,0
1029,'1496094',918,,807,4,,,0
1029,'1496096',1118,,808,4,,,0
1029,'1496098',818,,809,4,,,0
1029,'1496101',748,,810,4,,,0
1029,'1496105',1448,,811,4,,,0
1029,'1496106',1248,,812,4,,,0
1029,'1496108',1048,,813,4,,,0
1029,'1496294',1418,,815,4,,,0
1029,'1496295',1518,,816,4,,,0
1029,'1496297',1618,,817,4,,,0
1029,'1496299',718,,818,4,,,0
1029,'1496300',2048,,819,4,,,0
1029,'1496304',1018,,820,4,,,0
1029,'1496309',1948,,821,4,,,0
1029,'1496310',848,,822,4,,,0
1029,'1496311',1648,,823,4,,,0
1029,'1496312',1548,,824,4,,,0
1029,'1496316',1748,,825,4,,,0
1029,'1496317',1148,,826,4,,,0
1029,'1496318',1218,,827,4,,,0
1029,'1496319',1348,,828,4,,,0
1029,'1496320',948,,829,4,,,0
1029,'1496322',648,,830,4,,,0
1029,'1496324',1818,,831,4,,,0
1029,'1496325',1718,,832,4,,,0
1029,'1496329',1318,,833,4,,,0
1029,'1496332',918,,834,4,,,0
1029,'1496333',2148,,835,4,,,0
1029,'1496335',1118,,836,4,,,0
1029,'1496337',2248,,837,4,,,0
1029,'1496339',818,,838,4,,,0
1029,'1496342',748,,839,4,,,0
1029,'1496346',1448,,840,4,,,0
1029,'1496347',1248,,841,4,,,0
1029,'1496349',1048,,842,4,,,0
1029,'1496354',1848,,844,4,,,0
1029,'1496527',1848,,845,4,,,0
1029,'1496528',2048,,846,4,,,0
1029,'1496533',1748,,847,4,,,0
1029,'1496534',2148,,848,4,,,0
1029,'1496535',1248,,849,4,,,0
1029,'1496537',1048,,850,4,,,0
1029,'1496539',948,,851,4,,,0
1029,'1496540',1948,,852,4,,,0
1029,'1496542',648,,853,4,,,0
1029,'1496544',2248,,854,4,,,0
1029,'1496545',1448,,855,4,,,0
1029,'1496547',1548,,856,4,,,0
1029,'1496550',748,,857,4,,,0
1029,'1496551',1148,,858,4,,,0
1029,'1496552',848,,859,4,,,0
1029,'1496555',1648,,860,4,,,0
1029,'1496556',1348,,861,4,,,0
1029,'1496562',1848,,862,4,,,0
1029,'1496563',2048,,863,4,,,0
1029,'1496567',1748,,864,4,,,0
1029,'1496568',2148,,865,4,,,0
1029,'1496569',1248,,866,4,,,0
1029,'1496571',1048,,867,4,,,0
1029,'1496573',948,,868,4,,,0
1029,'1496574',1948,,869,4,,,0
1029,'1496577',2248,,870,4,,,0
1029,'1496578',1448,,871,4,,,0
1029,'1496580',1548,,872,4,,,0
1029,'1496583',748,,873,4,,,0
1029,'1496584',1148,,874,4,,,0
1029,'1496585',848,,875,4,,,0
1029,'1496588',1648,,876,4,,,0
1029,'1496589',1348,,877,4,,,0
3019,'1496126',819,,1057,8,0,5,0
3019,'1496127',1019,,1058,8,0,5,0
3019,'1496132',1049,,1063,8,0,5,0
3019,'1496135',1619,,1066,8,0,5,0
3019,'1496137',1419,,1068,8,0,5,0
3019,'1496139',1149,,1070,8,0,5,0
3019,'1496140',719,,1071,8,0,5,0
3019,'1496143',649,,1074,8,0,5,0
3019,'1496145',1719,,1076,8,0,5,0
3019,'1496147',1249,,1078,8,0,5,0
3019,'1496148',949,,1079,8,0,5,0
3019,'1496149',1219,,1080,8,0,5,0
3019,'1496150',1319,,1081,8,0,5,0
3019,'1496152',749,,1083,8,0,5,0
3019,'1496156',919,,1087,8,0,5,0
3019,'1496157',1549,,1088,8,0,5,0
3019,'1496158',1349,,1089,8,0,5,0
3019,'1496160',1649,,1091,8,0,5,0
3019,'1496161',1119,,1092,8,0,5,0
3019,'1496162',1449,,1093,8,0,5,0
3019,'1496166',1519,,1097,8,0,5,0
3019,'1496169',849,,1100,8,0,5,0
3019,'1496375',819,,1106,8,0,5,0
3019,'1496376',1019,,1107,8,0,5,0
3019,'1496379',2049,,1110,8,0,5,0
3019,'1496383',2149,,1114,8,0,5,0
3019,'1496384',1049,,1115,8,0,5,0
3019,'1496387',1619,,1118,8,0,5,0
3019,'1496389',2249,,1120,8,0,5,0
3019,'1496390',1419,,1121,8,0,5,0
3019,'1496391',1849,,1122,8,0,5,0
3019,'1496393',1149,,1124,8,0,5,0
3019,'1496394',719,,1125,8,0,5,0
3019,'1496397',1949,,1128,8,0,5,0
3019,'1496399',649,,1130,8,0,5,0
3019,'1496401',1719,,1132,8,0,5,0
3019,'1496403',1249,,1134,8,0,5,0
3019,'1496405',1749,,1136,8,0,5,0
3019,'1496406',949,,1137,8,0,5,0
3019,'1496407',1219,,1138,8,0,5,0
3019,'1496408',1319,,1139,8,0,5,0
3019,'1496410',749,,1141,8,0,5,0
3019,'1496414',919,,1145,8,0,5,0
3019,'1496415',1549,,1146,8,0,5,0
3019,'1496416',1349,,1147,8,0,5,0
3019,'1496418',1649,,1149,8,0,5,0
3019,'1496419',1119,,1150,8,0,5,0
3019,'1496420',1449,,1151,8,0,5,0
3019,'1496424',1519,,1155,8,0,5,0
3019,'1496428',849,,1159,8,0,5,0
3019,'1496454',1649,,1167,8,0,5,0
3019,'1496456',2149,,1169,8,0,5,0
3019,'1496461',1849,,1174,8,0,5,0
3019,'1496462',1349,,1175,8,0,5,0
3019,'1496464',1949,,1177,8,0,5,0
3019,'1496466',2249,,1179,8,0,5,0
3019,'1496470',1749,,1183,8,0,5,0
3019,'1496471',649,,1184,8,0,5,0
3019,'1496472',849,,1185,8,0,5,0
3019,'1496476',949,,1189,8,0,5,0
3019,'1496477',1249,,1190,8,0,5,0
3019,'1496478',1549,,1191,8,0,5,0
3019,'1496480',1049,,1193,8,0,5,0
3019,'1496481',1449,,1194,8,0,5,0
3019,'1496482',2049,,1195,8,0,5,0
3019,'1496483',749,,1196,8,0,5,0
3019,'1496485',1149,,1198,8,0,5,0
3019,'1496628',1649,,1204,8,0,5,0
3019,'1496630',2149,,1206,8,0,5,0
3019,'1496634',1849,,1210,8,0,5,0
3019,'1496635',1349,,1211,8,0,5,0
3019,'1496637',1949,,1213,8,0,5,0
3019,'1496639',2249,,1215,8,0,5,0
3019,'1496643',1749,,1219,8,0,5,0
3019,'1496644',849,,1220,8,0,5,0
3019,'1496648',949,,1224,8,0,5,0
3019,'1496649',1249,,1225,8,0,5,0
3019,'1496650',1549,,1226,8,0,5,0
3019,'1496652',1049,,1228,8,0,5,0
3019,'1496653',1449,,1229,8,0,5,0
3019,'1496654',2049,,1230,8,0,5,0
3019,'1496655',749,,1231,8,0,5,0
3019,'1496657',1149,,1233,8,0,5,0
