3019,'1496125',1552,,1056,42,,,0
3019,'1496128',1722,,1059,42,,,0
3019,'1496129',852,,1060,42,,,0
3019,'1496130',722,,1061,42,,,0
3019,'1496131',1622,,1062,42,,,0
3019,'1496133',1152,,1064,42,,,0
3019,'1496134',1122,,1065,42,,,0
3019,'1496136',752,,1067,42,,,0
3019,'1496138',922,,1069,42,,,0
3019,'1496141',1352,,1072,42,,,0
3019,'1496142',1322,,1073,42,,,0
3019,'1496144',1452,,1075,42,,,0
3019,'1496146',1252,,1077,42,,,0
3019,'1496151',822,,1082,42,,,0
3019,'1496153',1752,,1084,42,,,0
3019,'1496154',1422,,1085,42,,,0
3019,'1496155',1022,,1086,42,,,0
3019,'1496159',1052,,1090,42,,,0
3019,'1496164',1222,,1095,42,,,0
3019,'1496165',1652,,1096,42,,,0
3019,'1496167',952,,1098,42,,,0
3019,'1496168',1522,,1099,42,,,0
3019,'1496173',652,,1104,42,,,0
3019,'1496374',1552,,1105,42,,,0
3019,'1496377',1722,,1108,42,,,0
3019,'1496378',2037,,1109,42,,,0
3019,'1496380',852,,1111,42,,,0
3019,'1496381',722,,1112,42,,,0
3019,'1496382',1622,,1113,42,,,0
3019,'1496385',1152,,1116,42,,,0
3019,'1496386',1122,,1117,42,,,0
3019,'1496388',752,,1119,42,,,0
3019,'1496392',922,,1123,42,,,0
3019,'1496395',2237,,1126,42,,,0
3019,'1496396',1352,,1127,42,,,0
3019,'1496398',1322,,1129,42,,,0
3019,'1496400',1452,,1131,42,,,0
3019,'1496402',1252,,1133,42,,,0
3019,'1496404',2137,,1135,42,,,0
3019,'1496409',822,,1140,42,,,0
3019,'1496411',1752,,1142,42,,,0
3019,'1496412',1422,,1143,42,,,0
3019,'1496413',1022,,1144,42,,,0
3019,'1496417',1052,,1148,42,,,0
3019,'1496422',1222,,1153,42,,,0
3019,'1496423',1652,,1154,42,,,0
3019,'1496425',952,,1156,42,,,0
3019,'1496426',1522,,1157,42,,,0
3019,'1496427',1837,,1158,42,,,0
3019,'1496429',2334,,1160,42,,,0
3019,'1496432',1937,,1163,42,,,0
3019,'1496434',652,,1165,42,,,0
3019,'1496453',737,,1166,42,,,0
3019,'1496455',1437,,1168,42,,,0
3019,'1496457',837,,1170,42,,,0
3019,'1496458',1137,,1171,42,,,0
3019,'1496459',2237,,1172,42,,,0
3019,'1496460',1837,,1173,42,,,0
3019,'1496463',1337,,1176,42,,,0
3019,'1496465',1937,,1178,42,,,0
3019,'1496467',1637,,1180,42,,,0
3019,'1496468',937,,1181,42,,,0
3019,'1496469',1237,,1182,42,,,0
3019,'1496473',2137,,1186,42,,,0
3019,'1496474',1737,,1187,42,,,0
3019,'1496475',1037,,1188,42,,,0
3019,'1496479',1537,,1192,42,,,0
3019,'1496484',2037,,1197,42,,,0
3019,'1496487',2334,,1200,42,,,0
3019,'1496488',637,,1201,42,,,0
3019,'1496627',737,,1203,42,,,0
3019,'1496629',1437,,1205,42,,,0
3019,'1496631',837,,1207,42,,,0
3019,'1496632',1137,,1208,42,,,0
3019,'1496633',1837,,1209,42,,,0
3019,'1496636',1337,,1212,42,,,0
3019,'1496638',1937,,1214,42,,,0
3019,'1496640',1637,,1216,42,,,0
3019,'1496641',937,,1217,42,,,0
3019,'1496642',1237,,1218,42,,,0
3019,'1496645',2137,,1221,42,,,0
3019,'1496646',1737,,1222,42,,,0
3019,'1496647',1037,,1223,42,,,0
3019,'1496651',1537,,1227,42,,,0
3019,'1496656',2037,,1232,42,,,0
3019,'1496659',2334,,1235,42,,,0
