2019,'1496174',1204,,878,8,,,0
2019,'1496175',1334,,879,8,,,0
2019,'1496179',1304,,880,8,,,0
2019,'1496181',1434,,881,8,,,0
2019,'1496183',934,,882,8,,,0
2019,'1496184',1504,,883,8,,,0
2019,'1496185',904,,884,8,,,0
2019,'1496187',1104,,885,8,,,0
2019,'1496188',834,,886,8,,,0
2019,'1496189',804,,887,8,,,0
2019,'1496191',1004,,888,8,,,0
2019,'1496194',1534,,889,8,,,0
2019,'1496198',704,,890,8,,,0
2019,'1496200',1704,,891,8,,,0
2019,'1496204',1404,,892,8,,,0
2019,'1496206',1034,,893,8,,,0
2019,'1496208',1134,,894,8,,,0
2019,'1496209',1604,,895,8,,,0
2019,'1496210',1734,,896,8,,,0
2019,'1496211',1634,,897,8,,,0
2019,'1496215',734,,898,8,,,0
2019,'1496216',1234,,899,8,,,0
2019,'1496218',634,,900,8,,,0
2019,'1496223',2219,,903,8,,,0
2019,'1496224',1204,,904,8,,,0
2019,'1496225',1334,,905,8,,,0
2019,'1496227',2119,,906,8,,,0
2019,'1496228',1819,,907,8,,,0
2019,'1496232',1304,,908,8,,,0
2019,'1496234',1434,,909,8,,,0
2019,'1496236',934,,910,8,,,0
2019,'1496237',1504,,911,8,,,0
2019,'1496238',904,,912,8,,,0
2019,'1496240',1104,,913,8,,,0
2019,'1496242',834,,914,8,,,0
2019,'1496243',804,,915,8,,,0
2019,'1496245',1004,,916,8,,,0
2019,'1496248',1534,,917,8,,,0
2019,'1496253',2019,,918,8,,,0
2019,'1496255',704,,919,8,,,0
2019,'1496257',1704,,920,8,,,0
2019,'1496258',2318,,921,8,,,0
2019,'1496262',1404,,922,8,,,0
2019,'1496264',1034,,923,8,,,0
2019,'1496266',1134,,924,8,,,0
2019,'1496267',1604,,925,8,,,0
2019,'1496268',1734,,926,8,,,0
2019,'1496269',1634,,927,8,,,0
2019,'1496274',734,,928,8,,,0
2019,'1496275',1234,,929,8,,,0
2019,'1496277',634,,930,8,,,0
2019,'1496280',1919,,933,8,,,0
2019,'1496490',1719,,934,8,,,0
2019,'1496491',2119,,935,8,,,0
2019,'1496492',1319,,936,8,,,0
2019,'1496494',1119,,937,8,,,0
2019,'1496495',1419,,938,8,,,0
2019,'1496498',2019,,939,8,,,0
2019,'1496499',719,,940,8,,,0
2019,'1496505',1219,,941,8,,,0
2019,'1496507',2219,,942,8,,,0
2019,'1496510',1519,,943,8,,,0
2019,'1496511',1819,,944,8,,,0
2019,'1496512',1019,,945,8,,,0
2019,'1496516',919,,946,8,,,0
2019,'1496518',819,,947,8,,,0
2019,'1496520',1619,,948,8,,,0
2019,'1496521',1919,,949,8,,,0
2019,'1496523',619,,950,8,,,0
2019,'1496525',2318,,952,8,,,0
2019,'1496594',1719,,953,8,,,0
2019,'1496595',2119,,954,8,,,0
2019,'1496596',1319,,955,8,,,0
2019,'1496598',1119,,956,8,,,0
2019,'1496599',1419,,957,8,,,0
2019,'1496602',2019,,958,8,,,0
2019,'1496603',719,,959,8,,,0
2019,'1496609',1219,,960,8,,,0
2019,'1496613',1519,,961,8,,,0
2019,'1496614',1819,,962,8,,,0
2019,'1496615',1019,,963,8,,,0
2019,'1496619',919,,964,8,,,0
2019,'1496621',819,,965,8,,,0
2019,'1496623',1619,,966,8,,,0
2019,'1496624',1919,,967,8,,,0
2019,'1496626',2318,,969,8,,,0
