3019,'1496125',1629,,1056,95,,,0
3019,'1496126',840,,1057,36,0,5,0
3019,'1496127',1040,,1058,36,0,5,0
3019,'1496128',1759,,1059,95,,,0
3019,'1496129',929,,1060,95,,,0
3019,'1496130',759,,1061,95,,,0
3019,'1496131',1659,,1062,95,,,0
3019,'1496132',1110,,1063,36,0,5,0
3019,'1496133',1229,,1064,95,,,0
3019,'1496134',1159,,1065,95,,,0
3019,'1496135',1640,,1066,36,0,5,0
3019,'1496136',829,,1067,95,,,0
3019,'1496137',1440,,1068,36,0,5,0
3019,'1496138',959,,1069,95,,,0
3019,'1496139',1210,,1070,36,0,5,0
3019,'1496140',740,,1071,36,0,5,0
3019,'1496141',1429,,1072,95,,,0
3019,'1496142',1359,,1073,95,,,0
3019,'1496143',710,,1074,36,0,5,0
3019,'1496144',1529,,1075,95,,,0
3019,'1496145',1740,,1076,36,0,5,0
3019,'1496146',1329,,1077,95,,,0
3019,'1496147',1310,,1078,36,0,5,0
3019,'1496148',1010,,1079,36,0,5,0
3019,'1496149',1240,,1080,36,0,5,0
3019,'1496150',1340,,1081,36,0,5,0
3019,'1496151',859,,1082,95,,,0
3019,'1496152',810,,1083,36,0,5,0
3019,'1496153',1829,,1084,95,,,0
3019,'1496154',1459,,1085,95,,,0
3019,'1496155',1059,,1086,95,,,0
3019,'1496156',940,,1087,36,0,5,0
3019,'1496157',1610,,1088,36,0,5,0
3019,'1496158',1410,,1089,36,0,5,0
3019,'1496159',1129,,1090,95,,,0
3019,'1496160',1710,,1091,36,0,5,0
3019,'1496161',1140,,1092,36,0,5,0
3019,'1496162',1510,,1093,36,0,5,0
3019,'1496164',1259,,1095,95,,,0
3019,'1496165',1729,,1096,95,,,0
3019,'1496166',1540,,1097,36,0,5,0
3019,'1496167',1029,,1098,95,,,0
3019,'1496168',1559,,1099,95,,,0
3019,'1496169',910,,1100,36,0,5,0
3019,'1496170',559,,1101,5,,,0
3019,'1496171',629,,1102,39,,,0
3019,'1496172',610,,1103,5,0,5,0
3019,'1496173',729,,1104,95,,,0
3019,'1496374',1629,,1105,95,,,0
3019,'1496375',840,,1106,36,0,5,0
3019,'1496376',1040,,1107,36,0,5,0
3019,'1496377',1759,,1108,95,,,0
3019,'1496378',2114,,1109,95,,,0
3019,'1496379',2110,,1110,36,0,5,0
3019,'1496380',929,,1111,95,,,0
3019,'1496381',759,,1112,95,,,0
3019,'1496382',1659,,1113,95,,,0
3019,'1496383',2210,,1114,36,0,5,0
3019,'1496384',1110,,1115,36,0,5,0
3019,'1496385',1229,,1116,95,,,0
3019,'1496386',1159,,1117,95,,,0
3019,'1496387',1640,,1118,36,0,5,0
3019,'1496388',829,,1119,95,,,0
3019,'1496389',2308,,1120,36,0,5,0
3019,'1496390',1440,,1121,36,0,5,0
3019,'1496391',1910,,1122,36,0,5,0
3019,'1496392',959,,1123,95,,,0
3019,'1496393',1210,,1124,36,0,5,0
3019,'1496394',740,,1125,36,0,5,0
3019,'1496395',2314,,1126,95,,,0
3019,'1496396',1429,,1127,95,,,0
3019,'1496397',2010,,1128,36,0,5,0
3019,'1496398',1359,,1129,95,,,0
3019,'1496399',710,,1130,36,0,5,0
3019,'1496400',1529,,1131,95,,,0
3019,'1496401',1740,,1132,36,0,5,0
3019,'1496402',1329,,1133,95,,,0
3019,'1496403',1310,,1134,36,0,5,0
3019,'1496404',2214,,1135,95,,,0
3019,'1496405',1810,,1136,36,0,5,0
3019,'1496406',1010,,1137,36,0,5,0
3019,'1496407',1240,,1138,36,0,5,0
3019,'1496408',1340,,1139,36,0,5,0
3019,'1496409',859,,1140,95,,,0
3019,'1496410',810,,1141,36,0,5,0
3019,'1496411',1829,,1142,95,,,0
3019,'1496412',1459,,1143,95,,,0
3019,'1496413',1059,,1144,95,,,0
3019,'1496414',940,,1145,36,0,5,0
3019,'1496415',1610,,1146,36,0,5,0
3019,'1496416',1410,,1147,36,0,5,0
3019,'1496417',1129,,1148,95,,,0
3019,'1496418',1710,,1149,36,0,5,0
3019,'1496419',1140,,1150,36,0,5,0
3019,'1496420',1510,,1151,36,0,5,0
3019,'1496422',1259,,1153,95,,,0
3019,'1496423',1729,,1154,95,,,0
3019,'1496424',1540,,1155,36,0,5,0
3019,'1496425',1029,,1156,95,,,0
3019,'1496426',1559,,1157,95,,,0
3019,'1496427',1914,,1158,95,,,0
3019,'1496428',910,,1159,36,0,5,0
3019,'1496430',559,,1161,5,,,0
3019,'1496431',629,,1162,39,,,0
3019,'1496432',2014,,1163,95,,,0
3019,'1496433',610,,1164,5,0,5,0
3019,'1496434',729,,1165,95,,,0
3019,'1496453',814,,1166,95,,,0
3019,'1496454',1710,,1167,36,0,5,0
3019,'1496455',1514,,1168,95,,,0
3019,'1496456',2210,,1169,36,0,5,0
3019,'1496457',914,,1170,95,,,0
3019,'1496458',1214,,1171,95,,,0
3019,'1496459',2314,,1172,95,,,0
3019,'1496460',1914,,1173,95,,,0
3019,'1496461',1910,,1174,36,0,5,0
3019,'1496462',1410,,1175,36,0,5,0
3019,'1496463',1414,,1176,95,,,0
3019,'1496464',2010,,1177,36,0,5,0
3019,'1496465',2014,,1178,95,,,0
3019,'1496466',2308,,1179,36,0,5,0
3019,'1496467',1714,,1180,95,,,0
3019,'1496468',1014,,1181,95,,,0
3019,'1496469',1314,,1182,95,,,0
3019,'1496470',1810,,1183,36,0,5,0
3019,'1496471',710,,1184,36,0,5,0
3019,'1496472',910,,1185,36,0,5,0
3019,'1496473',2214,,1186,95,,,0
3019,'1496474',1814,,1187,95,,,0
3019,'1496475',1114,,1188,95,,,0
3019,'1496476',1010,,1189,36,0,5,0
3019,'1496477',1310,,1190,36,0,5,0
3019,'1496478',1610,,1191,36,0,5,0
3019,'1496479',1614,,1192,95,,,0
3019,'1496480',1110,,1193,36,0,5,0
3019,'1496481',1510,,1194,36,0,5,0
3019,'1496482',2110,,1195,36,0,5,0
3019,'1496483',810,,1196,36,0,5,0
3019,'1496484',2114,,1197,95,,,0
3019,'1496485',1210,,1198,36,0,5,0
3019,'1496486',644,,1199,39,,,0
3019,'1496488',714,,1201,95,,,0
3019,'1496627',814,,1203,95,,,0
3019,'1496628',1710,,1204,36,0,5,0
3019,'1496629',1514,,1205,95,,,0
3019,'1496630',2210,,1206,36,0,5,0
3019,'1496631',914,,1207,95,,,0
3019,'1496632',1214,,1208,95,,,0
3019,'1496633',1914,,1209,95,,,0
3019,'1496634',1910,,1210,36,0,5,0
3019,'1496635',1410,,1211,36,0,5,0
3019,'1496636',1414,,1212,95,,,0
3019,'1496637',2010,,1213,36,0,5,0
3019,'1496638',2014,,1214,95,,,0
3019,'1496639',2308,,1215,36,0,5,0
3019,'1496640',1714,,1216,95,,,0
3019,'1496641',1014,,1217,95,,,0
3019,'1496642',1314,,1218,95,,,0
3019,'1496643',1810,,1219,36,0,5,0
3019,'1496644',910,,1220,36,0,5,0
3019,'1496645',2214,,1221,95,,,0
3019,'1496646',1814,,1222,95,,,0
3019,'1496647',1114,,1223,95,,,0
3019,'1496648',1010,,1224,36,0,5,0
3019,'1496649',1310,,1225,36,0,5,0
3019,'1496650',1610,,1226,36,0,5,0
3019,'1496651',1614,,1227,95,,,0
3019,'1496652',1110,,1228,36,0,5,0
3019,'1496653',1510,,1229,36,0,5,0
3019,'1496654',2110,,1230,36,0,5,0
3019,'1496655',810,,1231,36,0,5,0
3019,'1496656',2114,,1232,95,,,0
3019,'1496657',1210,,1233,36,0,5,0
3019,'1496658',744,,1234,39,,,0
