3019,'1496126',852,,1057,51,0,5,0
3019,'1496127',1052,,1058,51,0,5,0
3019,'1496132',1122,,1063,51,0,5,0
3019,'1496135',1652,,1066,51,0,5,0
3019,'1496137',1452,,1068,51,0,5,0
3019,'1496139',1222,,1070,51,0,5,0
3019,'1496140',752,,1071,51,0,5,0
3019,'1496143',722,,1074,51,0,5,0
3019,'1496145',1752,,1076,51,0,5,0
3019,'1496147',1322,,1078,51,0,5,0
3019,'1496148',1022,,1079,51,0,5,0
3019,'1496149',1252,,1080,51,0,5,0
3019,'1496150',1352,,1081,51,0,5,0
3019,'1496152',822,,1083,51,0,5,0
3019,'1496156',952,,1087,51,0,5,0
3019,'1496157',1622,,1088,51,0,5,0
3019,'1496158',1422,,1089,51,0,5,0
3019,'1496160',1722,,1091,51,0,5,0
3019,'1496161',1152,,1092,51,0,5,0
3019,'1496162',1522,,1093,51,0,5,0
3019,'1496166',1552,,1097,51,0,5,0
3019,'1496169',922,,1100,51,0,5,0
3019,'1496172',622,,1103,20,0,5,0
3019,'1496375',852,,1106,51,0,5,0
3019,'1496376',1052,,1107,51,0,5,0
3019,'1496379',2122,,1110,51,0,5,0
3019,'1496383',2222,,1114,51,0,5,0
3019,'1496384',1122,,1115,51,0,5,0
3019,'1496387',1652,,1118,51,0,5,0
3019,'1496389',2317,,1120,51,0,5,0
3019,'1496390',1452,,1121,51,0,5,0
3019,'1496391',1922,,1122,51,0,5,0
3019,'1496393',1222,,1124,51,0,5,0
3019,'1496394',752,,1125,51,0,5,0
3019,'1496397',2022,,1128,51,0,5,0
3019,'1496399',722,,1130,51,0,5,0
3019,'1496401',1752,,1132,51,0,5,0
3019,'1496403',1322,,1134,51,0,5,0
3019,'1496405',1822,,1136,51,0,5,0
3019,'1496406',1022,,1137,51,0,5,0
3019,'1496407',1252,,1138,51,0,5,0
3019,'1496408',1352,,1139,51,0,5,0
3019,'1496410',822,,1141,51,0,5,0
3019,'1496414',952,,1145,51,0,5,0
3019,'1496415',1622,,1146,51,0,5,0
3019,'1496416',1422,,1147,51,0,5,0
3019,'1496418',1722,,1149,51,0,5,0
3019,'1496419',1152,,1150,51,0,5,0
3019,'1496420',1522,,1151,51,0,5,0
3019,'1496424',1552,,1155,51,0,5,0
3019,'1496428',922,,1159,51,0,5,0
3019,'1496433',622,,1164,20,0,5,0
3019,'1496454',1722,,1167,51,0,5,0
3019,'1496456',2222,,1169,51,0,5,0
3019,'1496461',1922,,1174,51,0,5,0
3019,'1496462',1422,,1175,51,0,5,0
3019,'1496464',2022,,1177,51,0,5,0
3019,'1496466',2319,,1179,51,0,5,0
3019,'1496470',1822,,1183,51,0,5,0
3019,'1496471',722,,1184,51,0,5,0
3019,'1496472',922,,1185,51,0,5,0
3019,'1496476',1022,,1189,51,0,5,0
3019,'1496477',1322,,1190,51,0,5,0
3019,'1496478',1622,,1191,51,0,5,0
3019,'1496480',1122,,1193,51,0,5,0
3019,'1496481',1522,,1194,51,0,5,0
3019,'1496482',2122,,1195,51,0,5,0
3019,'1496483',822,,1196,51,0,5,0
3019,'1496485',1222,,1198,51,0,5,0
3019,'1496628',1722,,1204,51,0,5,0
3019,'1496630',2222,,1206,51,0,5,0
3019,'1496634',1922,,1210,51,0,5,0
3019,'1496635',1422,,1211,51,0,5,0
3019,'1496637',2022,,1213,51,0,5,0
3019,'1496639',2319,,1215,51,0,5,0
3019,'1496643',1822,,1219,51,0,5,0
3019,'1496644',922,,1220,51,0,5,0
3019,'1496648',1022,,1224,51,0,5,0
3019,'1496649',1322,,1225,51,0,5,0
3019,'1496650',1622,,1226,51,0,5,0
3019,'1496652',1122,,1228,51,0,5,0
3019,'1496653',1522,,1229,51,0,5,0
3019,'1496654',2122,,1230,51,0,5,0
3019,'1496655',822,,1231,51,0,5,0
3019,'1496657',1222,,1233,51,0,5,0
