4019,'1496112',638,,1237,14,,,0
4019,'1496113',1038,,1238,14,,,0
4019,'1496114',838,,1239,14,,,0
4019,'1496115',1638,,1240,14,,,0
4019,'1496116',938,,1241,14,,,0
4019,'1496117',1138,,1242,14,,,0
4019,'1496118',738,,1243,14,,,0
4019,'1496119',1538,,1244,14,,,0
4019,'1496120',1738,,1245,14,,,0
4019,'1496121',1338,,1246,14,,,0
4019,'1496122',1438,,1247,14,,,0
4019,'1496123',1238,,1248,14,,,0
4019,'1496355',638,,1250,14,,,0
4019,'1496356',2322,,1251,14,,,0
4019,'1496357',1038,,1252,14,,,0
4019,'1496358',838,,1253,14,,,0
4019,'1496359',2023,,1254,14,,,0
4019,'1496360',1638,,1255,14,,,0
4019,'1496361',1838,,1256,14,,,0
4019,'1496362',2123,,1257,14,,,0
4019,'1496363',938,,1258,14,,,0
4019,'1496364',1138,,1259,14,,,0
4019,'1496365',1923,,1260,14,,,0
4019,'1496366',738,,1261,14,,,0
4019,'1496367',1538,,1262,14,,,0
4019,'1496368',1738,,1263,14,,,0
4019,'1496369',1338,,1264,14,,,0
4019,'1496370',1438,,1265,14,,,0
4019,'1496371',2223,,1266,14,,,0
4019,'1496372',1238,,1267,14,,,0
4019,'1496435',823,,1269,14,,,0
4019,'1496436',723,,1270,14,,,0
4019,'1496437',1623,,1271,14,,,0
4019,'1496438',2223,,1272,14,,,0
4019,'1496439',1723,,1273,14,,,0
4019,'1496440',1423,,1274,14,,,0
4019,'1496441',2123,,1275,14,,,0
4019,'1496442',1023,,1276,14,,,0
4019,'1496443',1923,,1277,14,,,0
4019,'1496444',1523,,1278,14,,,0
4019,'1496445',923,,1279,14,,,0
4019,'1496446',1823,,1280,14,,,0
4019,'1496447',1323,,1281,14,,,0
4019,'1496448',623,,1282,14,,,0
4019,'1496449',2023,,1283,14,,,0
4019,'1496450',1123,,1284,14,,,0
4019,'1496451',1223,,1285,14,,,0
4019,'1496452',2322,,1286,14,,,0
4019,'1496661',823,,1287,14,,,0
4019,'1496662',723,,1288,14,,,0
4019,'1496663',1623,,1289,14,,,0
4019,'1496664',2223,,1290,14,,,0
4019,'1496665',1723,,1291,14,,,0
4019,'1496666',1423,,1292,14,,,0
4019,'1496667',2123,,1293,14,,,0
4019,'1496668',1023,,1294,14,,,0
4019,'1496669',1923,,1295,14,,,0
4019,'1496670',1523,,1296,14,,,0
4019,'1496671',923,,1297,14,,,0
4019,'1496672',1823,,1298,14,,,0
4019,'1496673',1323,,1299,14,,,0
4019,'1496674',2023,,1300,14,,,0
4019,'1496675',1123,,1301,14,,,0
4019,'1496676',1223,,1302,14,,,0
4019,'1496677',2322,,1303,14,,,0
