3019,'1496126',847,,1057,43,0,5,0
3019,'1496127',1047,,1058,43,0,5,0
3019,'1496132',1117,,1063,43,0,5,0
3019,'1496135',1647,,1066,43,0,5,0
3019,'1496137',1447,,1068,43,0,5,0
3019,'1496139',1217,,1070,43,0,5,0
3019,'1496140',747,,1071,43,0,5,0
3019,'1496143',717,,1074,43,0,5,0
3019,'1496145',1747,,1076,43,0,5,0
3019,'1496147',1317,,1078,43,0,5,0
3019,'1496148',1017,,1079,43,0,5,0
3019,'1496149',1247,,1080,43,0,5,0
3019,'1496150',1347,,1081,43,0,5,0
3019,'1496152',817,,1083,43,0,5,0
3019,'1496156',947,,1087,43,0,5,0
3019,'1496157',1617,,1088,43,0,5,0
3019,'1496158',1417,,1089,43,0,5,0
3019,'1496160',1717,,1091,43,0,5,0
3019,'1496161',1147,,1092,43,0,5,0
3019,'1496162',1517,,1093,43,0,5,0
3019,'1496166',1547,,1097,43,0,5,0
3019,'1496169',917,,1100,43,0,5,0
3019,'1496172',617,,1103,12,0,5,0
3019,'1496375',847,,1106,43,0,5,0
3019,'1496376',1047,,1107,43,0,5,0
3019,'1496379',2117,,1110,43,0,5,0
3019,'1496383',2217,,1114,43,0,5,0
3019,'1496384',1117,,1115,43,0,5,0
3019,'1496387',1647,,1118,43,0,5,0
3019,'1496389',2313,,1120,43,0,5,0
3019,'1496390',1447,,1121,43,0,5,0
3019,'1496391',1917,,1122,43,0,5,0
3019,'1496393',1217,,1124,43,0,5,0
3019,'1496394',747,,1125,43,0,5,0
3019,'1496397',2017,,1128,43,0,5,0
3019,'1496399',717,,1130,43,0,5,0
3019,'1496401',1747,,1132,43,0,5,0
3019,'1496403',1317,,1134,43,0,5,0
3019,'1496405',1817,,1136,43,0,5,0
3019,'1496406',1017,,1137,43,0,5,0
3019,'1496407',1247,,1138,43,0,5,0
3019,'1496408',1347,,1139,43,0,5,0
3019,'1496410',817,,1141,43,0,5,0
3019,'1496414',947,,1145,43,0,5,0
3019,'1496415',1617,,1146,43,0,5,0
3019,'1496416',1417,,1147,43,0,5,0
3019,'1496418',1717,,1149,43,0,5,0
3019,'1496419',1147,,1150,43,0,5,0
3019,'1496420',1517,,1151,43,0,5,0
3019,'1496424',1547,,1155,43,0,5,0
3019,'1496428',917,,1159,43,0,5,0
3019,'1496433',617,,1164,12,0,5,0
3019,'1496454',1717,,1167,43,0,5,0
3019,'1496456',2217,,1169,43,0,5,0
3019,'1496461',1917,,1174,43,0,5,0
3019,'1496462',1417,,1175,43,0,5,0
3019,'1496464',2017,,1177,43,0,5,0
3019,'1496466',2314,,1179,43,0,5,0
3019,'1496470',1817,,1183,43,0,5,0
3019,'1496471',717,,1184,43,0,5,0
3019,'1496472',917,,1185,43,0,5,0
3019,'1496476',1017,,1189,43,0,5,0
3019,'1496477',1317,,1190,43,0,5,0
3019,'1496478',1617,,1191,43,0,5,0
3019,'1496480',1117,,1193,43,0,5,0
3019,'1496481',1517,,1194,43,0,5,0
3019,'1496482',2117,,1195,43,0,5,0
3019,'1496483',817,,1196,43,0,5,0
3019,'1496485',1217,,1198,43,0,5,0
3019,'1496628',1717,,1204,43,0,5,0
3019,'1496630',2217,,1206,43,0,5,0
3019,'1496634',1917,,1210,43,0,5,0
3019,'1496635',1417,,1211,43,0,5,0
3019,'1496637',2017,,1213,43,0,5,0
3019,'1496639',2314,,1215,43,0,5,0
3019,'1496643',1817,,1219,43,0,5,0
3019,'1496644',917,,1220,43,0,5,0
3019,'1496648',1017,,1224,43,0,5,0
3019,'1496649',1317,,1225,43,0,5,0
3019,'1496650',1617,,1226,43,0,5,0
3019,'1496652',1117,,1228,43,0,5,0
3019,'1496653',1517,,1229,43,0,5,0
3019,'1496654',2117,,1230,43,0,5,0
3019,'1496655',817,,1231,43,0,5,0
3019,'1496657',1217,,1233,43,0,5,0
