2029,'1496221',631,,971,41,,,0
2029,'1496281',631,,972,41,,,0
2029,'1497044',932,,973,78,,,0
2029,'1497045',1432,,974,78,,,0
2029,'1497046',1232,,975,78,,,0
2029,'1497047',1302,,976,78,,,0
2029,'1497048',1602,,977,78,,,0
2029,'1497049',1002,,978,78,,,0
2029,'1497050',832,,979,78,,,0
2029,'1497051',1632,,980,78,,,0
2029,'1497052',1502,,981,78,,,0
2029,'1497053',1102,,982,78,,,0
2029,'1497054',732,,983,78,,,0
2029,'1497055',1332,,984,78,,,0
2029,'1497056',1702,,985,78,,,0
2029,'1497057',1532,,986,78,,,0
2029,'1497058',1402,,987,78,,,0
2029,'1497059',802,,988,78,,,0
2029,'1497060',1732,,989,78,,,0
2029,'1497061',1032,,990,78,,,0
2029,'1497062',902,,991,78,,,0
2029,'1497063',1202,,992,78,,,0
2029,'1497064',1132,,993,78,,,0
2029,'1497065',1802,,994,78,,,0
2029,'1497066',2032,,995,78,,,0
2029,'1497067',932,,996,78,,,0
2029,'1497068',1432,,997,78,,,0
2029,'1497069',1232,,998,78,,,0
2029,'1497070',1832,,999,78,,,0
2029,'1497071',1302,,1000,78,,,0
2029,'1497072',1602,,1001,78,,,0
2029,'1497073',1002,,1002,78,,,0
2029,'1497074',2232,,1003,78,,,0
2029,'1497075',832,,1004,78,,,0
2029,'1497076',1632,,1005,78,,,0
2029,'1497077',1502,,1006,78,,,0
2029,'1497078',2329,,1007,78,,,0
2029,'1497079',1102,,1008,78,,,0
2029,'1497080',732,,1009,78,,,0
2029,'1497081',1332,,1010,78,,,0
2029,'1497082',1932,,1011,78,,,0
2029,'1497083',1702,,1012,78,,,0
2029,'1497084',1532,,1013,78,,,0
2029,'1497085',1402,,1014,78,,,0
2029,'1497086',802,,1015,78,,,0
2029,'1497087',1732,,1016,78,,,0
2029,'1497088',1032,,1017,78,,,0
2029,'1497089',902,,1018,78,,,0
2029,'1497090',2132,,1019,78,,,0
2029,'1497091',1202,,1020,78,,,0
2029,'1497092',1132,,1021,78,,,0
2029,'1497093',1802,,1022,78,,,0
2029,'1497094',1732,,1023,78,,,0
2029,'1497095',1132,,1024,78,,,0
2029,'1497096',2232,,1025,78,,,0
2029,'1497097',2329,,1026,78,,,0
2029,'1497098',1032,,1027,78,,,0
2029,'1497099',2032,,1028,78,,,0
2029,'1497100',932,,1029,78,,,0
2029,'1497101',1532,,1030,78,,,0
2029,'1497102',2132,,1031,78,,,0
2029,'1497103',1832,,1032,78,,,0
2029,'1497104',1232,,1033,78,,,0
2029,'1497105',1432,,1034,78,,,0
2029,'1497106',832,,1035,78,,,0
2029,'1497107',1332,,1036,78,,,0
2029,'1497108',1932,,1037,78,,,0
2029,'1497109',1632,,1038,78,,,0
2029,'1497110',732,,1039,78,,,0
2029,'1497111',1732,,1040,78,,,0
2029,'1497112',1132,,1041,78,,,0
2029,'1497113',2232,,1042,78,,,0
2029,'1497114',2329,,1043,78,,,0
2029,'1497115',1032,,1044,78,,,0
2029,'1497116',2032,,1045,78,,,0
2029,'1497117',932,,1046,78,,,0
2029,'1497118',1532,,1047,78,,,0
2029,'1497119',2132,,1048,78,,,0
2029,'1497120',1832,,1049,78,,,0
2029,'1497121',1232,,1050,78,,,0
2029,'1497122',1432,,1051,78,,,0
2029,'1497123',832,,1052,78,,,0
2029,'1497124',1332,,1053,78,,,0
2029,'1497125',1932,,1054,78,,,0
2029,'1497126',1632,,1055,78,,,0
