1029,'1496065',1501,,792,59,,,0
1029,'1496066',1601,,793,59,,,0
1029,'1496068',1701,,794,59,,,0
1029,'1496070',801,,795,59,,,0
1029,'1496073',1101,,796,59,,,0
1029,'1496077',931,,797,59,,,0
1029,'1496078',1731,,798,59,,,0
1029,'1496079',1631,,799,59,,,0
1029,'1496081',1231,,800,59,,,0
1029,'1496082',1301,,801,59,,,0
1029,'1496083',1431,,802,59,,,0
1029,'1496084',1031,,803,59,,,0
1029,'1496086',731,,804,59,,,0
1029,'1496088',1801,,805,59,,,0
1029,'1496092',1401,,806,59,,,0
1029,'1496094',1001,,807,59,,,0
1029,'1496096',1201,,808,59,,,0
1029,'1496098',901,,809,59,,,0
1029,'1496101',831,,810,59,,,0
1029,'1496105',1531,,811,59,,,0
1029,'1496106',1331,,812,59,,,0
1029,'1496108',1131,,813,59,,,0
1029,'1496111',633,,814,14,,,0
1029,'1496294',1501,,815,59,,,0
1029,'1496295',1601,,816,59,,,0
1029,'1496297',1701,,817,59,,,0
1029,'1496299',801,,818,59,,,0
1029,'1496300',2131,,819,59,,,0
1029,'1496304',1101,,820,59,,,0
1029,'1496309',2031,,821,59,,,0
1029,'1496310',931,,822,59,,,0
1029,'1496311',1731,,823,59,,,0
1029,'1496312',1631,,824,59,,,0
1029,'1496316',1831,,825,59,,,0
1029,'1496317',1231,,826,59,,,0
1029,'1496318',1301,,827,59,,,0
1029,'1496319',1431,,828,59,,,0
1029,'1496320',1031,,829,59,,,0
1029,'1496322',731,,830,59,,,0
1029,'1496324',1901,,831,59,,,0
1029,'1496325',1801,,832,59,,,0
1029,'1496329',1401,,833,59,,,0
1029,'1496332',1001,,834,59,,,0
1029,'1496333',2231,,835,59,,,0
1029,'1496335',1201,,836,59,,,0
1029,'1496337',2331,,837,59,,,0
1029,'1496339',901,,838,59,,,0
1029,'1496342',831,,839,59,,,0
1029,'1496346',1531,,840,59,,,0
1029,'1496347',1331,,841,59,,,0
1029,'1496349',1131,,842,59,,,0
1029,'1496352',633,,843,14,,,0
1029,'1496354',1931,,844,59,,,0
1029,'1496527',1931,,845,59,,,0
1029,'1496528',2131,,846,59,,,0
1029,'1496533',1831,,847,59,,,0
1029,'1496534',2231,,848,59,,,0
1029,'1496535',1331,,849,59,,,0
1029,'1496537',1131,,850,59,,,0
1029,'1496539',1031,,851,59,,,0
1029,'1496540',2031,,852,59,,,0
1029,'1496542',731,,853,59,,,0
1029,'1496544',2331,,854,59,,,0
1029,'1496545',1531,,855,59,,,0
1029,'1496547',1631,,856,59,,,0
1029,'1496550',831,,857,59,,,0
1029,'1496551',1231,,858,59,,,0
1029,'1496552',931,,859,59,,,0
1029,'1496555',1731,,860,59,,,0
1029,'1496556',1431,,861,59,,,0
1029,'1496562',1931,,862,59,,,0
1029,'1496563',2131,,863,59,,,0
1029,'1496567',1831,,864,59,,,0
1029,'1496568',2231,,865,59,,,0
1029,'1496569',1331,,866,59,,,0
1029,'1496571',1131,,867,59,,,0
1029,'1496573',1031,,868,59,,,0
1029,'1496574',2031,,869,59,,,0
1029,'1496577',2331,,870,59,,,0
1029,'1496578',1531,,871,59,,,0
1029,'1496580',1631,,872,59,,,0
1029,'1496583',831,,873,59,,,0
1029,'1496584',1231,,874,59,,,0
1029,'1496585',931,,875,59,,,0
1029,'1496588',1731,,876,59,,,0
1029,'1496589',1431,,877,59,,,0
