1029,'1496065',1425,,792,19,,,0
1029,'1496066',1525,,793,19,,,0
1029,'1496068',1625,,794,19,,,0
1029,'1496070',725,,795,19,,,0
1029,'1496073',1025,,796,19,,,0
1029,'1496077',855,,797,19,,,0
1029,'1496078',1655,,798,19,,,0
1029,'1496079',1555,,799,19,,,0
1029,'1496081',1155,,800,19,,,0
1029,'1496082',1225,,801,19,,,0
1029,'1496083',1355,,802,19,,,0
1029,'1496084',955,,803,19,,,0
1029,'1496086',655,,804,19,,,0
1029,'1496088',1725,,805,19,,,0
1029,'1496092',1325,,806,19,,,0
1029,'1496094',925,,807,19,,,0
1029,'1496096',1125,,808,19,,,0
1029,'1496098',825,,809,19,,,0
1029,'1496101',755,,810,19,,,0
1029,'1496105',1455,,811,19,,,0
1029,'1496106',1255,,812,19,,,0
1029,'1496108',1055,,813,19,,,0
1029,'1496294',1425,,815,19,,,0
1029,'1496295',1525,,816,19,,,0
1029,'1496297',1625,,817,19,,,0
1029,'1496299',725,,818,19,,,0
1029,'1496300',2055,,819,19,,,0
1029,'1496304',1025,,820,19,,,0
1029,'1496309',1955,,821,19,,,0
1029,'1496310',855,,822,19,,,0
1029,'1496311',1655,,823,19,,,0
1029,'1496312',1555,,824,19,,,0
1029,'1496316',1755,,825,19,,,0
1029,'1496317',1155,,826,19,,,0
1029,'1496318',1225,,827,19,,,0
1029,'1496319',1355,,828,19,,,0
1029,'1496320',955,,829,19,,,0
1029,'1496322',655,,830,19,,,0
1029,'1496324',1825,,831,19,,,0
1029,'1496325',1725,,832,19,,,0
1029,'1496329',1325,,833,19,,,0
1029,'1496332',925,,834,19,,,0
1029,'1496333',2155,,835,19,,,0
1029,'1496335',1125,,836,19,,,0
1029,'1496337',2255,,837,19,,,0
1029,'1496339',825,,838,19,,,0
1029,'1496342',755,,839,19,,,0
1029,'1496346',1455,,840,19,,,0
1029,'1496347',1255,,841,19,,,0
1029,'1496349',1055,,842,19,,,0
1029,'1496354',1855,,844,19,,,0
1029,'1496527',1855,,845,19,,,0
1029,'1496528',2055,,846,19,,,0
1029,'1496533',1755,,847,19,,,0
1029,'1496534',2155,,848,19,,,0
1029,'1496535',1255,,849,19,,,0
1029,'1496537',1055,,850,19,,,0
1029,'1496539',955,,851,19,,,0
1029,'1496540',1955,,852,19,,,0
1029,'1496542',655,,853,19,,,0
1029,'1496544',2255,,854,19,,,0
1029,'1496545',1455,,855,19,,,0
1029,'1496547',1555,,856,19,,,0
1029,'1496550',755,,857,19,,,0
1029,'1496551',1155,,858,19,,,0
1029,'1496552',855,,859,19,,,0
1029,'1496555',1655,,860,19,,,0
1029,'1496556',1355,,861,19,,,0
1029,'1496562',1855,,862,19,,,0
1029,'1496563',2055,,863,19,,,0
1029,'1496567',1755,,864,19,,,0
1029,'1496568',2155,,865,19,,,0
1029,'1496569',1255,,866,19,,,0
1029,'1496571',1055,,867,19,,,0
1029,'1496573',955,,868,19,,,0
1029,'1496574',1955,,869,19,,,0
1029,'1496577',2255,,870,19,,,0
1029,'1496578',1455,,871,19,,,0
1029,'1496580',1555,,872,19,,,0
1029,'1496583',755,,873,19,,,0
1029,'1496584',1155,,874,19,,,0
1029,'1496585',855,,875,19,,,0
1029,'1496588',1655,,876,19,,,0
1029,'1496589',1355,,877,19,,,0
