3019,'1496125',1647,,1056,116,,,0
3019,'1496128',1817,,1059,116,,,0
3019,'1496129',947,,1060,116,,,0
3019,'1496130',817,,1061,116,,,0
3019,'1496131',1717,,1062,116,,,0
3019,'1496133',1247,,1064,116,,,0
3019,'1496134',1217,,1065,116,,,0
3019,'1496136',847,,1067,116,,,0
3019,'1496138',1017,,1069,116,,,0
3019,'1496141',1447,,1072,116,,,0
3019,'1496142',1417,,1073,116,,,0
3019,'1496144',1547,,1075,116,,,0
3019,'1496146',1347,,1077,116,,,0
3019,'1496151',917,,1082,116,,,0
3019,'1496153',1847,,1084,116,,,0
3019,'1496154',1517,,1085,116,,,0
3019,'1496155',1117,,1086,116,,,0
3019,'1496159',1147,,1090,116,,,0
3019,'1496164',1317,,1095,116,,,0
3019,'1496165',1747,,1096,116,,,0
3019,'1496167',1047,,1098,116,,,0
3019,'1496168',1617,,1099,116,,,0
3019,'1496170',617,,1101,26,,,0
3019,'1496171',647,,1102,60,,,0
3019,'1496173',747,,1104,116,,,0
3019,'1496374',1647,,1105,116,,,0
3019,'1496377',1817,,1108,116,,,0
3019,'1496378',2132,,1109,116,,,0
3019,'1496380',947,,1111,116,,,0
3019,'1496381',817,,1112,116,,,0
3019,'1496382',1717,,1113,116,,,0
3019,'1496385',1247,,1116,116,,,0
3019,'1496386',1217,,1117,116,,,0
3019,'1496388',847,,1119,116,,,0
3019,'1496392',1017,,1123,116,,,0
3019,'1496395',2332,,1126,116,,,0
3019,'1496396',1447,,1127,116,,,0
3019,'1496398',1417,,1129,116,,,0
3019,'1496400',1547,,1131,116,,,0
3019,'1496402',1347,,1133,116,,,0
3019,'1496404',2232,,1135,116,,,0
3019,'1496409',917,,1140,116,,,0
3019,'1496411',1847,,1142,116,,,0
3019,'1496412',1517,,1143,116,,,0
3019,'1496413',1117,,1144,116,,,0
3019,'1496417',1147,,1148,116,,,0
3019,'1496422',1317,,1153,116,,,0
3019,'1496423',1747,,1154,116,,,0
3019,'1496425',1047,,1156,116,,,0
3019,'1496426',1617,,1157,116,,,0
3019,'1496427',1932,,1158,116,,,0
3019,'1496430',617,,1161,26,,,0
3019,'1496431',647,,1162,60,,,0
3019,'1496432',2032,,1163,116,,,0
3019,'1496434',747,,1165,116,,,0
3019,'1496453',832,,1166,116,,,0
3019,'1496455',1532,,1168,116,,,0
3019,'1496457',932,,1170,116,,,0
3019,'1496458',1232,,1171,116,,,0
3019,'1496459',2332,,1172,116,,,0
3019,'1496460',1932,,1173,116,,,0
3019,'1496463',1432,,1176,116,,,0
3019,'1496465',2032,,1178,116,,,0
3019,'1496467',1732,,1180,116,,,0
3019,'1496468',1032,,1181,116,,,0
3019,'1496469',1332,,1182,116,,,0
3019,'1496473',2232,,1186,116,,,0
3019,'1496474',1832,,1187,116,,,0
3019,'1496475',1132,,1188,116,,,0
3019,'1496479',1632,,1192,116,,,0
3019,'1496484',2132,,1197,116,,,0
3019,'1496486',702,,1199,60,,,0
3019,'1496488',732,,1201,116,,,0
3019,'1496627',832,,1203,116,,,0
3019,'1496629',1532,,1205,116,,,0
3019,'1496631',932,,1207,116,,,0
3019,'1496632',1232,,1208,116,,,0
3019,'1496633',1932,,1209,116,,,0
3019,'1496636',1432,,1212,116,,,0
3019,'1496638',2032,,1214,116,,,0
3019,'1496640',1732,,1216,116,,,0
3019,'1496641',1032,,1217,116,,,0
3019,'1496642',1332,,1218,116,,,0
3019,'1496645',2232,,1221,116,,,0
3019,'1496646',1832,,1222,116,,,0
3019,'1496647',1132,,1223,116,,,0
3019,'1496651',1632,,1227,116,,,0
3019,'1496656',2132,,1232,116,,,0
3019,'1496658',802,,1234,60,,,0
