4019,'1496112',708,,1237,62,,,0
4019,'1496113',1108,,1238,62,,,0
4019,'1496114',908,,1239,62,,,0
4019,'1496115',1708,,1240,62,,,0
4019,'1496116',1008,,1241,62,,,0
4019,'1496117',1208,,1242,62,,,0
4019,'1496118',808,,1243,62,,,0
4019,'1496119',1608,,1244,62,,,0
4019,'1496120',1808,,1245,62,,,0
4019,'1496121',1408,,1246,62,,,0
4019,'1496122',1508,,1247,62,,,0
4019,'1496123',1308,,1248,62,,,0
4019,'1496124',608,,1249,28,,,0
4019,'1496355',708,,1250,62,,,0
4019,'1496356',2347,,1251,62,,,0
4019,'1496357',1108,,1252,62,,,0
4019,'1496358',908,,1253,62,,,0
4019,'1496359',2053,,1254,62,,,0
4019,'1496360',1708,,1255,62,,,0
4019,'1496361',1908,,1256,62,,,0
4019,'1496362',2153,,1257,62,,,0
4019,'1496363',1008,,1258,62,,,0
4019,'1496364',1208,,1259,62,,,0
4019,'1496365',1953,,1260,62,,,0
4019,'1496366',808,,1261,62,,,0
4019,'1496367',1608,,1262,62,,,0
4019,'1496368',1808,,1263,62,,,0
4019,'1496369',1408,,1264,62,,,0
4019,'1496370',1508,,1265,62,,,0
4019,'1496371',2253,,1266,62,,,0
4019,'1496372',1308,,1267,62,,,0
4019,'1496373',608,,1268,28,,,0
4019,'1496435',854,,1269,62,,,0
4019,'1496436',754,,1270,62,,,0
4019,'1496437',1654,,1271,62,,,0
4019,'1496438',2254,,1272,62,,,0
4019,'1496439',1754,,1273,62,,,0
4019,'1496440',1454,,1274,62,,,0
4019,'1496441',2154,,1275,62,,,0
4019,'1496442',1054,,1276,62,,,0
4019,'1496443',1954,,1277,62,,,0
4019,'1496444',1554,,1278,62,,,0
4019,'1496445',954,,1279,62,,,0
4019,'1496446',1854,,1280,62,,,0
4019,'1496447',1354,,1281,62,,,0
4019,'1496448',654,,1282,62,,,0
4019,'1496449',2054,,1283,62,,,0
4019,'1496450',1154,,1284,62,,,0
4019,'1496451',1254,,1285,62,,,0
4019,'1496452',2347,,1286,62,,,0
4019,'1496661',854,,1287,62,,,0
4019,'1496662',754,,1288,62,,,0
4019,'1496663',1654,,1289,62,,,0
4019,'1496664',2254,,1290,62,,,0
4019,'1496665',1754,,1291,62,,,0
4019,'1496666',1454,,1292,62,,,0
4019,'1496667',2154,,1293,62,,,0
4019,'1496668',1054,,1294,62,,,0
4019,'1496669',1954,,1295,62,,,0
4019,'1496670',1554,,1296,62,,,0
4019,'1496671',954,,1297,62,,,0
4019,'1496672',1854,,1298,62,,,0
4019,'1496673',1354,,1299,62,,,0
4019,'1496674',2054,,1300,62,,,0
4019,'1496675',1154,,1301,62,,,0
4019,'1496676',1254,,1302,62,,,0
4019,'1496677',2347,,1303,62,,,0
