2029,'1496221',622,,971,27,,,0
2029,'1496281',622,,972,27,,,0
2029,'1497044',923,,973,64,,,0
2029,'1497045',1423,,974,64,,,0
2029,'1497046',1223,,975,64,,,0
2029,'1497047',1253,,976,64,,,0
2029,'1497048',1553,,977,64,,,0
2029,'1497049',953,,978,64,,,0
2029,'1497050',823,,979,64,,,0
2029,'1497051',1623,,980,64,,,0
2029,'1497052',1453,,981,64,,,0
2029,'1497053',1053,,982,64,,,0
2029,'1497054',723,,983,64,,,0
2029,'1497055',1323,,984,64,,,0
2029,'1497056',1653,,985,64,,,0
2029,'1497057',1523,,986,64,,,0
2029,'1497058',1353,,987,64,,,0
2029,'1497059',753,,988,64,,,0
2029,'1497060',1723,,989,64,,,0
2029,'1497061',1023,,990,64,,,0
2029,'1497062',853,,991,64,,,0
2029,'1497063',1153,,992,64,,,0
2029,'1497064',1123,,993,64,,,0
2029,'1497065',1753,,994,64,,,0
2029,'1497066',2023,,995,64,,,0
2029,'1497067',923,,996,64,,,0
2029,'1497068',1423,,997,64,,,0
2029,'1497069',1223,,998,64,,,0
2029,'1497070',1823,,999,64,,,0
2029,'1497071',1253,,1000,64,,,0
2029,'1497072',1553,,1001,64,,,0
2029,'1497073',953,,1002,64,,,0
2029,'1497074',2223,,1003,64,,,0
2029,'1497075',823,,1004,64,,,0
2029,'1497076',1623,,1005,64,,,0
2029,'1497077',1453,,1006,64,,,0
2029,'1497078',2320,,1007,64,,,0
2029,'1497079',1053,,1008,64,,,0
2029,'1497080',723,,1009,64,,,0
2029,'1497081',1323,,1010,64,,,0
2029,'1497082',1923,,1011,64,,,0
2029,'1497083',1653,,1012,64,,,0
2029,'1497084',1523,,1013,64,,,0
2029,'1497085',1353,,1014,64,,,0
2029,'1497086',753,,1015,64,,,0
2029,'1497087',1723,,1016,64,,,0
2029,'1497088',1023,,1017,64,,,0
2029,'1497089',853,,1018,64,,,0
2029,'1497090',2123,,1019,64,,,0
2029,'1497091',1153,,1020,64,,,0
2029,'1497092',1123,,1021,64,,,0
2029,'1497093',1753,,1022,64,,,0
2029,'1497094',1723,,1023,64,,,0
2029,'1497095',1123,,1024,64,,,0
2029,'1497096',2223,,1025,64,,,0
2029,'1497097',2320,,1026,64,,,0
2029,'1497098',1023,,1027,64,,,0
2029,'1497099',2023,,1028,64,,,0
2029,'1497100',923,,1029,64,,,0
2029,'1497101',1523,,1030,64,,,0
2029,'1497102',2123,,1031,64,,,0
2029,'1497103',1823,,1032,64,,,0
2029,'1497104',1223,,1033,64,,,0
2029,'1497105',1423,,1034,64,,,0
2029,'1497106',823,,1035,64,,,0
2029,'1497107',1323,,1036,64,,,0
2029,'1497108',1923,,1037,64,,,0
2029,'1497109',1623,,1038,64,,,0
2029,'1497110',723,,1039,64,,,0
2029,'1497111',1723,,1040,64,,,0
2029,'1497112',1123,,1041,64,,,0
2029,'1497113',2223,,1042,64,,,0
2029,'1497114',2320,,1043,64,,,0
2029,'1497115',1023,,1044,64,,,0
2029,'1497116',2023,,1045,64,,,0
2029,'1497117',923,,1046,64,,,0
2029,'1497118',1523,,1047,64,,,0
2029,'1497119',2123,,1048,64,,,0
2029,'1497120',1823,,1049,64,,,0
2029,'1497121',1223,,1050,64,,,0
2029,'1497122',1423,,1051,64,,,0
2029,'1497123',823,,1052,64,,,0
2029,'1497124',1323,,1053,64,,,0
2029,'1497125',1923,,1054,64,,,0
2029,'1497126',1623,,1055,64,,,0
