2029,'1496221',632,,971,42,,,0
2029,'1496281',632,,972,42,,,0
2029,'1497044',933,,973,79,,,0
2029,'1497045',1433,,974,79,,,0
2029,'1497046',1233,,975,79,,,0
2029,'1497047',1303,,976,79,,,0
2029,'1497048',1603,,977,79,,,0
2029,'1497049',1003,,978,79,,,0
2029,'1497050',833,,979,79,,,0
2029,'1497051',1633,,980,79,,,0
2029,'1497052',1503,,981,79,,,0
2029,'1497053',1103,,982,79,,,0
2029,'1497054',733,,983,79,,,0
2029,'1497055',1333,,984,79,,,0
2029,'1497056',1703,,985,79,,,0
2029,'1497057',1533,,986,79,,,0
2029,'1497058',1403,,987,79,,,0
2029,'1497059',803,,988,79,,,0
2029,'1497060',1733,,989,79,,,0
2029,'1497061',1033,,990,79,,,0
2029,'1497062',903,,991,79,,,0
2029,'1497063',1203,,992,79,,,0
2029,'1497064',1133,,993,79,,,0
2029,'1497065',1803,,994,79,,,0
2029,'1497066',2033,,995,79,,,0
2029,'1497067',933,,996,79,,,0
2029,'1497068',1433,,997,79,,,0
2029,'1497069',1233,,998,79,,,0
2029,'1497070',1833,,999,79,,,0
2029,'1497071',1303,,1000,79,,,0
2029,'1497072',1603,,1001,79,,,0
2029,'1497073',1003,,1002,79,,,0
2029,'1497074',2233,,1003,79,,,0
2029,'1497075',833,,1004,79,,,0
2029,'1497076',1633,,1005,79,,,0
2029,'1497077',1503,,1006,79,,,0
2029,'1497078',2330,,1007,79,,,0
2029,'1497079',1103,,1008,79,,,0
2029,'1497080',733,,1009,79,,,0
2029,'1497081',1333,,1010,79,,,0
2029,'1497082',1933,,1011,79,,,0
2029,'1497083',1703,,1012,79,,,0
2029,'1497084',1533,,1013,79,,,0
2029,'1497085',1403,,1014,79,,,0
2029,'1497086',803,,1015,79,,,0
2029,'1497087',1733,,1016,79,,,0
2029,'1497088',1033,,1017,79,,,0
2029,'1497089',903,,1018,79,,,0
2029,'1497090',2133,,1019,79,,,0
2029,'1497091',1203,,1020,79,,,0
2029,'1497092',1133,,1021,79,,,0
2029,'1497093',1803,,1022,79,,,0
2029,'1497094',1733,,1023,79,,,0
2029,'1497095',1133,,1024,79,,,0
2029,'1497096',2233,,1025,79,,,0
2029,'1497097',2330,,1026,79,,,0
2029,'1497098',1033,,1027,79,,,0
2029,'1497099',2033,,1028,79,,,0
2029,'1497100',933,,1029,79,,,0
2029,'1497101',1533,,1030,79,,,0
2029,'1497102',2133,,1031,79,,,0
2029,'1497103',1833,,1032,79,,,0
2029,'1497104',1233,,1033,79,,,0
2029,'1497105',1433,,1034,79,,,0
2029,'1497106',833,,1035,79,,,0
2029,'1497107',1333,,1036,79,,,0
2029,'1497108',1933,,1037,79,,,0
2029,'1497109',1633,,1038,79,,,0
2029,'1497110',733,,1039,79,,,0
2029,'1497111',1733,,1040,79,,,0
2029,'1497112',1133,,1041,79,,,0
2029,'1497113',2233,,1042,79,,,0
2029,'1497114',2330,,1043,79,,,0
2029,'1497115',1033,,1044,79,,,0
2029,'1497116',2033,,1045,79,,,0
2029,'1497117',933,,1046,79,,,0
2029,'1497118',1533,,1047,79,,,0
2029,'1497119',2133,,1048,79,,,0
2029,'1497120',1833,,1049,79,,,0
2029,'1497121',1233,,1050,79,,,0
2029,'1497122',1433,,1051,79,,,0
2029,'1497123',833,,1052,79,,,0
2029,'1497124',1333,,1053,79,,,0
2029,'1497125',1933,,1054,79,,,0
2029,'1497126',1633,,1055,79,,,0
3019,'1496125',1622,,1056,86,,,0
3019,'1496126',834,,1057,28,0,5,0
3019,'1496127',1034,,1058,28,0,5,0
3019,'1496128',1752,,1059,86,,,0
3019,'1496129',922,,1060,86,,,0
3019,'1496130',752,,1061,86,,,0
3019,'1496131',1652,,1062,86,,,0
3019,'1496132',1104,,1063,28,0,5,0
3019,'1496133',1222,,1064,86,,,0
3019,'1496134',1152,,1065,86,,,0
3019,'1496135',1634,,1066,28,0,5,0
3019,'1496136',822,,1067,86,,,0
3019,'1496137',1434,,1068,28,0,5,0
3019,'1496138',952,,1069,86,,,0
3019,'1496139',1204,,1070,28,0,5,0
3019,'1496140',734,,1071,28,0,5,0
3019,'1496141',1422,,1072,86,,,0
3019,'1496142',1352,,1073,86,,,0
3019,'1496143',704,,1074,28,0,5,0
3019,'1496144',1522,,1075,86,,,0
3019,'1496145',1734,,1076,28,0,5,0
3019,'1496146',1322,,1077,86,,,0
3019,'1496147',1304,,1078,28,0,5,0
3019,'1496148',1004,,1079,28,0,5,0
3019,'1496149',1234,,1080,28,0,5,0
3019,'1496150',1334,,1081,28,0,5,0
3019,'1496151',852,,1082,86,,,0
3019,'1496152',804,,1083,28,0,5,0
3019,'1496153',1822,,1084,86,,,0
3019,'1496154',1452,,1085,86,,,0
3019,'1496155',1052,,1086,86,,,0
3019,'1496156',934,,1087,28,0,5,0
3019,'1496157',1604,,1088,28,0,5,0
3019,'1496158',1404,,1089,28,0,5,0
3019,'1496159',1122,,1090,86,,,0
3019,'1496160',1704,,1091,28,0,5,0
3019,'1496161',1134,,1092,28,0,5,0
3019,'1496162',1504,,1093,28,0,5,0
3019,'1496164',1252,,1095,86,,,0
3019,'1496165',1722,,1096,86,,,0
3019,'1496166',1534,,1097,28,0,5,0
3019,'1496167',1022,,1098,86,,,0
3019,'1496168',1552,,1099,86,,,0
3019,'1496169',904,,1100,28,0,5,0
3019,'1496171',622,,1102,30,,,0
3019,'1496173',722,,1104,86,,,0
3019,'1496374',1622,,1105,86,,,0
3019,'1496375',834,,1106,28,0,5,0
3019,'1496376',1034,,1107,28,0,5,0
3019,'1496377',1752,,1108,86,,,0
3019,'1496378',2107,,1109,86,,,0
3019,'1496379',2104,,1110,28,0,5,0
3019,'1496380',922,,1111,86,,,0
3019,'1496381',752,,1112,86,,,0
3019,'1496382',1652,,1113,86,,,0
3019,'1496383',2204,,1114,28,0,5,0
3019,'1496384',1104,,1115,28,0,5,0
3019,'1496385',1222,,1116,86,,,0
3019,'1496386',1152,,1117,86,,,0
3019,'1496387',1634,,1118,28,0,5,0
3019,'1496388',822,,1119,86,,,0
3019,'1496389',2304,,1120,28,0,5,0
3019,'1496390',1434,,1121,28,0,5,0
3019,'1496391',1904,,1122,28,0,5,0
3019,'1496392',952,,1123,86,,,0
3019,'1496393',1204,,1124,28,0,5,0
3019,'1496394',734,,1125,28,0,5,0
3019,'1496395',2307,,1126,86,,,0
3019,'1496396',1422,,1127,86,,,0
3019,'1496397',2004,,1128,28,0,5,0
3019,'1496398',1352,,1129,86,,,0
3019,'1496399',704,,1130,28,0,5,0
3019,'1496400',1522,,1131,86,,,0
3019,'1496401',1734,,1132,28,0,5,0
3019,'1496402',1322,,1133,86,,,0
3019,'1496403',1304,,1134,28,0,5,0
3019,'1496404',2207,,1135,86,,,0
3019,'1496405',1804,,1136,28,0,5,0
3019,'1496406',1004,,1137,28,0,5,0
3019,'1496407',1234,,1138,28,0,5,0
3019,'1496408',1334,,1139,28,0,5,0
3019,'1496409',852,,1140,86,,,0
3019,'1496410',804,,1141,28,0,5,0
3019,'1496411',1822,,1142,86,,,0
3019,'1496412',1452,,1143,86,,,0
3019,'1496413',1052,,1144,86,,,0
3019,'1496414',934,,1145,28,0,5,0
3019,'1496415',1604,,1146,28,0,5,0
3019,'1496416',1404,,1147,28,0,5,0
3019,'1496417',1122,,1148,86,,,0
3019,'1496418',1704,,1149,28,0,5,0
3019,'1496419',1134,,1150,28,0,5,0
3019,'1496420',1504,,1151,28,0,5,0
3019,'1496422',1252,,1153,86,,,0
3019,'1496423',1722,,1154,86,,,0
3019,'1496424',1534,,1155,28,0,5,0
3019,'1496425',1022,,1156,86,,,0
3019,'1496426',1552,,1157,86,,,0
3019,'1496427',1907,,1158,86,,,0
3019,'1496428',904,,1159,28,0,5,0
3019,'1496431',622,,1162,30,,,0
3019,'1496432',2007,,1163,86,,,0
3019,'1496434',722,,1165,86,,,0
3019,'1496453',807,,1166,86,,,0
3019,'1496454',1704,,1167,28,0,5,0
3019,'1496455',1507,,1168,86,,,0
3019,'1496456',2204,,1169,28,0,5,0
3019,'1496457',907,,1170,86,,,0
3019,'1496458',1207,,1171,86,,,0
3019,'1496459',2307,,1172,86,,,0
3019,'1496460',1907,,1173,86,,,0
3019,'1496461',1904,,1174,28,0,5,0
3019,'1496462',1404,,1175,28,0,5,0
3019,'1496463',1407,,1176,86,,,0
3019,'1496464',2004,,1177,28,0,5,0
3019,'1496465',2007,,1178,86,,,0
3019,'1496466',2304,,1179,28,0,5,0
3019,'1496467',1707,,1180,86,,,0
3019,'1496468',1007,,1181,86,,,0
3019,'1496469',1307,,1182,86,,,0
3019,'1496470',1804,,1183,28,0,5,0
3019,'1496471',704,,1184,28,0,5,0
3019,'1496472',904,,1185,28,0,5,0
3019,'1496473',2207,,1186,86,,,0
3019,'1496474',1807,,1187,86,,,0
3019,'1496475',1107,,1188,86,,,0
3019,'1496476',1004,,1189,28,0,5,0
3019,'1496477',1304,,1190,28,0,5,0
3019,'1496478',1604,,1191,28,0,5,0
3019,'1496479',1607,,1192,86,,,0
3019,'1496480',1104,,1193,28,0,5,0
3019,'1496481',1504,,1194,28,0,5,0
3019,'1496482',2104,,1195,28,0,5,0
3019,'1496483',804,,1196,28,0,5,0
3019,'1496484',2107,,1197,86,,,0
3019,'1496485',1204,,1198,28,0,5,0
3019,'1496486',637,,1199,30,,,0
3019,'1496488',707,,1201,86,,,0
3019,'1496627',807,,1203,86,,,0
3019,'1496628',1704,,1204,28,0,5,0
3019,'1496629',1507,,1205,86,,,0
3019,'1496630',2204,,1206,28,0,5,0
3019,'1496631',907,,1207,86,,,0
3019,'1496632',1207,,1208,86,,,0
3019,'1496633',1907,,1209,86,,,0
3019,'1496634',1904,,1210,28,0,5,0
3019,'1496635',1404,,1211,28,0,5,0
3019,'1496636',1407,,1212,86,,,0
3019,'1496637',2004,,1213,28,0,5,0
3019,'1496638',2007,,1214,86,,,0
3019,'1496639',2304,,1215,28,0,5,0
3019,'1496640',1707,,1216,86,,,0
3019,'1496641',1007,,1217,86,,,0
3019,'1496642',1307,,1218,86,,,0
3019,'1496643',1804,,1219,28,0,5,0
3019,'1496644',904,,1220,28,0,5,0
3019,'1496645',2207,,1221,86,,,0
3019,'1496646',1807,,1222,86,,,0
3019,'1496647',1107,,1223,86,,,0
3019,'1496648',1004,,1224,28,0,5,0
3019,'1496649',1304,,1225,28,0,5,0
3019,'1496650',1604,,1226,28,0,5,0
3019,'1496651',1607,,1227,86,,,0
3019,'1496652',1104,,1228,28,0,5,0
3019,'1496653',1504,,1229,28,0,5,0
3019,'1496654',2104,,1230,28,0,5,0
3019,'1496655',804,,1231,28,0,5,0
3019,'1496656',2107,,1232,86,,,0
3019,'1496657',1204,,1233,28,0,5,0
3019,'1496658',737,,1234,30,,,0
