2019,'1496174',1217,,878,24,,,0
2019,'1496175',1347,,879,24,,,0
2019,'1496179',1317,,880,24,,,0
2019,'1496181',1447,,881,24,,,0
2019,'1496183',947,,882,24,,,0
2019,'1496184',1517,,883,24,,,0
2019,'1496185',917,,884,24,,,0
2019,'1496187',1117,,885,24,,,0
2019,'1496188',847,,886,24,,,0
2019,'1496189',817,,887,24,,,0
2019,'1496191',1017,,888,24,,,0
2019,'1496194',1547,,889,24,,,0
2019,'1496198',717,,890,24,,,0
2019,'1496200',1717,,891,24,,,0
2019,'1496204',1417,,892,24,,,0
2019,'1496206',1047,,893,24,,,0
2019,'1496208',1147,,894,24,,,0
2019,'1496209',1617,,895,24,,,0
2019,'1496210',1747,,896,24,,,0
2019,'1496211',1647,,897,24,,,0
2019,'1496215',747,,898,24,,,0
2019,'1496216',1247,,899,24,,,0
2019,'1496218',647,,900,24,,,0
2019,'1496223',2232,,903,24,,,0
2019,'1496224',1217,,904,24,,,0
2019,'1496225',1347,,905,24,,,0
2019,'1496227',2132,,906,24,,,0
2019,'1496228',1832,,907,24,,,0
2019,'1496232',1317,,908,24,,,0
2019,'1496234',1447,,909,24,,,0
2019,'1496236',947,,910,24,,,0
2019,'1496237',1517,,911,24,,,0
2019,'1496238',917,,912,24,,,0
2019,'1496240',1117,,913,24,,,0
2019,'1496242',847,,914,24,,,0
2019,'1496243',817,,915,24,,,0
2019,'1496245',1017,,916,24,,,0
2019,'1496248',1547,,917,24,,,0
2019,'1496253',2032,,918,24,,,0
2019,'1496255',717,,919,24,,,0
2019,'1496257',1717,,920,24,,,0
2019,'1496258',2330,,921,24,,,0
2019,'1496262',1417,,922,24,,,0
2019,'1496264',1047,,923,24,,,0
2019,'1496266',1147,,924,24,,,0
2019,'1496267',1617,,925,24,,,0
2019,'1496268',1747,,926,24,,,0
2019,'1496269',1647,,927,24,,,0
2019,'1496274',747,,928,24,,,0
2019,'1496275',1247,,929,24,,,0
2019,'1496277',647,,930,24,,,0
2019,'1496279',546,,932,2,,,0
2019,'1496280',1932,,933,24,,,0
2019,'1496490',1732,,934,24,,,0
2019,'1496491',2132,,935,24,,,0
2019,'1496492',1332,,936,24,,,0
2019,'1496494',1132,,937,24,,,0
2019,'1496495',1432,,938,24,,,0
2019,'1496498',2032,,939,24,,,0
2019,'1496499',732,,940,24,,,0
2019,'1496505',1232,,941,24,,,0
2019,'1496507',2232,,942,24,,,0
2019,'1496510',1532,,943,24,,,0
2019,'1496511',1832,,944,24,,,0
2019,'1496512',1032,,945,24,,,0
2019,'1496516',932,,946,24,,,0
2019,'1496518',832,,947,24,,,0
2019,'1496520',1632,,948,24,,,0
2019,'1496521',1932,,949,24,,,0
2019,'1496523',632,,950,24,,,0
2019,'1496525',2329,,952,24,,,0
2019,'1496594',1732,,953,24,,,0
2019,'1496595',2132,,954,24,,,0
2019,'1496596',1332,,955,24,,,0
2019,'1496598',1132,,956,24,,,0
2019,'1496599',1432,,957,24,,,0
2019,'1496602',2032,,958,24,,,0
2019,'1496603',732,,959,24,,,0
2019,'1496609',1232,,960,24,,,0
2019,'1496613',1532,,961,24,,,0
2019,'1496614',1832,,962,24,,,0
2019,'1496615',1032,,963,24,,,0
2019,'1496619',932,,964,24,,,0
2019,'1496621',832,,965,24,,,0
2019,'1496623',1632,,966,24,,,0
2019,'1496624',1932,,967,24,,,0
2019,'1496626',2329,,969,24,,,0
