3019,'1496125',1604,,1056,62,,,0
3019,'1496128',1734,,1059,62,,,0
3019,'1496129',904,,1060,62,,,0
3019,'1496130',734,,1061,62,,,0
3019,'1496131',1634,,1062,62,,,0
3019,'1496133',1204,,1064,62,,,0
3019,'1496134',1134,,1065,62,,,0
3019,'1496136',804,,1067,62,,,0
3019,'1496138',934,,1069,62,,,0
3019,'1496141',1404,,1072,62,,,0
3019,'1496142',1334,,1073,62,,,0
3019,'1496144',1504,,1075,62,,,0
3019,'1496146',1304,,1077,62,,,0
3019,'1496151',834,,1082,62,,,0
3019,'1496153',1804,,1084,62,,,0
3019,'1496154',1434,,1085,62,,,0
3019,'1496155',1034,,1086,62,,,0
3019,'1496159',1104,,1090,62,,,0
3019,'1496164',1234,,1095,62,,,0
3019,'1496165',1704,,1096,62,,,0
3019,'1496167',1004,,1098,62,,,0
3019,'1496168',1534,,1099,62,,,0
3019,'1496171',604,,1102,6,,,0
3019,'1496173',704,,1104,62,,,0
3019,'1496374',1604,,1105,62,,,0
3019,'1496377',1734,,1108,62,,,0
3019,'1496378',2049,,1109,62,,,0
3019,'1496380',904,,1111,62,,,0
3019,'1496381',734,,1112,62,,,0
3019,'1496382',1634,,1113,62,,,0
3019,'1496385',1204,,1116,62,,,0
3019,'1496386',1134,,1117,62,,,0
3019,'1496388',804,,1119,62,,,0
3019,'1496392',934,,1123,62,,,0
3019,'1496395',2249,,1126,62,,,0
3019,'1496396',1404,,1127,62,,,0
3019,'1496398',1334,,1129,62,,,0
3019,'1496400',1504,,1131,62,,,0
3019,'1496402',1304,,1133,62,,,0
3019,'1496404',2149,,1135,62,,,0
3019,'1496409',834,,1140,62,,,0
3019,'1496411',1804,,1142,62,,,0
3019,'1496412',1434,,1143,62,,,0
3019,'1496413',1034,,1144,62,,,0
3019,'1496417',1104,,1148,62,,,0
3019,'1496422',1234,,1153,62,,,0
3019,'1496423',1704,,1154,62,,,0
3019,'1496425',1004,,1156,62,,,0
3019,'1496426',1534,,1157,62,,,0
3019,'1496427',1849,,1158,62,,,0
3019,'1496429',2344,,1160,62,,,0
3019,'1496431',604,,1162,6,,,0
3019,'1496432',1949,,1163,62,,,0
3019,'1496434',704,,1165,62,,,0
3019,'1496453',749,,1166,62,,,0
3019,'1496455',1449,,1168,62,,,0
3019,'1496457',849,,1170,62,,,0
3019,'1496458',1149,,1171,62,,,0
3019,'1496459',2249,,1172,62,,,0
3019,'1496460',1849,,1173,62,,,0
3019,'1496463',1349,,1176,62,,,0
3019,'1496465',1949,,1178,62,,,0
3019,'1496467',1649,,1180,62,,,0
3019,'1496468',949,,1181,62,,,0
3019,'1496469',1249,,1182,62,,,0
3019,'1496473',2149,,1186,62,,,0
3019,'1496474',1749,,1187,62,,,0
3019,'1496475',1049,,1188,62,,,0
3019,'1496479',1549,,1192,62,,,0
3019,'1496484',2049,,1197,62,,,0
3019,'1496486',619,,1199,6,,,0
3019,'1496487',2344,,1200,62,,,0
3019,'1496488',649,,1201,62,,,0
3019,'1496627',749,,1203,62,,,0
3019,'1496629',1449,,1205,62,,,0
3019,'1496631',849,,1207,62,,,0
3019,'1496632',1149,,1208,62,,,0
3019,'1496633',1849,,1209,62,,,0
3019,'1496636',1349,,1212,62,,,0
3019,'1496638',1949,,1214,62,,,0
3019,'1496640',1649,,1216,62,,,0
3019,'1496641',949,,1217,62,,,0
3019,'1496642',1249,,1218,62,,,0
3019,'1496645',2149,,1221,62,,,0
3019,'1496646',1749,,1222,62,,,0
3019,'1496647',1049,,1223,62,,,0
3019,'1496651',1549,,1227,62,,,0
3019,'1496656',2049,,1232,62,,,0
3019,'1496658',719,,1234,6,,,0
3019,'1496659',2344,,1235,62,,,0
