4019,'1496112',721,,1237,75,,,0
4019,'1496113',1121,,1238,75,,,0
4019,'1496114',921,,1239,75,,,0
4019,'1496115',1721,,1240,75,,,0
4019,'1496116',1021,,1241,75,,,0
4019,'1496117',1221,,1242,75,,,0
4019,'1496118',821,,1243,75,,,0
4019,'1496119',1621,,1244,75,,,0
4019,'1496120',1821,,1245,75,,,0
4019,'1496121',1421,,1246,75,,,0
4019,'1496122',1521,,1247,75,,,0
4019,'1496123',1321,,1248,75,,,0
4019,'1496124',621,,1249,41,,,0
4019,'1496355',721,,1250,75,,,0
4019,'1496356',2356,,1251,75,,,0
4019,'1496357',1121,,1252,75,,,0
4019,'1496358',921,,1253,75,,,0
4019,'1496359',2106,,1254,75,,,0
4019,'1496360',1721,,1255,75,,,0
4019,'1496361',1921,,1256,75,,,0
4019,'1496362',2206,,1257,75,,,0
4019,'1496363',1021,,1258,75,,,0
4019,'1496364',1221,,1259,75,,,0
4019,'1496365',2006,,1260,75,,,0
4019,'1496366',821,,1261,75,,,0
4019,'1496367',1621,,1262,75,,,0
4019,'1496368',1821,,1263,75,,,0
4019,'1496369',1421,,1264,75,,,0
4019,'1496370',1521,,1265,75,,,0
4019,'1496371',2306,,1266,75,,,0
4019,'1496372',1321,,1267,75,,,0
4019,'1496373',621,,1268,41,,,0
4019,'1496435',906,,1269,75,,,0
4019,'1496436',806,,1270,75,,,0
4019,'1496437',1706,,1271,75,,,0
4019,'1496438',2306,,1272,75,,,0
4019,'1496439',1806,,1273,75,,,0
4019,'1496440',1506,,1274,75,,,0
4019,'1496441',2206,,1275,75,,,0
4019,'1496442',1106,,1276,75,,,0
4019,'1496443',2006,,1277,75,,,0
4019,'1496444',1606,,1278,75,,,0
4019,'1496445',1006,,1279,75,,,0
4019,'1496446',1906,,1280,75,,,0
4019,'1496447',1406,,1281,75,,,0
4019,'1496448',706,,1282,75,,,0
4019,'1496449',2106,,1283,75,,,0
4019,'1496450',1206,,1284,75,,,0
4019,'1496451',1306,,1285,75,,,0
4019,'1496452',2356,,1286,75,,,0
4019,'1496661',906,,1287,75,,,0
4019,'1496662',806,,1288,75,,,0
4019,'1496663',1706,,1289,75,,,0
4019,'1496664',2306,,1290,75,,,0
4019,'1496665',1806,,1291,75,,,0
4019,'1496666',1506,,1292,75,,,0
4019,'1496667',2206,,1293,75,,,0
4019,'1496668',1106,,1294,75,,,0
4019,'1496669',2006,,1295,75,,,0
4019,'1496670',1606,,1296,75,,,0
4019,'1496671',1006,,1297,75,,,0
4019,'1496672',1906,,1298,75,,,0
4019,'1496673',1406,,1299,75,,,0
4019,'1496674',2106,,1300,75,,,0
4019,'1496675',1206,,1301,75,,,0
4019,'1496676',1306,,1302,75,,,0
4019,'1496677',2356,,1303,75,,,0
