3019,'1496125',1540,,1056,19,,,0
3019,'1496128',1710,,1059,19,,,0
3019,'1496129',840,,1060,19,,,0
3019,'1496130',710,,1061,19,,,0
3019,'1496131',1610,,1062,19,,,0
3019,'1496133',1140,,1064,19,,,0
3019,'1496134',1110,,1065,19,,,0
3019,'1496136',740,,1067,19,,,0
3019,'1496138',910,,1069,19,,,0
3019,'1496141',1340,,1072,19,,,0
3019,'1496142',1310,,1073,19,,,0
3019,'1496144',1440,,1075,19,,,0
3019,'1496146',1240,,1077,19,,,0
3019,'1496151',810,,1082,19,,,0
3019,'1496153',1740,,1084,19,,,0
3019,'1496154',1410,,1085,19,,,0
3019,'1496155',1010,,1086,19,,,0
3019,'1496159',1040,,1090,19,,,0
3019,'1496164',1210,,1095,19,,,0
3019,'1496165',1640,,1096,19,,,0
3019,'1496167',940,,1098,19,,,0
3019,'1496168',1510,,1099,19,,,0
3019,'1496173',640,,1104,19,,,0
3019,'1496374',1540,,1105,19,,,0
3019,'1496377',1710,,1108,19,,,0
3019,'1496378',2025,,1109,19,,,0
3019,'1496380',840,,1111,19,,,0
3019,'1496381',710,,1112,19,,,0
3019,'1496382',1610,,1113,19,,,0
3019,'1496385',1140,,1116,19,,,0
3019,'1496386',1110,,1117,19,,,0
3019,'1496388',740,,1119,19,,,0
3019,'1496392',910,,1123,19,,,0
3019,'1496395',2225,,1126,19,,,0
3019,'1496396',1340,,1127,19,,,0
3019,'1496398',1310,,1129,19,,,0
3019,'1496400',1440,,1131,19,,,0
3019,'1496402',1240,,1133,19,,,0
3019,'1496404',2125,,1135,19,,,0
3019,'1496409',810,,1140,19,,,0
3019,'1496411',1740,,1142,19,,,0
3019,'1496412',1410,,1143,19,,,0
3019,'1496413',1010,,1144,19,,,0
3019,'1496417',1040,,1148,19,,,0
3019,'1496422',1210,,1153,19,,,0
3019,'1496423',1640,,1154,19,,,0
3019,'1496425',940,,1156,19,,,0
3019,'1496426',1510,,1157,19,,,0
3019,'1496427',1825,,1158,19,,,0
3019,'1496429',2323,,1160,19,,,0
3019,'1496432',1925,,1163,19,,,0
3019,'1496434',640,,1165,19,,,0
3019,'1496453',725,,1166,19,,,0
3019,'1496455',1425,,1168,19,,,0
3019,'1496457',825,,1170,19,,,0
3019,'1496458',1125,,1171,19,,,0
3019,'1496459',2225,,1172,19,,,0
3019,'1496460',1825,,1173,19,,,0
3019,'1496463',1325,,1176,19,,,0
3019,'1496465',1925,,1178,19,,,0
3019,'1496467',1625,,1180,19,,,0
3019,'1496468',925,,1181,19,,,0
3019,'1496469',1225,,1182,19,,,0
3019,'1496473',2125,,1186,19,,,0
3019,'1496474',1725,,1187,19,,,0
3019,'1496475',1025,,1188,19,,,0
3019,'1496479',1525,,1192,19,,,0
3019,'1496484',2025,,1197,19,,,0
3019,'1496487',2323,,1200,19,,,0
3019,'1496488',625,,1201,19,,,0
3019,'1496627',725,,1203,19,,,0
3019,'1496629',1425,,1205,19,,,0
3019,'1496631',825,,1207,19,,,0
3019,'1496632',1125,,1208,19,,,0
3019,'1496633',1825,,1209,19,,,0
3019,'1496636',1325,,1212,19,,,0
3019,'1496638',1925,,1214,19,,,0
3019,'1496640',1625,,1216,19,,,0
3019,'1496641',925,,1217,19,,,0
3019,'1496642',1225,,1218,19,,,0
3019,'1496645',2125,,1221,19,,,0
3019,'1496646',1725,,1222,19,,,0
3019,'1496647',1025,,1223,19,,,0
3019,'1496651',1525,,1227,19,,,0
3019,'1496656',2025,,1232,19,,,0
3019,'1496659',2323,,1235,19,,,0
