3019,'1496125',1608,,1056,67,,,0
3019,'1496128',1738,,1059,67,,,0
3019,'1496129',908,,1060,67,,,0
3019,'1496130',738,,1061,67,,,0
3019,'1496131',1638,,1062,67,,,0
3019,'1496133',1208,,1064,67,,,0
3019,'1496134',1138,,1065,67,,,0
3019,'1496136',808,,1067,67,,,0
3019,'1496138',938,,1069,67,,,0
3019,'1496141',1408,,1072,67,,,0
3019,'1496142',1338,,1073,67,,,0
3019,'1496144',1508,,1075,67,,,0
3019,'1496146',1308,,1077,67,,,0
3019,'1496151',838,,1082,67,,,0
3019,'1496153',1808,,1084,67,,,0
3019,'1496154',1438,,1085,67,,,0
3019,'1496155',1038,,1086,67,,,0
3019,'1496159',1108,,1090,67,,,0
3019,'1496164',1238,,1095,67,,,0
3019,'1496165',1708,,1096,67,,,0
3019,'1496167',1008,,1098,67,,,0
3019,'1496168',1538,,1099,67,,,0
3019,'1496171',608,,1102,11,,,0
3019,'1496173',708,,1104,67,,,0
3019,'1496374',1608,,1105,67,,,0
3019,'1496377',1738,,1108,67,,,0
3019,'1496378',2053,,1109,67,,,0
3019,'1496380',908,,1111,67,,,0
3019,'1496381',738,,1112,67,,,0
3019,'1496382',1638,,1113,67,,,0
3019,'1496385',1208,,1116,67,,,0
3019,'1496386',1138,,1117,67,,,0
3019,'1496388',808,,1119,67,,,0
3019,'1496392',938,,1123,67,,,0
3019,'1496395',2253,,1126,67,,,0
3019,'1496396',1408,,1127,67,,,0
3019,'1496398',1338,,1129,67,,,0
3019,'1496400',1508,,1131,67,,,0
3019,'1496402',1308,,1133,67,,,0
3019,'1496404',2153,,1135,67,,,0
3019,'1496409',838,,1140,67,,,0
3019,'1496411',1808,,1142,67,,,0
3019,'1496412',1438,,1143,67,,,0
3019,'1496413',1038,,1144,67,,,0
3019,'1496417',1108,,1148,67,,,0
3019,'1496422',1238,,1153,67,,,0
3019,'1496423',1708,,1154,67,,,0
3019,'1496425',1008,,1156,67,,,0
3019,'1496426',1538,,1157,67,,,0
3019,'1496427',1853,,1158,67,,,0
3019,'1496429',2347,,1160,67,,,0
3019,'1496431',608,,1162,11,,,0
3019,'1496432',1953,,1163,67,,,0
3019,'1496434',708,,1165,67,,,0
3019,'1496453',753,,1166,67,,,0
3019,'1496455',1453,,1168,67,,,0
3019,'1496457',853,,1170,67,,,0
3019,'1496458',1153,,1171,67,,,0
3019,'1496459',2253,,1172,67,,,0
3019,'1496460',1853,,1173,67,,,0
3019,'1496463',1353,,1176,67,,,0
3019,'1496465',1953,,1178,67,,,0
3019,'1496467',1653,,1180,67,,,0
3019,'1496468',953,,1181,67,,,0
3019,'1496469',1253,,1182,67,,,0
3019,'1496473',2153,,1186,67,,,0
3019,'1496474',1753,,1187,67,,,0
3019,'1496475',1053,,1188,67,,,0
3019,'1496479',1553,,1192,67,,,0
3019,'1496484',2053,,1197,67,,,0
3019,'1496486',623,,1199,11,,,0
3019,'1496487',2347,,1200,67,,,0
3019,'1496488',653,,1201,67,,,0
3019,'1496627',753,,1203,67,,,0
3019,'1496629',1453,,1205,67,,,0
3019,'1496631',853,,1207,67,,,0
3019,'1496632',1153,,1208,67,,,0
3019,'1496633',1853,,1209,67,,,0
3019,'1496636',1353,,1212,67,,,0
3019,'1496638',1953,,1214,67,,,0
3019,'1496640',1653,,1216,67,,,0
3019,'1496641',953,,1217,67,,,0
3019,'1496642',1253,,1218,67,,,0
3019,'1496645',2153,,1221,67,,,0
3019,'1496646',1753,,1222,67,,,0
3019,'1496647',1053,,1223,67,,,0
3019,'1496651',1553,,1227,67,,,0
3019,'1496656',2053,,1232,67,,,0
3019,'1496658',723,,1234,11,,,0
3019,'1496659',2347,,1235,67,,,0
