1029,'1496065',1439,,792,38,,,0
1029,'1496066',1539,,793,38,,,0
1029,'1496068',1639,,794,38,,,0
1029,'1496070',739,,795,38,,,0
1029,'1496073',1039,,796,38,,,0
1029,'1496077',909,,797,38,,,0
1029,'1496078',1709,,798,38,,,0
1029,'1496079',1609,,799,38,,,0
1029,'1496081',1209,,800,38,,,0
1029,'1496082',1239,,801,38,,,0
1029,'1496083',1409,,802,38,,,0
1029,'1496084',1009,,803,38,,,0
1029,'1496086',709,,804,38,,,0
1029,'1496088',1739,,805,38,,,0
1029,'1496092',1339,,806,38,,,0
1029,'1496094',939,,807,38,,,0
1029,'1496096',1139,,808,38,,,0
1029,'1496098',839,,809,38,,,0
1029,'1496101',809,,810,38,,,0
1029,'1496105',1509,,811,38,,,0
1029,'1496106',1309,,812,38,,,0
1029,'1496108',1109,,813,38,,,0
1029,'1496294',1439,,815,38,,,0
1029,'1496295',1539,,816,38,,,0
1029,'1496297',1639,,817,38,,,0
1029,'1496299',739,,818,38,,,0
1029,'1496300',2109,,819,38,,,0
1029,'1496304',1039,,820,38,,,0
1029,'1496309',2009,,821,38,,,0
1029,'1496310',909,,822,38,,,0
1029,'1496311',1709,,823,38,,,0
1029,'1496312',1609,,824,38,,,0
1029,'1496316',1809,,825,38,,,0
1029,'1496317',1209,,826,38,,,0
1029,'1496318',1239,,827,38,,,0
1029,'1496319',1409,,828,38,,,0
1029,'1496320',1009,,829,38,,,0
1029,'1496322',709,,830,38,,,0
1029,'1496324',1839,,831,38,,,0
1029,'1496325',1739,,832,38,,,0
1029,'1496329',1339,,833,38,,,0
1029,'1496332',939,,834,38,,,0
1029,'1496333',2209,,835,38,,,0
1029,'1496335',1139,,836,38,,,0
1029,'1496337',2309,,837,38,,,0
1029,'1496339',839,,838,38,,,0
1029,'1496342',809,,839,38,,,0
1029,'1496346',1509,,840,38,,,0
1029,'1496347',1309,,841,38,,,0
1029,'1496349',1109,,842,38,,,0
1029,'1496354',1909,,844,38,,,0
1029,'1496527',1909,,845,38,,,0
1029,'1496528',2109,,846,38,,,0
1029,'1496533',1809,,847,38,,,0
1029,'1496534',2209,,848,38,,,0
1029,'1496535',1309,,849,38,,,0
1029,'1496537',1109,,850,38,,,0
1029,'1496539',1009,,851,38,,,0
1029,'1496540',2009,,852,38,,,0
1029,'1496542',709,,853,38,,,0
1029,'1496544',2309,,854,38,,,0
1029,'1496545',1509,,855,38,,,0
1029,'1496547',1609,,856,38,,,0
1029,'1496550',809,,857,38,,,0
1029,'1496551',1209,,858,38,,,0
1029,'1496552',909,,859,38,,,0
1029,'1496555',1709,,860,38,,,0
1029,'1496556',1409,,861,38,,,0
1029,'1496562',1909,,862,38,,,0
1029,'1496563',2109,,863,38,,,0
1029,'1496567',1809,,864,38,,,0
1029,'1496568',2209,,865,38,,,0
1029,'1496569',1309,,866,38,,,0
1029,'1496571',1109,,867,38,,,0
1029,'1496573',1009,,868,38,,,0
1029,'1496574',2009,,869,38,,,0
1029,'1496577',2309,,870,38,,,0
1029,'1496578',1509,,871,38,,,0
1029,'1496580',1609,,872,38,,,0
1029,'1496583',809,,873,38,,,0
1029,'1496584',1209,,874,38,,,0
1029,'1496585',909,,875,38,,,0
1029,'1496588',1709,,876,38,,,0
1029,'1496589',1409,,877,38,,,0
