4019,'1496112',656,,1237,38,,,0
4019,'1496113',1056,,1238,38,,,0
4019,'1496114',856,,1239,38,,,0
4019,'1496115',1656,,1240,38,,,0
4019,'1496116',956,,1241,38,,,0
4019,'1496117',1156,,1242,38,,,0
4019,'1496118',756,,1243,38,,,0
4019,'1496119',1556,,1244,38,,,0
4019,'1496120',1756,,1245,38,,,0
4019,'1496121',1356,,1246,38,,,0
4019,'1496122',1456,,1247,38,,,0
4019,'1496123',1256,,1248,38,,,0
4019,'1496124',557,,1249,4,,,0
4019,'1496355',656,,1250,38,,,0
4019,'1496356',2337,,1251,38,,,0
4019,'1496357',1056,,1252,38,,,0
4019,'1496358',856,,1253,38,,,0
4019,'1496359',2041,,1254,38,,,0
4019,'1496360',1656,,1255,38,,,0
4019,'1496361',1856,,1256,38,,,0
4019,'1496362',2141,,1257,38,,,0
4019,'1496363',956,,1258,38,,,0
4019,'1496364',1156,,1259,38,,,0
4019,'1496365',1941,,1260,38,,,0
4019,'1496366',756,,1261,38,,,0
4019,'1496367',1556,,1262,38,,,0
4019,'1496368',1756,,1263,38,,,0
4019,'1496369',1356,,1264,38,,,0
4019,'1496370',1456,,1265,38,,,0
4019,'1496371',2241,,1266,38,,,0
4019,'1496372',1256,,1267,38,,,0
4019,'1496373',557,,1268,4,,,0
4019,'1496435',841,,1269,38,,,0
4019,'1496436',741,,1270,38,,,0
4019,'1496437',1641,,1271,38,,,0
4019,'1496438',2241,,1272,38,,,0
4019,'1496439',1741,,1273,38,,,0
4019,'1496440',1441,,1274,38,,,0
4019,'1496441',2141,,1275,38,,,0
4019,'1496442',1041,,1276,38,,,0
4019,'1496443',1941,,1277,38,,,0
4019,'1496444',1541,,1278,38,,,0
4019,'1496445',941,,1279,38,,,0
4019,'1496446',1841,,1280,38,,,0
4019,'1496447',1341,,1281,38,,,0
4019,'1496448',641,,1282,38,,,0
4019,'1496449',2041,,1283,38,,,0
4019,'1496450',1141,,1284,38,,,0
4019,'1496451',1241,,1285,38,,,0
4019,'1496452',2337,,1286,38,,,0
4019,'1496661',841,,1287,38,,,0
4019,'1496662',741,,1288,38,,,0
4019,'1496663',1641,,1289,38,,,0
4019,'1496664',2241,,1290,38,,,0
4019,'1496665',1741,,1291,38,,,0
4019,'1496666',1441,,1292,38,,,0
4019,'1496667',2141,,1293,38,,,0
4019,'1496668',1041,,1294,38,,,0
4019,'1496669',1941,,1295,38,,,0
4019,'1496670',1541,,1296,38,,,0
4019,'1496671',941,,1297,38,,,0
4019,'1496672',1841,,1298,38,,,0
4019,'1496673',1341,,1299,38,,,0
4019,'1496674',2041,,1300,38,,,0
4019,'1496675',1141,,1301,38,,,0
4019,'1496676',1241,,1302,38,,,0
4019,'1496677',2337,,1303,38,,,0
