1029,'1496065',1447,,792,49,,,0
1029,'1496066',1547,,793,49,,,0
1029,'1496068',1647,,794,49,,,0
1029,'1496070',747,,795,49,,,0
1029,'1496073',1047,,796,49,,,0
1029,'1496077',917,,797,49,,,0
1029,'1496078',1717,,798,49,,,0
1029,'1496079',1617,,799,49,,,0
1029,'1496081',1217,,800,49,,,0
1029,'1496082',1247,,801,49,,,0
1029,'1496083',1417,,802,49,,,0
1029,'1496084',1017,,803,49,,,0
1029,'1496086',717,,804,49,,,0
1029,'1496088',1747,,805,49,,,0
1029,'1496092',1347,,806,49,,,0
1029,'1496094',947,,807,49,,,0
1029,'1496096',1147,,808,49,,,0
1029,'1496098',847,,809,49,,,0
1029,'1496101',817,,810,49,,,0
1029,'1496105',1517,,811,49,,,0
1029,'1496106',1317,,812,49,,,0
1029,'1496108',1117,,813,49,,,0
1029,'1496111',619,,814,4,,,0
1029,'1496294',1447,,815,49,,,0
1029,'1496295',1547,,816,49,,,0
1029,'1496297',1647,,817,49,,,0
1029,'1496299',747,,818,49,,,0
1029,'1496300',2117,,819,49,,,0
1029,'1496304',1047,,820,49,,,0
1029,'1496309',2017,,821,49,,,0
1029,'1496310',917,,822,49,,,0
1029,'1496311',1717,,823,49,,,0
1029,'1496312',1617,,824,49,,,0
1029,'1496316',1817,,825,49,,,0
1029,'1496317',1217,,826,49,,,0
1029,'1496318',1247,,827,49,,,0
1029,'1496319',1417,,828,49,,,0
1029,'1496320',1017,,829,49,,,0
1029,'1496322',717,,830,49,,,0
1029,'1496324',1847,,831,49,,,0
1029,'1496325',1747,,832,49,,,0
1029,'1496329',1347,,833,49,,,0
1029,'1496332',947,,834,49,,,0
1029,'1496333',2217,,835,49,,,0
1029,'1496335',1147,,836,49,,,0
1029,'1496337',2317,,837,49,,,0
1029,'1496339',847,,838,49,,,0
1029,'1496342',817,,839,49,,,0
1029,'1496346',1517,,840,49,,,0
1029,'1496347',1317,,841,49,,,0
1029,'1496349',1117,,842,49,,,0
1029,'1496352',619,,843,4,,,0
1029,'1496354',1917,,844,49,,,0
1029,'1496527',1917,,845,49,,,0
1029,'1496528',2117,,846,49,,,0
1029,'1496533',1817,,847,49,,,0
1029,'1496534',2217,,848,49,,,0
1029,'1496535',1317,,849,49,,,0
1029,'1496537',1117,,850,49,,,0
1029,'1496539',1017,,851,49,,,0
1029,'1496540',2017,,852,49,,,0
1029,'1496542',717,,853,49,,,0
1029,'1496544',2317,,854,49,,,0
1029,'1496545',1517,,855,49,,,0
1029,'1496547',1617,,856,49,,,0
1029,'1496550',817,,857,49,,,0
1029,'1496551',1217,,858,49,,,0
1029,'1496552',917,,859,49,,,0
1029,'1496555',1717,,860,49,,,0
1029,'1496556',1417,,861,49,,,0
1029,'1496562',1917,,862,49,,,0
1029,'1496563',2117,,863,49,,,0
1029,'1496567',1817,,864,49,,,0
1029,'1496568',2217,,865,49,,,0
1029,'1496569',1317,,866,49,,,0
1029,'1496571',1117,,867,49,,,0
1029,'1496573',1017,,868,49,,,0
1029,'1496574',2017,,869,49,,,0
1029,'1496577',2317,,870,49,,,0
1029,'1496578',1517,,871,49,,,0
1029,'1496580',1617,,872,49,,,0
1029,'1496583',817,,873,49,,,0
1029,'1496584',1217,,874,49,,,0
1029,'1496585',917,,875,49,,,0
1029,'1496588',1717,,876,49,,,0
1029,'1496589',1417,,877,49,,,0
3019,'1496126',828,,1057,22,0,5,0
3019,'1496127',1028,,1058,22,0,5,0
3019,'1496132',1058,,1063,22,0,5,0
3019,'1496135',1628,,1066,22,0,5,0
3019,'1496137',1428,,1068,22,0,5,0
3019,'1496139',1158,,1070,22,0,5,0
3019,'1496140',728,,1071,22,0,5,0
3019,'1496143',658,,1074,22,0,5,0
3019,'1496145',1728,,1076,22,0,5,0
3019,'1496147',1258,,1078,22,0,5,0
3019,'1496148',958,,1079,22,0,5,0
3019,'1496149',1228,,1080,22,0,5,0
3019,'1496150',1328,,1081,22,0,5,0
3019,'1496152',758,,1083,22,0,5,0
3019,'1496156',928,,1087,22,0,5,0
3019,'1496157',1558,,1088,22,0,5,0
3019,'1496158',1358,,1089,22,0,5,0
3019,'1496160',1658,,1091,22,0,5,0
3019,'1496161',1128,,1092,22,0,5,0
3019,'1496162',1458,,1093,22,0,5,0
3019,'1496166',1528,,1097,22,0,5,0
3019,'1496169',858,,1100,22,0,5,0
3019,'1496375',828,,1106,22,0,5,0
3019,'1496376',1028,,1107,22,0,5,0
3019,'1496379',2058,,1110,22,0,5,0
3019,'1496383',2158,,1114,22,0,5,0
3019,'1496384',1058,,1115,22,0,5,0
3019,'1496387',1628,,1118,22,0,5,0
3019,'1496389',2258,,1120,22,0,5,0
3019,'1496390',1428,,1121,22,0,5,0
3019,'1496391',1858,,1122,22,0,5,0
3019,'1496393',1158,,1124,22,0,5,0
3019,'1496394',728,,1125,22,0,5,0
3019,'1496397',1958,,1128,22,0,5,0
3019,'1496399',658,,1130,22,0,5,0
3019,'1496401',1728,,1132,22,0,5,0
3019,'1496403',1258,,1134,22,0,5,0
3019,'1496405',1758,,1136,22,0,5,0
3019,'1496406',958,,1137,22,0,5,0
3019,'1496407',1228,,1138,22,0,5,0
3019,'1496408',1328,,1139,22,0,5,0
3019,'1496410',758,,1141,22,0,5,0
3019,'1496414',928,,1145,22,0,5,0
3019,'1496415',1558,,1146,22,0,5,0
3019,'1496416',1358,,1147,22,0,5,0
3019,'1496418',1658,,1149,22,0,5,0
3019,'1496419',1128,,1150,22,0,5,0
3019,'1496420',1458,,1151,22,0,5,0
3019,'1496424',1528,,1155,22,0,5,0
3019,'1496428',858,,1159,22,0,5,0
3019,'1496454',1658,,1167,22,0,5,0
3019,'1496456',2158,,1169,22,0,5,0
3019,'1496461',1858,,1174,22,0,5,0
3019,'1496462',1358,,1175,22,0,5,0
3019,'1496464',1958,,1177,22,0,5,0
3019,'1496466',2258,,1179,22,0,5,0
3019,'1496470',1758,,1183,22,0,5,0
3019,'1496471',658,,1184,22,0,5,0
3019,'1496472',858,,1185,22,0,5,0
3019,'1496476',958,,1189,22,0,5,0
3019,'1496477',1258,,1190,22,0,5,0
3019,'1496478',1558,,1191,22,0,5,0
3019,'1496480',1058,,1193,22,0,5,0
3019,'1496481',1458,,1194,22,0,5,0
3019,'1496482',2058,,1195,22,0,5,0
3019,'1496483',758,,1196,22,0,5,0
3019,'1496485',1158,,1198,22,0,5,0
3019,'1496628',1658,,1204,22,0,5,0
3019,'1496630',2158,,1206,22,0,5,0
3019,'1496634',1858,,1210,22,0,5,0
3019,'1496635',1358,,1211,22,0,5,0
3019,'1496637',1958,,1213,22,0,5,0
3019,'1496639',2258,,1215,22,0,5,0
3019,'1496643',1758,,1219,22,0,5,0
3019,'1496644',858,,1220,22,0,5,0
3019,'1496648',958,,1224,22,0,5,0
3019,'1496649',1258,,1225,22,0,5,0
3019,'1496650',1558,,1226,22,0,5,0
3019,'1496652',1058,,1228,22,0,5,0
3019,'1496653',1458,,1229,22,0,5,0
3019,'1496654',2058,,1230,22,0,5,0
3019,'1496655',758,,1231,22,0,5,0
3019,'1496657',1158,,1233,22,0,5,0
