2029,'1496221',633,,971,45,,,0
2029,'1496281',633,,972,45,,,0
2029,'1497044',934,,973,82,,,0
2029,'1497045',1434,,974,82,,,0
2029,'1497046',1234,,975,82,,,0
2029,'1497047',1304,,976,82,,,0
2029,'1497048',1604,,977,82,,,0
2029,'1497049',1004,,978,82,,,0
2029,'1497050',834,,979,82,,,0
2029,'1497051',1634,,980,82,,,0
2029,'1497052',1504,,981,82,,,0
2029,'1497053',1104,,982,82,,,0
2029,'1497054',734,,983,82,,,0
2029,'1497055',1334,,984,82,,,0
2029,'1497056',1704,,985,82,,,0
2029,'1497057',1534,,986,82,,,0
2029,'1497058',1404,,987,82,,,0
2029,'1497059',804,,988,82,,,0
2029,'1497060',1734,,989,82,,,0
2029,'1497061',1034,,990,82,,,0
2029,'1497062',904,,991,82,,,0
2029,'1497063',1204,,992,82,,,0
2029,'1497064',1134,,993,82,,,0
2029,'1497065',1804,,994,82,,,0
2029,'1497066',2034,,995,82,,,0
2029,'1497067',934,,996,82,,,0
2029,'1497068',1434,,997,82,,,0
2029,'1497069',1234,,998,82,,,0
2029,'1497070',1834,,999,82,,,0
2029,'1497071',1304,,1000,82,,,0
2029,'1497072',1604,,1001,82,,,0
2029,'1497073',1004,,1002,82,,,0
2029,'1497074',2234,,1003,82,,,0
2029,'1497075',834,,1004,82,,,0
2029,'1497076',1634,,1005,82,,,0
2029,'1497077',1504,,1006,82,,,0
2029,'1497078',2331,,1007,82,,,0
2029,'1497079',1104,,1008,82,,,0
2029,'1497080',734,,1009,82,,,0
2029,'1497081',1334,,1010,82,,,0
2029,'1497082',1934,,1011,82,,,0
2029,'1497083',1704,,1012,82,,,0
2029,'1497084',1534,,1013,82,,,0
2029,'1497085',1404,,1014,82,,,0
2029,'1497086',804,,1015,82,,,0
2029,'1497087',1734,,1016,82,,,0
2029,'1497088',1034,,1017,82,,,0
2029,'1497089',904,,1018,82,,,0
2029,'1497090',2134,,1019,82,,,0
2029,'1497091',1204,,1020,82,,,0
2029,'1497092',1134,,1021,82,,,0
2029,'1497093',1804,,1022,82,,,0
2029,'1497094',1734,,1023,82,,,0
2029,'1497095',1134,,1024,82,,,0
2029,'1497096',2234,,1025,82,,,0
2029,'1497097',2331,,1026,82,,,0
2029,'1497098',1034,,1027,82,,,0
2029,'1497099',2034,,1028,82,,,0
2029,'1497100',934,,1029,82,,,0
2029,'1497101',1534,,1030,82,,,0
2029,'1497102',2134,,1031,82,,,0
2029,'1497103',1834,,1032,82,,,0
2029,'1497104',1234,,1033,82,,,0
2029,'1497105',1434,,1034,82,,,0
2029,'1497106',834,,1035,82,,,0
2029,'1497107',1334,,1036,82,,,0
2029,'1497108',1934,,1037,82,,,0
2029,'1497109',1634,,1038,82,,,0
2029,'1497110',734,,1039,82,,,0
2029,'1497111',1734,,1040,82,,,0
2029,'1497112',1134,,1041,82,,,0
2029,'1497113',2234,,1042,82,,,0
2029,'1497114',2331,,1043,82,,,0
2029,'1497115',1034,,1044,82,,,0
2029,'1497116',2034,,1045,82,,,0
2029,'1497117',934,,1046,82,,,0
2029,'1497118',1534,,1047,82,,,0
2029,'1497119',2134,,1048,82,,,0
2029,'1497120',1834,,1049,82,,,0
2029,'1497121',1234,,1050,82,,,0
2029,'1497122',1434,,1051,82,,,0
2029,'1497123',834,,1052,82,,,0
2029,'1497124',1334,,1053,82,,,0
2029,'1497125',1934,,1054,82,,,0
2029,'1497126',1634,,1055,82,,,0
3019,'1496125',1624,,1056,89,,,0
3019,'1496126',835,,1057,31,0,5,0
3019,'1496127',1035,,1058,31,0,5,0
3019,'1496128',1754,,1059,89,,,0
3019,'1496129',924,,1060,89,,,0
3019,'1496130',754,,1061,89,,,0
3019,'1496131',1654,,1062,89,,,0
3019,'1496132',1105,,1063,31,0,5,0
3019,'1496133',1224,,1064,89,,,0
3019,'1496134',1154,,1065,89,,,0
3019,'1496135',1635,,1066,31,0,5,0
3019,'1496136',824,,1067,89,,,0
3019,'1496137',1435,,1068,31,0,5,0
3019,'1496138',954,,1069,89,,,0
3019,'1496139',1205,,1070,31,0,5,0
3019,'1496140',735,,1071,31,0,5,0
3019,'1496141',1424,,1072,89,,,0
3019,'1496142',1354,,1073,89,,,0
3019,'1496143',705,,1074,31,0,5,0
3019,'1496144',1524,,1075,89,,,0
3019,'1496145',1735,,1076,31,0,5,0
3019,'1496146',1324,,1077,89,,,0
3019,'1496147',1305,,1078,31,0,5,0
3019,'1496148',1005,,1079,31,0,5,0
3019,'1496149',1235,,1080,31,0,5,0
3019,'1496150',1335,,1081,31,0,5,0
3019,'1496151',854,,1082,89,,,0
3019,'1496152',805,,1083,31,0,5,0
3019,'1496153',1824,,1084,89,,,0
3019,'1496154',1454,,1085,89,,,0
3019,'1496155',1054,,1086,89,,,0
3019,'1496156',935,,1087,31,0,5,0
3019,'1496157',1605,,1088,31,0,5,0
3019,'1496158',1405,,1089,31,0,5,0
3019,'1496159',1124,,1090,89,,,0
3019,'1496160',1705,,1091,31,0,5,0
3019,'1496161',1135,,1092,31,0,5,0
3019,'1496162',1505,,1093,31,0,5,0
3019,'1496164',1254,,1095,89,,,0
3019,'1496165',1724,,1096,89,,,0
3019,'1496166',1535,,1097,31,0,5,0
3019,'1496167',1024,,1098,89,,,0
3019,'1496168',1554,,1099,89,,,0
3019,'1496169',905,,1100,31,0,5,0
3019,'1496171',624,,1102,33,,,0
3019,'1496173',724,,1104,89,,,0
3019,'1496374',1624,,1105,89,,,0
3019,'1496375',835,,1106,31,0,5,0
3019,'1496376',1035,,1107,31,0,5,0
3019,'1496377',1754,,1108,89,,,0
3019,'1496378',2109,,1109,89,,,0
3019,'1496379',2105,,1110,31,0,5,0
3019,'1496380',924,,1111,89,,,0
3019,'1496381',754,,1112,89,,,0
3019,'1496382',1654,,1113,89,,,0
3019,'1496383',2205,,1114,31,0,5,0
3019,'1496384',1105,,1115,31,0,5,0
3019,'1496385',1224,,1116,89,,,0
3019,'1496386',1154,,1117,89,,,0
3019,'1496387',1635,,1118,31,0,5,0
3019,'1496388',824,,1119,89,,,0
3019,'1496389',2305,,1120,31,0,5,0
3019,'1496390',1435,,1121,31,0,5,0
3019,'1496391',1905,,1122,31,0,5,0
3019,'1496392',954,,1123,89,,,0
3019,'1496393',1205,,1124,31,0,5,0
3019,'1496394',735,,1125,31,0,5,0
3019,'1496395',2309,,1126,89,,,0
3019,'1496396',1424,,1127,89,,,0
3019,'1496397',2005,,1128,31,0,5,0
3019,'1496398',1354,,1129,89,,,0
3019,'1496399',705,,1130,31,0,5,0
3019,'1496400',1524,,1131,89,,,0
3019,'1496401',1735,,1132,31,0,5,0
3019,'1496402',1324,,1133,89,,,0
3019,'1496403',1305,,1134,31,0,5,0
3019,'1496404',2209,,1135,89,,,0
3019,'1496405',1805,,1136,31,0,5,0
3019,'1496406',1005,,1137,31,0,5,0
3019,'1496407',1235,,1138,31,0,5,0
3019,'1496408',1335,,1139,31,0,5,0
3019,'1496409',854,,1140,89,,,0
3019,'1496410',805,,1141,31,0,5,0
3019,'1496411',1824,,1142,89,,,0
3019,'1496412',1454,,1143,89,,,0
3019,'1496413',1054,,1144,89,,,0
3019,'1496414',935,,1145,31,0,5,0
3019,'1496415',1605,,1146,31,0,5,0
3019,'1496416',1405,,1147,31,0,5,0
3019,'1496417',1124,,1148,89,,,0
3019,'1496418',1705,,1149,31,0,5,0
3019,'1496419',1135,,1150,31,0,5,0
3019,'1496420',1505,,1151,31,0,5,0
3019,'1496422',1254,,1153,89,,,0
3019,'1496423',1724,,1154,89,,,0
3019,'1496424',1535,,1155,31,0,5,0
3019,'1496425',1024,,1156,89,,,0
3019,'1496426',1554,,1157,89,,,0
3019,'1496427',1909,,1158,89,,,0
3019,'1496428',905,,1159,31,0,5,0
3019,'1496431',624,,1162,33,,,0
3019,'1496432',2009,,1163,89,,,0
3019,'1496434',724,,1165,89,,,0
3019,'1496453',809,,1166,89,,,0
3019,'1496454',1705,,1167,31,0,5,0
3019,'1496455',1509,,1168,89,,,0
3019,'1496456',2205,,1169,31,0,5,0
3019,'1496457',909,,1170,89,,,0
3019,'1496458',1209,,1171,89,,,0
3019,'1496459',2309,,1172,89,,,0
3019,'1496460',1909,,1173,89,,,0
3019,'1496461',1905,,1174,31,0,5,0
3019,'1496462',1405,,1175,31,0,5,0
3019,'1496463',1409,,1176,89,,,0
3019,'1496464',2005,,1177,31,0,5,0
3019,'1496465',2009,,1178,89,,,0
3019,'1496466',2305,,1179,31,0,5,0
3019,'1496467',1709,,1180,89,,,0
3019,'1496468',1009,,1181,89,,,0
3019,'1496469',1309,,1182,89,,,0
3019,'1496470',1805,,1183,31,0,5,0
3019,'1496471',705,,1184,31,0,5,0
3019,'1496472',905,,1185,31,0,5,0
3019,'1496473',2209,,1186,89,,,0
3019,'1496474',1809,,1187,89,,,0
3019,'1496475',1109,,1188,89,,,0
3019,'1496476',1005,,1189,31,0,5,0
3019,'1496477',1305,,1190,31,0,5,0
3019,'1496478',1605,,1191,31,0,5,0
3019,'1496479',1609,,1192,89,,,0
3019,'1496480',1105,,1193,31,0,5,0
3019,'1496481',1505,,1194,31,0,5,0
3019,'1496482',2105,,1195,31,0,5,0
3019,'1496483',805,,1196,31,0,5,0
3019,'1496484',2109,,1197,89,,,0
3019,'1496485',1205,,1198,31,0,5,0
3019,'1496486',639,,1199,33,,,0
3019,'1496488',709,,1201,89,,,0
3019,'1496627',809,,1203,89,,,0
3019,'1496628',1705,,1204,31,0,5,0
3019,'1496629',1509,,1205,89,,,0
3019,'1496630',2205,,1206,31,0,5,0
3019,'1496631',909,,1207,89,,,0
3019,'1496632',1209,,1208,89,,,0
3019,'1496633',1909,,1209,89,,,0
3019,'1496634',1905,,1210,31,0,5,0
3019,'1496635',1405,,1211,31,0,5,0
3019,'1496636',1409,,1212,89,,,0
3019,'1496637',2005,,1213,31,0,5,0
3019,'1496638',2009,,1214,89,,,0
3019,'1496639',2305,,1215,31,0,5,0
3019,'1496640',1709,,1216,89,,,0
3019,'1496641',1009,,1217,89,,,0
3019,'1496642',1309,,1218,89,,,0
3019,'1496643',1805,,1219,31,0,5,0
3019,'1496644',905,,1220,31,0,5,0
3019,'1496645',2209,,1221,89,,,0
3019,'1496646',1809,,1222,89,,,0
3019,'1496647',1109,,1223,89,,,0
3019,'1496648',1005,,1224,31,0,5,0
3019,'1496649',1305,,1225,31,0,5,0
3019,'1496650',1605,,1226,31,0,5,0
3019,'1496651',1609,,1227,89,,,0
3019,'1496652',1105,,1228,31,0,5,0
3019,'1496653',1505,,1229,31,0,5,0
3019,'1496654',2105,,1230,31,0,5,0
3019,'1496655',805,,1231,31,0,5,0
3019,'1496656',2109,,1232,89,,,0
3019,'1496657',1205,,1233,31,0,5,0
3019,'1496658',739,,1234,33,,,0
