2019,'1496174',1220,,878,29,,,0
2019,'1496175',1350,,879,29,,,0
2019,'1496179',1320,,880,29,,,0
2019,'1496181',1450,,881,29,,,0
2019,'1496183',950,,882,29,,,0
2019,'1496184',1520,,883,29,,,0
2019,'1496185',920,,884,29,,,0
2019,'1496187',1120,,885,29,,,0
2019,'1496188',850,,886,29,,,0
2019,'1496189',820,,887,29,,,0
2019,'1496191',1020,,888,29,,,0
2019,'1496194',1550,,889,29,,,0
2019,'1496198',720,,890,29,,,0
2019,'1496200',1720,,891,29,,,0
2019,'1496204',1420,,892,29,,,0
2019,'1496206',1050,,893,29,,,0
2019,'1496208',1150,,894,29,,,0
2019,'1496209',1620,,895,29,,,0
2019,'1496210',1750,,896,29,,,0
2019,'1496211',1650,,897,29,,,0
2019,'1496215',750,,898,29,,,0
2019,'1496216',1250,,899,29,,,0
2019,'1496218',650,,900,29,,,0
2019,'1496223',2235,,903,29,,,0
2019,'1496224',1220,,904,29,,,0
2019,'1496225',1350,,905,29,,,0
2019,'1496227',2135,,906,29,,,0
2019,'1496228',1835,,907,29,,,0
2019,'1496232',1320,,908,29,,,0
2019,'1496234',1450,,909,29,,,0
2019,'1496236',950,,910,29,,,0
2019,'1496237',1520,,911,29,,,0
2019,'1496238',920,,912,29,,,0
2019,'1496240',1120,,913,29,,,0
2019,'1496242',850,,914,29,,,0
2019,'1496243',820,,915,29,,,0
2019,'1496245',1020,,916,29,,,0
2019,'1496248',1550,,917,29,,,0
2019,'1496253',2035,,918,29,,,0
2019,'1496255',720,,919,29,,,0
2019,'1496257',1720,,920,29,,,0
2019,'1496258',2333,,921,29,,,0
2019,'1496262',1420,,922,29,,,0
2019,'1496264',1050,,923,29,,,0
2019,'1496266',1150,,924,29,,,0
2019,'1496267',1620,,925,29,,,0
2019,'1496268',1750,,926,29,,,0
2019,'1496269',1650,,927,29,,,0
2019,'1496274',750,,928,29,,,0
2019,'1496275',1250,,929,29,,,0
2019,'1496277',650,,930,29,,,0
2019,'1496279',550,,932,7,,,0
2019,'1496280',1935,,933,29,,,0
2019,'1496490',1735,,934,29,,,0
2019,'1496491',2135,,935,29,,,0
2019,'1496492',1335,,936,29,,,0
2019,'1496494',1135,,937,29,,,0
2019,'1496495',1435,,938,29,,,0
2019,'1496498',2035,,939,29,,,0
2019,'1496499',735,,940,29,,,0
2019,'1496505',1235,,941,29,,,0
2019,'1496507',2235,,942,29,,,0
2019,'1496510',1535,,943,29,,,0
2019,'1496511',1835,,944,29,,,0
2019,'1496512',1035,,945,29,,,0
2019,'1496516',935,,946,29,,,0
2019,'1496518',835,,947,29,,,0
2019,'1496520',1635,,948,29,,,0
2019,'1496521',1935,,949,29,,,0
2019,'1496523',635,,950,29,,,0
2019,'1496525',2333,,952,29,,,0
2019,'1496594',1735,,953,29,,,0
2019,'1496595',2135,,954,29,,,0
2019,'1496596',1335,,955,29,,,0
2019,'1496598',1135,,956,29,,,0
2019,'1496599',1435,,957,29,,,0
2019,'1496602',2035,,958,29,,,0
2019,'1496603',735,,959,29,,,0
2019,'1496609',1235,,960,29,,,0
2019,'1496613',1535,,961,29,,,0
2019,'1496614',1835,,962,29,,,0
2019,'1496615',1035,,963,29,,,0
2019,'1496619',935,,964,29,,,0
2019,'1496621',835,,965,29,,,0
2019,'1496623',1635,,966,29,,,0
2019,'1496624',1935,,967,29,,,0
2019,'1496626',2333,,969,29,,,0
