2019,'1496174',1234,,878,49,,,0
2019,'1496175',1404,,879,49,,,0
2019,'1496179',1334,,880,49,,,0
2019,'1496181',1504,,881,49,,,0
2019,'1496183',1004,,882,49,,,0
2019,'1496184',1534,,883,49,,,0
2019,'1496185',934,,884,49,,,0
2019,'1496187',1134,,885,49,,,0
2019,'1496188',904,,886,49,,,0
2019,'1496189',834,,887,49,,,0
2019,'1496191',1034,,888,49,,,0
2019,'1496194',1604,,889,49,,,0
2019,'1496198',734,,890,49,,,0
2019,'1496200',1734,,891,49,,,0
2019,'1496204',1434,,892,49,,,0
2019,'1496206',1104,,893,49,,,0
2019,'1496208',1204,,894,49,,,0
2019,'1496209',1634,,895,49,,,0
2019,'1496210',1804,,896,49,,,0
2019,'1496211',1704,,897,49,,,0
2019,'1496215',804,,898,49,,,0
2019,'1496216',1304,,899,49,,,0
2019,'1496218',704,,900,49,,,0
2019,'1496220',604,,902,17,,,0
2019,'1496223',2249,,903,49,,,0
2019,'1496224',1234,,904,49,,,0
2019,'1496225',1404,,905,49,,,0
2019,'1496227',2149,,906,49,,,0
2019,'1496228',1849,,907,49,,,0
2019,'1496232',1334,,908,49,,,0
2019,'1496234',1504,,909,49,,,0
2019,'1496236',1004,,910,49,,,0
2019,'1496237',1534,,911,49,,,0
2019,'1496238',934,,912,49,,,0
2019,'1496240',1134,,913,49,,,0
2019,'1496242',904,,914,49,,,0
2019,'1496243',834,,915,49,,,0
2019,'1496245',1034,,916,49,,,0
2019,'1496248',1604,,917,49,,,0
2019,'1496253',2049,,918,49,,,0
2019,'1496255',734,,919,49,,,0
2019,'1496257',1734,,920,49,,,0
2019,'1496258',2348,,921,49,,,0
2019,'1496262',1434,,922,49,,,0
2019,'1496264',1104,,923,49,,,0
2019,'1496266',1204,,924,49,,,0
2019,'1496267',1634,,925,49,,,0
2019,'1496268',1804,,926,49,,,0
2019,'1496269',1704,,927,49,,,0
2019,'1496274',804,,928,49,,,0
2019,'1496275',1304,,929,49,,,0
2019,'1496277',704,,930,49,,,0
2019,'1496279',604,,932,27,,,0
2019,'1496280',1949,,933,49,,,0
2019,'1496490',1749,,934,49,,,0
2019,'1496491',2149,,935,49,,,0
2019,'1496492',1349,,936,49,,,0
2019,'1496494',1149,,937,49,,,0
2019,'1496495',1449,,938,49,,,0
2019,'1496498',2049,,939,49,,,0
2019,'1496499',749,,940,49,,,0
2019,'1496505',1249,,941,49,,,0
2019,'1496507',2249,,942,49,,,0
2019,'1496510',1549,,943,49,,,0
2019,'1496511',1849,,944,49,,,0
2019,'1496512',1049,,945,49,,,0
2019,'1496516',949,,946,49,,,0
2019,'1496518',849,,947,49,,,0
2019,'1496520',1649,,948,49,,,0
2019,'1496521',1949,,949,49,,,0
2019,'1496523',649,,950,49,,,0
2019,'1496524',619,,951,17,,,0
2019,'1496525',2348,,952,49,,,0
2019,'1496594',1749,,953,49,,,0
2019,'1496595',2149,,954,49,,,0
2019,'1496596',1349,,955,49,,,0
2019,'1496598',1149,,956,49,,,0
2019,'1496599',1449,,957,49,,,0
2019,'1496602',2049,,958,49,,,0
2019,'1496603',749,,959,49,,,0
2019,'1496609',1249,,960,49,,,0
2019,'1496613',1549,,961,49,,,0
2019,'1496614',1849,,962,49,,,0
2019,'1496615',1049,,963,49,,,0
2019,'1496619',949,,964,49,,,0
2019,'1496621',849,,965,49,,,0
2019,'1496623',1649,,966,49,,,0
2019,'1496624',1949,,967,49,,,0
2019,'1496625',719,,968,17,,,0
2019,'1496626',2348,,969,49,,,0
3019,'1496126',849,,1057,47,0,5,0
3019,'1496127',1049,,1058,47,0,5,0
3019,'1496132',1119,,1063,47,0,5,0
3019,'1496135',1649,,1066,47,0,5,0
3019,'1496137',1449,,1068,47,0,5,0
3019,'1496139',1219,,1070,47,0,5,0
3019,'1496140',749,,1071,47,0,5,0
3019,'1496143',719,,1074,47,0,5,0
3019,'1496145',1749,,1076,47,0,5,0
3019,'1496147',1319,,1078,47,0,5,0
3019,'1496148',1019,,1079,47,0,5,0
3019,'1496149',1249,,1080,47,0,5,0
3019,'1496150',1349,,1081,47,0,5,0
3019,'1496152',819,,1083,47,0,5,0
3019,'1496156',949,,1087,47,0,5,0
3019,'1496157',1619,,1088,47,0,5,0
3019,'1496158',1419,,1089,47,0,5,0
3019,'1496160',1719,,1091,47,0,5,0
3019,'1496161',1149,,1092,47,0,5,0
3019,'1496162',1519,,1093,47,0,5,0
3019,'1496166',1549,,1097,47,0,5,0
3019,'1496169',919,,1100,47,0,5,0
3019,'1496172',619,,1103,16,0,5,0
3019,'1496375',849,,1106,47,0,5,0
3019,'1496376',1049,,1107,47,0,5,0
3019,'1496379',2119,,1110,47,0,5,0
3019,'1496383',2219,,1114,47,0,5,0
3019,'1496384',1119,,1115,47,0,5,0
3019,'1496387',1649,,1118,47,0,5,0
3019,'1496389',2315,,1120,47,0,5,0
3019,'1496390',1449,,1121,47,0,5,0
3019,'1496391',1919,,1122,47,0,5,0
3019,'1496393',1219,,1124,47,0,5,0
3019,'1496394',749,,1125,47,0,5,0
3019,'1496397',2019,,1128,47,0,5,0
3019,'1496399',719,,1130,47,0,5,0
3019,'1496401',1749,,1132,47,0,5,0
3019,'1496403',1319,,1134,47,0,5,0
3019,'1496405',1819,,1136,47,0,5,0
3019,'1496406',1019,,1137,47,0,5,0
3019,'1496407',1249,,1138,47,0,5,0
3019,'1496408',1349,,1139,47,0,5,0
3019,'1496410',819,,1141,47,0,5,0
3019,'1496414',949,,1145,47,0,5,0
3019,'1496415',1619,,1146,47,0,5,0
3019,'1496416',1419,,1147,47,0,5,0
3019,'1496418',1719,,1149,47,0,5,0
3019,'1496419',1149,,1150,47,0,5,0
3019,'1496420',1519,,1151,47,0,5,0
3019,'1496424',1549,,1155,47,0,5,0
3019,'1496428',919,,1159,47,0,5,0
3019,'1496433',619,,1164,16,0,5,0
3019,'1496454',1719,,1167,47,0,5,0
3019,'1496456',2219,,1169,47,0,5,0
3019,'1496461',1919,,1174,47,0,5,0
3019,'1496462',1419,,1175,47,0,5,0
3019,'1496464',2019,,1177,47,0,5,0
3019,'1496466',2316,,1179,47,0,5,0
3019,'1496470',1819,,1183,47,0,5,0
3019,'1496471',719,,1184,47,0,5,0
3019,'1496472',919,,1185,47,0,5,0
3019,'1496476',1019,,1189,47,0,5,0
3019,'1496477',1319,,1190,47,0,5,0
3019,'1496478',1619,,1191,47,0,5,0
3019,'1496480',1119,,1193,47,0,5,0
3019,'1496481',1519,,1194,47,0,5,0
3019,'1496482',2119,,1195,47,0,5,0
3019,'1496483',819,,1196,47,0,5,0
3019,'1496485',1219,,1198,47,0,5,0
3019,'1496628',1719,,1204,47,0,5,0
3019,'1496630',2219,,1206,47,0,5,0
3019,'1496634',1919,,1210,47,0,5,0
3019,'1496635',1419,,1211,47,0,5,0
3019,'1496637',2019,,1213,47,0,5,0
3019,'1496639',2316,,1215,47,0,5,0
3019,'1496643',1819,,1219,47,0,5,0
3019,'1496644',919,,1220,47,0,5,0
3019,'1496648',1019,,1224,47,0,5,0
3019,'1496649',1319,,1225,47,0,5,0
3019,'1496650',1619,,1226,47,0,5,0
3019,'1496652',1119,,1228,47,0,5,0
3019,'1496653',1519,,1229,47,0,5,0
3019,'1496654',2119,,1230,47,0,5,0
3019,'1496655',819,,1231,47,0,5,0
3019,'1496657',1219,,1233,47,0,5,0
