3019,'1496125',1543,,1056,26,,,0
3019,'1496128',1713,,1059,26,,,0
3019,'1496129',843,,1060,26,,,0
3019,'1496130',713,,1061,26,,,0
3019,'1496131',1613,,1062,26,,,0
3019,'1496133',1143,,1064,26,,,0
3019,'1496134',1113,,1065,26,,,0
3019,'1496136',743,,1067,26,,,0
3019,'1496138',913,,1069,26,,,0
3019,'1496141',1343,,1072,26,,,0
3019,'1496142',1313,,1073,26,,,0
3019,'1496144',1443,,1075,26,,,0
3019,'1496146',1243,,1077,26,,,0
3019,'1496151',813,,1082,26,,,0
3019,'1496153',1743,,1084,26,,,0
3019,'1496154',1413,,1085,26,,,0
3019,'1496155',1013,,1086,26,,,0
3019,'1496159',1043,,1090,26,,,0
3019,'1496164',1213,,1095,26,,,0
3019,'1496165',1643,,1096,26,,,0
3019,'1496167',943,,1098,26,,,0
3019,'1496168',1513,,1099,26,,,0
3019,'1496173',643,,1104,26,,,0
3019,'1496374',1543,,1105,26,,,0
3019,'1496377',1713,,1108,26,,,0
3019,'1496378',2028,,1109,26,,,0
3019,'1496380',843,,1111,26,,,0
3019,'1496381',713,,1112,26,,,0
3019,'1496382',1613,,1113,26,,,0
3019,'1496385',1143,,1116,26,,,0
3019,'1496386',1113,,1117,26,,,0
3019,'1496388',743,,1119,26,,,0
3019,'1496392',913,,1123,26,,,0
3019,'1496395',2228,,1126,26,,,0
3019,'1496396',1343,,1127,26,,,0
3019,'1496398',1313,,1129,26,,,0
3019,'1496400',1443,,1131,26,,,0
3019,'1496402',1243,,1133,26,,,0
3019,'1496404',2128,,1135,26,,,0
3019,'1496409',813,,1140,26,,,0
3019,'1496411',1743,,1142,26,,,0
3019,'1496412',1413,,1143,26,,,0
3019,'1496413',1013,,1144,26,,,0
3019,'1496417',1043,,1148,26,,,0
3019,'1496422',1213,,1153,26,,,0
3019,'1496423',1643,,1154,26,,,0
3019,'1496425',943,,1156,26,,,0
3019,'1496426',1513,,1157,26,,,0
3019,'1496427',1828,,1158,26,,,0
3019,'1496429',2326,,1160,26,,,0
3019,'1496432',1928,,1163,26,,,0
3019,'1496434',643,,1165,26,,,0
3019,'1496453',728,,1166,26,,,0
3019,'1496455',1428,,1168,26,,,0
3019,'1496457',828,,1170,26,,,0
3019,'1496458',1128,,1171,26,,,0
3019,'1496459',2228,,1172,26,,,0
3019,'1496460',1828,,1173,26,,,0
3019,'1496463',1328,,1176,26,,,0
3019,'1496465',1928,,1178,26,,,0
3019,'1496467',1628,,1180,26,,,0
3019,'1496468',928,,1181,26,,,0
3019,'1496469',1228,,1182,26,,,0
3019,'1496473',2128,,1186,26,,,0
3019,'1496474',1728,,1187,26,,,0
3019,'1496475',1028,,1188,26,,,0
3019,'1496479',1528,,1192,26,,,0
3019,'1496484',2028,,1197,26,,,0
3019,'1496487',2326,,1200,26,,,0
3019,'1496488',628,,1201,26,,,0
3019,'1496627',728,,1203,26,,,0
3019,'1496629',1428,,1205,26,,,0
3019,'1496631',828,,1207,26,,,0
3019,'1496632',1128,,1208,26,,,0
3019,'1496633',1828,,1209,26,,,0
3019,'1496636',1328,,1212,26,,,0
3019,'1496638',1928,,1214,26,,,0
3019,'1496640',1628,,1216,26,,,0
3019,'1496641',928,,1217,26,,,0
3019,'1496642',1228,,1218,26,,,0
3019,'1496645',2128,,1221,26,,,0
3019,'1496646',1728,,1222,26,,,0
3019,'1496647',1028,,1223,26,,,0
3019,'1496651',1528,,1227,26,,,0
3019,'1496656',2028,,1232,26,,,0
3019,'1496659',2326,,1235,26,,,0
