2029,'1496221',621,,971,26,,,0
2029,'1496281',621,,972,26,,,0
2029,'1497044',922,,973,63,,,0
2029,'1497045',1422,,974,63,,,0
2029,'1497046',1222,,975,63,,,0
2029,'1497047',1252,,976,63,,,0
2029,'1497048',1552,,977,63,,,0
2029,'1497049',952,,978,63,,,0
2029,'1497050',822,,979,63,,,0
2029,'1497051',1622,,980,63,,,0
2029,'1497052',1452,,981,63,,,0
2029,'1497053',1052,,982,63,,,0
2029,'1497054',722,,983,63,,,0
2029,'1497055',1322,,984,63,,,0
2029,'1497056',1652,,985,63,,,0
2029,'1497057',1522,,986,63,,,0
2029,'1497058',1352,,987,63,,,0
2029,'1497059',752,,988,63,,,0
2029,'1497060',1722,,989,63,,,0
2029,'1497061',1022,,990,63,,,0
2029,'1497062',852,,991,63,,,0
2029,'1497063',1152,,992,63,,,0
2029,'1497064',1122,,993,63,,,0
2029,'1497065',1752,,994,63,,,0
2029,'1497066',2022,,995,63,,,0
2029,'1497067',922,,996,63,,,0
2029,'1497068',1422,,997,63,,,0
2029,'1497069',1222,,998,63,,,0
2029,'1497070',1822,,999,63,,,0
2029,'1497071',1252,,1000,63,,,0
2029,'1497072',1552,,1001,63,,,0
2029,'1497073',952,,1002,63,,,0
2029,'1497074',2222,,1003,63,,,0
2029,'1497075',822,,1004,63,,,0
2029,'1497076',1622,,1005,63,,,0
2029,'1497077',1452,,1006,63,,,0
2029,'1497078',2319,,1007,63,,,0
2029,'1497079',1052,,1008,63,,,0
2029,'1497080',722,,1009,63,,,0
2029,'1497081',1322,,1010,63,,,0
2029,'1497082',1922,,1011,63,,,0
2029,'1497083',1652,,1012,63,,,0
2029,'1497084',1522,,1013,63,,,0
2029,'1497085',1352,,1014,63,,,0
2029,'1497086',752,,1015,63,,,0
2029,'1497087',1722,,1016,63,,,0
2029,'1497088',1022,,1017,63,,,0
2029,'1497089',852,,1018,63,,,0
2029,'1497090',2122,,1019,63,,,0
2029,'1497091',1152,,1020,63,,,0
2029,'1497092',1122,,1021,63,,,0
2029,'1497093',1752,,1022,63,,,0
2029,'1497094',1722,,1023,63,,,0
2029,'1497095',1122,,1024,63,,,0
2029,'1497096',2222,,1025,63,,,0
2029,'1497097',2319,,1026,63,,,0
2029,'1497098',1022,,1027,63,,,0
2029,'1497099',2022,,1028,63,,,0
2029,'1497100',922,,1029,63,,,0
2029,'1497101',1522,,1030,63,,,0
2029,'1497102',2122,,1031,63,,,0
2029,'1497103',1822,,1032,63,,,0
2029,'1497104',1222,,1033,63,,,0
2029,'1497105',1422,,1034,63,,,0
2029,'1497106',822,,1035,63,,,0
2029,'1497107',1322,,1036,63,,,0
2029,'1497108',1922,,1037,63,,,0
2029,'1497109',1622,,1038,63,,,0
2029,'1497110',722,,1039,63,,,0
2029,'1497111',1722,,1040,63,,,0
2029,'1497112',1122,,1041,63,,,0
2029,'1497113',2222,,1042,63,,,0
2029,'1497114',2319,,1043,63,,,0
2029,'1497115',1022,,1044,63,,,0
2029,'1497116',2022,,1045,63,,,0
2029,'1497117',922,,1046,63,,,0
2029,'1497118',1522,,1047,63,,,0
2029,'1497119',2122,,1048,63,,,0
2029,'1497120',1822,,1049,63,,,0
2029,'1497121',1222,,1050,63,,,0
2029,'1497122',1422,,1051,63,,,0
2029,'1497123',822,,1052,63,,,0
2029,'1497124',1322,,1053,63,,,0
2029,'1497125',1922,,1054,63,,,0
2029,'1497126',1622,,1055,63,,,0
