3019,'1496126',929,,1057,111,0,5,0
3019,'1496127',1129,,1058,111,0,5,0
3019,'1496132',1159,,1063,111,0,5,0
3019,'1496135',1729,,1066,111,0,5,0
3019,'1496137',1529,,1068,111,0,5,0
3019,'1496139',1259,,1070,111,0,5,0
3019,'1496140',829,,1071,111,0,5,0
3019,'1496143',759,,1074,111,0,5,0
3019,'1496145',1829,,1076,111,0,5,0
3019,'1496147',1359,,1078,111,0,5,0
3019,'1496148',1059,,1079,111,0,5,0
3019,'1496149',1329,,1080,111,0,5,0
3019,'1496150',1429,,1081,111,0,5,0
3019,'1496152',859,,1083,111,0,5,0
3019,'1496156',1029,,1087,111,0,5,0
3019,'1496157',1659,,1088,111,0,5,0
3019,'1496158',1459,,1089,111,0,5,0
3019,'1496160',1759,,1091,111,0,5,0
3019,'1496161',1229,,1092,111,0,5,0
3019,'1496162',1559,,1093,111,0,5,0
3019,'1496163',629,,1094,33,0,5,0
3019,'1496166',1629,,1097,111,0,5,0
3019,'1496169',959,,1100,111,0,5,0
3019,'1496172',659,,1103,80,0,5,0
3019,'1496375',929,,1106,111,0,5,0
3019,'1496376',1129,,1107,111,0,5,0
3019,'1496379',2159,,1110,111,0,5,0
3019,'1496383',2259,,1114,111,0,5,0
3019,'1496384',1159,,1115,111,0,5,0
3019,'1496387',1729,,1118,111,0,5,0
3019,'1496389',2349,,1120,111,0,5,0
3019,'1496390',1529,,1121,111,0,5,0
3019,'1496391',1959,,1122,111,0,5,0
3019,'1496393',1259,,1124,111,0,5,0
3019,'1496394',829,,1125,111,0,5,0
3019,'1496397',2059,,1128,111,0,5,0
3019,'1496399',759,,1130,111,0,5,0
3019,'1496401',1829,,1132,111,0,5,0
3019,'1496403',1359,,1134,111,0,5,0
3019,'1496405',1859,,1136,111,0,5,0
3019,'1496406',1059,,1137,111,0,5,0
3019,'1496407',1329,,1138,111,0,5,0
3019,'1496408',1429,,1139,111,0,5,0
3019,'1496410',859,,1141,111,0,5,0
3019,'1496414',1029,,1145,111,0,5,0
3019,'1496415',1659,,1146,111,0,5,0
3019,'1496416',1459,,1147,111,0,5,0
3019,'1496418',1759,,1149,111,0,5,0
3019,'1496419',1229,,1150,111,0,5,0
3019,'1496420',1559,,1151,111,0,5,0
3019,'1496421',629,,1152,33,0,5,0
3019,'1496424',1629,,1155,111,0,5,0
3019,'1496428',959,,1159,111,0,5,0
3019,'1496433',659,,1164,80,0,5,0
3019,'1496454',1759,,1167,111,0,5,0
3019,'1496456',2259,,1169,111,0,5,0
3019,'1496461',1959,,1174,111,0,5,0
3019,'1496462',1459,,1175,111,0,5,0
3019,'1496464',2059,,1177,111,0,5,0
3019,'1496466',2349,,1179,111,0,5,0
3019,'1496470',1859,,1183,111,0,5,0
3019,'1496471',759,,1184,111,0,5,0
3019,'1496472',959,,1185,111,0,5,0
3019,'1496476',1059,,1189,111,0,5,0
3019,'1496477',1359,,1190,111,0,5,0
3019,'1496478',1659,,1191,111,0,5,0
3019,'1496480',1159,,1193,111,0,5,0
3019,'1496481',1559,,1194,111,0,5,0
3019,'1496482',2159,,1195,111,0,5,0
3019,'1496483',859,,1196,111,0,5,0
3019,'1496485',1259,,1198,111,0,5,0
3019,'1496489',629,,1202,33,0,5,0
3019,'1496628',1759,,1204,111,0,5,0
3019,'1496630',2259,,1206,111,0,5,0
3019,'1496634',1959,,1210,111,0,5,0
3019,'1496635',1459,,1211,111,0,5,0
3019,'1496637',2059,,1213,111,0,5,0
3019,'1496639',2349,,1215,111,0,5,0
3019,'1496643',1859,,1219,111,0,5,0
3019,'1496644',959,,1220,111,0,5,0
3019,'1496648',1059,,1224,111,0,5,0
3019,'1496649',1359,,1225,111,0,5,0
3019,'1496650',1659,,1226,111,0,5,0
3019,'1496652',1159,,1228,111,0,5,0
3019,'1496653',1559,,1229,111,0,5,0
3019,'1496654',2159,,1230,111,0,5,0
3019,'1496655',859,,1231,111,0,5,0
3019,'1496657',1259,,1233,111,0,5,0
3019,'1496660',729,,1236,33,0,5,0
