2029,'1497044',903,,973,26,,,0
2029,'1497045',1403,,974,26,,,0
2029,'1497046',1203,,975,26,,,0
2029,'1497047',1233,,976,26,,,0
2029,'1497048',1533,,977,26,,,0
2029,'1497049',933,,978,26,,,0
2029,'1497050',803,,979,26,,,0
2029,'1497051',1603,,980,26,,,0
2029,'1497052',1433,,981,26,,,0
2029,'1497053',1033,,982,26,,,0
2029,'1497054',703,,983,26,,,0
2029,'1497055',1303,,984,26,,,0
2029,'1497056',1633,,985,26,,,0
2029,'1497057',1503,,986,26,,,0
2029,'1497058',1333,,987,26,,,0
2029,'1497059',733,,988,26,,,0
2029,'1497060',1703,,989,26,,,0
2029,'1497061',1003,,990,26,,,0
2029,'1497062',833,,991,26,,,0
2029,'1497063',1133,,992,26,,,0
2029,'1497064',1103,,993,26,,,0
2029,'1497065',1733,,994,26,,,0
2029,'1497066',2003,,995,26,,,0
2029,'1497067',903,,996,26,,,0
2029,'1497068',1403,,997,26,,,0
2029,'1497069',1203,,998,26,,,0
2029,'1497070',1803,,999,26,,,0
2029,'1497071',1233,,1000,26,,,0
2029,'1497072',1533,,1001,26,,,0
2029,'1497073',933,,1002,26,,,0
2029,'1497074',2203,,1003,26,,,0
2029,'1497075',803,,1004,26,,,0
2029,'1497076',1603,,1005,26,,,0
2029,'1497077',1433,,1006,26,,,0
2029,'1497078',2300,,1007,26,,,0
2029,'1497079',1033,,1008,26,,,0
2029,'1497080',703,,1009,26,,,0
2029,'1497081',1303,,1010,26,,,0
2029,'1497082',1903,,1011,26,,,0
2029,'1497083',1633,,1012,26,,,0
2029,'1497084',1503,,1013,26,,,0
2029,'1497085',1333,,1014,26,,,0
2029,'1497086',733,,1015,26,,,0
2029,'1497087',1703,,1016,26,,,0
2029,'1497088',1003,,1017,26,,,0
2029,'1497089',833,,1018,26,,,0
2029,'1497090',2103,,1019,26,,,0
2029,'1497091',1133,,1020,26,,,0
2029,'1497092',1103,,1021,26,,,0
2029,'1497093',1733,,1022,26,,,0
2029,'1497094',1703,,1023,26,,,0
2029,'1497095',1103,,1024,26,,,0
2029,'1497096',2203,,1025,26,,,0
2029,'1497097',2300,,1026,26,,,0
2029,'1497098',1003,,1027,26,,,0
2029,'1497099',2003,,1028,26,,,0
2029,'1497100',903,,1029,26,,,0
2029,'1497101',1503,,1030,26,,,0
2029,'1497102',2103,,1031,26,,,0
2029,'1497103',1803,,1032,26,,,0
2029,'1497104',1203,,1033,26,,,0
2029,'1497105',1403,,1034,26,,,0
2029,'1497106',803,,1035,26,,,0
2029,'1497107',1303,,1036,26,,,0
2029,'1497108',1903,,1037,26,,,0
2029,'1497109',1603,,1038,26,,,0
2029,'1497110',703,,1039,26,,,0
2029,'1497111',1703,,1040,26,,,0
2029,'1497112',1103,,1041,26,,,0
2029,'1497113',2203,,1042,26,,,0
2029,'1497114',2300,,1043,26,,,0
2029,'1497115',1003,,1044,26,,,0
2029,'1497116',2003,,1045,26,,,0
2029,'1497117',903,,1046,26,,,0
2029,'1497118',1503,,1047,26,,,0
2029,'1497119',2103,,1048,26,,,0
2029,'1497120',1803,,1049,26,,,0
2029,'1497121',1203,,1050,26,,,0
2029,'1497122',1403,,1051,26,,,0
2029,'1497123',803,,1052,26,,,0
2029,'1497124',1303,,1053,26,,,0
2029,'1497125',1903,,1054,26,,,0
2029,'1497126',1603,,1055,26,,,0
