3019,'1496125',1600,,1056,57,,,0
3019,'1496128',1730,,1059,57,,,0
3019,'1496129',900,,1060,57,,,0
3019,'1496130',730,,1061,57,,,0
3019,'1496131',1630,,1062,57,,,0
3019,'1496133',1200,,1064,57,,,0
3019,'1496134',1130,,1065,57,,,0
3019,'1496136',800,,1067,57,,,0
3019,'1496138',930,,1069,57,,,0
3019,'1496141',1400,,1072,57,,,0
3019,'1496142',1330,,1073,57,,,0
3019,'1496144',1500,,1075,57,,,0
3019,'1496146',1300,,1077,57,,,0
3019,'1496151',830,,1082,57,,,0
3019,'1496153',1800,,1084,57,,,0
3019,'1496154',1430,,1085,57,,,0
3019,'1496155',1030,,1086,57,,,0
3019,'1496159',1100,,1090,57,,,0
3019,'1496164',1230,,1095,57,,,0
3019,'1496165',1700,,1096,57,,,0
3019,'1496167',1000,,1098,57,,,0
3019,'1496168',1530,,1099,57,,,0
3019,'1496171',600,,1102,1,,,0
3019,'1496173',700,,1104,57,,,0
3019,'1496374',1600,,1105,57,,,0
3019,'1496377',1730,,1108,57,,,0
3019,'1496378',2045,,1109,57,,,0
3019,'1496380',900,,1111,57,,,0
3019,'1496381',730,,1112,57,,,0
3019,'1496382',1630,,1113,57,,,0
3019,'1496385',1200,,1116,57,,,0
3019,'1496386',1130,,1117,57,,,0
3019,'1496388',800,,1119,57,,,0
3019,'1496392',930,,1123,57,,,0
3019,'1496395',2245,,1126,57,,,0
3019,'1496396',1400,,1127,57,,,0
3019,'1496398',1330,,1129,57,,,0
3019,'1496400',1500,,1131,57,,,0
3019,'1496402',1300,,1133,57,,,0
3019,'1496404',2145,,1135,57,,,0
3019,'1496409',830,,1140,57,,,0
3019,'1496411',1800,,1142,57,,,0
3019,'1496412',1430,,1143,57,,,0
3019,'1496413',1030,,1144,57,,,0
3019,'1496417',1100,,1148,57,,,0
3019,'1496422',1230,,1153,57,,,0
3019,'1496423',1700,,1154,57,,,0
3019,'1496425',1000,,1156,57,,,0
3019,'1496426',1530,,1157,57,,,0
3019,'1496427',1845,,1158,57,,,0
3019,'1496429',2341,,1160,57,,,0
3019,'1496431',600,,1162,1,,,0
3019,'1496432',1945,,1163,57,,,0
3019,'1496434',700,,1165,57,,,0
3019,'1496453',745,,1166,57,,,0
3019,'1496455',1445,,1168,57,,,0
3019,'1496457',845,,1170,57,,,0
3019,'1496458',1145,,1171,57,,,0
3019,'1496459',2245,,1172,57,,,0
3019,'1496460',1845,,1173,57,,,0
3019,'1496463',1345,,1176,57,,,0
3019,'1496465',1945,,1178,57,,,0
3019,'1496467',1645,,1180,57,,,0
3019,'1496468',945,,1181,57,,,0
3019,'1496469',1245,,1182,57,,,0
3019,'1496473',2145,,1186,57,,,0
3019,'1496474',1745,,1187,57,,,0
3019,'1496475',1045,,1188,57,,,0
3019,'1496479',1545,,1192,57,,,0
3019,'1496484',2045,,1197,57,,,0
3019,'1496486',615,,1199,1,,,0
3019,'1496487',2341,,1200,57,,,0
3019,'1496488',645,,1201,57,,,0
3019,'1496627',745,,1203,57,,,0
3019,'1496629',1445,,1205,57,,,0
3019,'1496631',845,,1207,57,,,0
3019,'1496632',1145,,1208,57,,,0
3019,'1496633',1845,,1209,57,,,0
3019,'1496636',1345,,1212,57,,,0
3019,'1496638',1945,,1214,57,,,0
3019,'1496640',1645,,1216,57,,,0
3019,'1496641',945,,1217,57,,,0
3019,'1496642',1245,,1218,57,,,0
3019,'1496645',2145,,1221,57,,,0
3019,'1496646',1745,,1222,57,,,0
3019,'1496647',1045,,1223,57,,,0
3019,'1496651',1545,,1227,57,,,0
3019,'1496656',2045,,1232,57,,,0
3019,'1496658',715,,1234,1,,,0
3019,'1496659',2341,,1235,57,,,0
