1029,'1496065',1423,,792,15,,,0
1029,'1496066',1523,,793,15,,,0
1029,'1496068',1623,,794,15,,,0
1029,'1496070',723,,795,15,,,0
1029,'1496073',1023,,796,15,,,0
1029,'1496077',853,,797,15,,,0
1029,'1496078',1653,,798,15,,,0
1029,'1496079',1553,,799,15,,,0
1029,'1496081',1153,,800,15,,,0
1029,'1496082',1223,,801,15,,,0
1029,'1496083',1353,,802,15,,,0
1029,'1496084',953,,803,15,,,0
1029,'1496086',653,,804,15,,,0
1029,'1496088',1723,,805,15,,,0
1029,'1496092',1323,,806,15,,,0
1029,'1496094',923,,807,15,,,0
1029,'1496096',1123,,808,15,,,0
1029,'1496098',823,,809,15,,,0
1029,'1496101',753,,810,15,,,0
1029,'1496105',1453,,811,15,,,0
1029,'1496106',1253,,812,15,,,0
1029,'1496108',1053,,813,15,,,0
1029,'1496294',1423,,815,15,,,0
1029,'1496295',1523,,816,15,,,0
1029,'1496297',1623,,817,15,,,0
1029,'1496299',723,,818,15,,,0
1029,'1496300',2053,,819,15,,,0
1029,'1496304',1023,,820,15,,,0
1029,'1496309',1953,,821,15,,,0
1029,'1496310',853,,822,15,,,0
1029,'1496311',1653,,823,15,,,0
1029,'1496312',1553,,824,15,,,0
1029,'1496316',1753,,825,15,,,0
1029,'1496317',1153,,826,15,,,0
1029,'1496318',1223,,827,15,,,0
1029,'1496319',1353,,828,15,,,0
1029,'1496320',953,,829,15,,,0
1029,'1496322',653,,830,15,,,0
1029,'1496324',1823,,831,15,,,0
1029,'1496325',1723,,832,15,,,0
1029,'1496329',1323,,833,15,,,0
1029,'1496332',923,,834,15,,,0
1029,'1496333',2153,,835,15,,,0
1029,'1496335',1123,,836,15,,,0
1029,'1496337',2253,,837,15,,,0
1029,'1496339',823,,838,15,,,0
1029,'1496342',753,,839,15,,,0
1029,'1496346',1453,,840,15,,,0
1029,'1496347',1253,,841,15,,,0
1029,'1496349',1053,,842,15,,,0
1029,'1496354',1853,,844,15,,,0
1029,'1496527',1853,,845,15,,,0
1029,'1496528',2053,,846,15,,,0
1029,'1496533',1753,,847,15,,,0
1029,'1496534',2153,,848,15,,,0
1029,'1496535',1253,,849,15,,,0
1029,'1496537',1053,,850,15,,,0
1029,'1496539',953,,851,15,,,0
1029,'1496540',1953,,852,15,,,0
1029,'1496542',653,,853,15,,,0
1029,'1496544',2253,,854,15,,,0
1029,'1496545',1453,,855,15,,,0
1029,'1496547',1553,,856,15,,,0
1029,'1496550',753,,857,15,,,0
1029,'1496551',1153,,858,15,,,0
1029,'1496552',853,,859,15,,,0
1029,'1496555',1653,,860,15,,,0
1029,'1496556',1353,,861,15,,,0
1029,'1496562',1853,,862,15,,,0
1029,'1496563',2053,,863,15,,,0
1029,'1496567',1753,,864,15,,,0
1029,'1496568',2153,,865,15,,,0
1029,'1496569',1253,,866,15,,,0
1029,'1496571',1053,,867,15,,,0
1029,'1496573',953,,868,15,,,0
1029,'1496574',1953,,869,15,,,0
1029,'1496577',2253,,870,15,,,0
1029,'1496578',1453,,871,15,,,0
1029,'1496580',1553,,872,15,,,0
1029,'1496583',753,,873,15,,,0
1029,'1496584',1153,,874,15,,,0
1029,'1496585',853,,875,15,,,0
1029,'1496588',1653,,876,15,,,0
1029,'1496589',1353,,877,15,,,0
