1019,'1496067',706,,702,11,,,0
1019,'1496069',806,,703,11,,,0
1019,'1496071',1536,,704,11,,,0
1019,'1496072',1636,,705,11,,,0
1019,'1496074',736,,706,11,,,0
1019,'1496075',1436,,707,11,,,0
1019,'1496076',1236,,708,11,,,0
1019,'1496080',1336,,709,11,,,0
1019,'1496085',1036,,710,11,,,0
1019,'1496087',1306,,711,11,,,0
1019,'1496089',836,,712,11,,,0
1019,'1496090',1136,,713,11,,,0
1019,'1496091',936,,714,11,,,0
1019,'1496093',1736,,715,11,,,0
1019,'1496095',1006,,716,11,,,0
1019,'1496097',906,,717,11,,,0
1019,'1496099',1406,,718,11,,,0
1019,'1496100',1506,,719,11,,,0
1019,'1496102',636,,720,11,,,0
1019,'1496103',1206,,721,11,,,0
1019,'1496104',1106,,722,11,,,0
1019,'1496107',1706,,723,11,,,0
1019,'1496109',1606,,724,11,,,0
1019,'1496296',706,,726,11,,,0
1019,'1496298',806,,727,11,,,0
1019,'1496301',1536,,728,11,,,0
1019,'1496302',2121,,729,11,,,0
1019,'1496303',1636,,730,11,,,0
1019,'1496305',736,,731,11,,,0
1019,'1496306',1436,,732,11,,,0
1019,'1496307',1236,,733,11,,,0
1019,'1496308',1806,,734,11,,,0
1019,'1496313',1336,,735,11,,,0
1019,'1496314',1921,,736,11,,,0
1019,'1496315',2021,,737,11,,,0
1019,'1496321',1036,,738,11,,,0
1019,'1496323',1306,,739,11,,,0
1019,'1496326',836,,740,11,,,0
1019,'1496327',1136,,741,11,,,0
1019,'1496328',936,,742,11,,,0
1019,'1496330',2321,,743,11,,,0
1019,'1496331',1736,,744,11,,,0
1019,'1496334',1006,,745,11,,,0
1019,'1496336',906,,746,11,,,0
1019,'1496338',2221,,747,11,,,0
1019,'1496340',1406,,748,11,,,0
1019,'1496341',1506,,749,11,,,0
1019,'1496343',636,,750,11,,,0
1019,'1496344',1206,,751,11,,,0
1019,'1496345',1106,,752,11,,,0
1019,'1496348',1706,,753,11,,,0
1019,'1496350',1606,,754,11,,,0
1019,'1496353',1836,,756,11,,,0
1019,'1496526',1321,,757,11,,,0
1019,'1496529',1921,,758,11,,,0
1019,'1496530',721,,759,11,,,0
1019,'1496531',621,,760,11,,,0
1019,'1496532',2021,,761,11,,,0
1019,'1496536',1021,,762,11,,,0
1019,'1496538',1421,,763,11,,,0
1019,'1496541',1621,,764,11,,,0
1019,'1496543',1121,,765,11,,,0
1019,'1496546',2121,,766,11,,,0
1019,'1496548',1521,,767,11,,,0
1019,'1496549',1721,,768,11,,,0
1019,'1496553',921,,769,11,,,0
1019,'1496554',821,,770,11,,,0
1019,'1496557',1221,,771,11,,,0
1019,'1496558',1821,,772,11,,,0
1019,'1496559',2321,,773,11,,,0
1019,'1496560',2221,,774,11,,,0
1019,'1496561',1321,,775,11,,,0
1019,'1496564',1921,,776,11,,,0
1019,'1496565',721,,777,11,,,0
1019,'1496566',2021,,778,11,,,0
1019,'1496570',1021,,779,11,,,0
1019,'1496572',1421,,780,11,,,0
1019,'1496575',1621,,781,11,,,0
1019,'1496576',1121,,782,11,,,0
1019,'1496579',2121,,783,11,,,0
1019,'1496581',1521,,784,11,,,0
1019,'1496582',1721,,785,11,,,0
1019,'1496586',921,,786,11,,,0
1019,'1496587',821,,787,11,,,0
1019,'1496590',1221,,788,11,,,0
1019,'1496591',1821,,789,11,,,0
1019,'1496592',2321,,790,11,,,0
1019,'1496593',2221,,791,11,,,0
