1029,'1496065',1439,,792,37,,,0
1029,'1496066',1539,,793,37,,,0
1029,'1496068',1639,,794,37,,,0
1029,'1496070',739,,795,37,,,0
1029,'1496073',1039,,796,37,,,0
1029,'1496077',909,,797,37,,,0
1029,'1496078',1709,,798,37,,,0
1029,'1496079',1609,,799,37,,,0
1029,'1496081',1209,,800,37,,,0
1029,'1496082',1239,,801,37,,,0
1029,'1496083',1409,,802,37,,,0
1029,'1496084',1009,,803,37,,,0
1029,'1496086',709,,804,37,,,0
1029,'1496088',1739,,805,37,,,0
1029,'1496092',1339,,806,37,,,0
1029,'1496094',939,,807,37,,,0
1029,'1496096',1139,,808,37,,,0
1029,'1496098',839,,809,37,,,0
1029,'1496101',809,,810,37,,,0
1029,'1496105',1509,,811,37,,,0
1029,'1496106',1309,,812,37,,,0
1029,'1496108',1109,,813,37,,,0
1029,'1496294',1439,,815,37,,,0
1029,'1496295',1539,,816,37,,,0
1029,'1496297',1639,,817,37,,,0
1029,'1496299',739,,818,37,,,0
1029,'1496300',2109,,819,37,,,0
1029,'1496304',1039,,820,37,,,0
1029,'1496309',2009,,821,37,,,0
1029,'1496310',909,,822,37,,,0
1029,'1496311',1709,,823,37,,,0
1029,'1496312',1609,,824,37,,,0
1029,'1496316',1809,,825,37,,,0
1029,'1496317',1209,,826,37,,,0
1029,'1496318',1239,,827,37,,,0
1029,'1496319',1409,,828,37,,,0
1029,'1496320',1009,,829,37,,,0
1029,'1496322',709,,830,37,,,0
1029,'1496324',1839,,831,37,,,0
1029,'1496325',1739,,832,37,,,0
1029,'1496329',1339,,833,37,,,0
1029,'1496332',939,,834,37,,,0
1029,'1496333',2209,,835,37,,,0
1029,'1496335',1139,,836,37,,,0
1029,'1496337',2309,,837,37,,,0
1029,'1496339',839,,838,37,,,0
1029,'1496342',809,,839,37,,,0
1029,'1496346',1509,,840,37,,,0
1029,'1496347',1309,,841,37,,,0
1029,'1496349',1109,,842,37,,,0
1029,'1496354',1909,,844,37,,,0
1029,'1496527',1909,,845,37,,,0
1029,'1496528',2109,,846,37,,,0
1029,'1496533',1809,,847,37,,,0
1029,'1496534',2209,,848,37,,,0
1029,'1496535',1309,,849,37,,,0
1029,'1496537',1109,,850,37,,,0
1029,'1496539',1009,,851,37,,,0
1029,'1496540',2009,,852,37,,,0
1029,'1496542',709,,853,37,,,0
1029,'1496544',2309,,854,37,,,0
1029,'1496545',1509,,855,37,,,0
1029,'1496547',1609,,856,37,,,0
1029,'1496550',809,,857,37,,,0
1029,'1496551',1209,,858,37,,,0
1029,'1496552',909,,859,37,,,0
1029,'1496555',1709,,860,37,,,0
1029,'1496556',1409,,861,37,,,0
1029,'1496562',1909,,862,37,,,0
1029,'1496563',2109,,863,37,,,0
1029,'1496567',1809,,864,37,,,0
1029,'1496568',2209,,865,37,,,0
1029,'1496569',1309,,866,37,,,0
1029,'1496571',1109,,867,37,,,0
1029,'1496573',1009,,868,37,,,0
1029,'1496574',2009,,869,37,,,0
1029,'1496577',2309,,870,37,,,0
1029,'1496578',1509,,871,37,,,0
1029,'1496580',1609,,872,37,,,0
1029,'1496583',809,,873,37,,,0
1029,'1496584',1209,,874,37,,,0
1029,'1496585',909,,875,37,,,0
1029,'1496588',1709,,876,37,,,0
1029,'1496589',1409,,877,37,,,0
