1029,'1496065',1436,,792,33,,,0
1029,'1496066',1536,,793,33,,,0
1029,'1496068',1636,,794,33,,,0
1029,'1496070',736,,795,33,,,0
1029,'1496073',1036,,796,33,,,0
1029,'1496077',906,,797,33,,,0
1029,'1496078',1706,,798,33,,,0
1029,'1496079',1606,,799,33,,,0
1029,'1496081',1206,,800,33,,,0
1029,'1496082',1236,,801,33,,,0
1029,'1496083',1406,,802,33,,,0
1029,'1496084',1006,,803,33,,,0
1029,'1496086',706,,804,33,,,0
1029,'1496088',1736,,805,33,,,0
1029,'1496092',1336,,806,33,,,0
1029,'1496094',936,,807,33,,,0
1029,'1496096',1136,,808,33,,,0
1029,'1496098',836,,809,33,,,0
1029,'1496101',806,,810,33,,,0
1029,'1496105',1506,,811,33,,,0
1029,'1496106',1306,,812,33,,,0
1029,'1496108',1106,,813,33,,,0
1029,'1496294',1436,,815,33,,,0
1029,'1496295',1536,,816,33,,,0
1029,'1496297',1636,,817,33,,,0
1029,'1496299',736,,818,33,,,0
1029,'1496300',2106,,819,33,,,0
1029,'1496304',1036,,820,33,,,0
1029,'1496309',2006,,821,33,,,0
1029,'1496310',906,,822,33,,,0
1029,'1496311',1706,,823,33,,,0
1029,'1496312',1606,,824,33,,,0
1029,'1496316',1806,,825,33,,,0
1029,'1496317',1206,,826,33,,,0
1029,'1496318',1236,,827,33,,,0
1029,'1496319',1406,,828,33,,,0
1029,'1496320',1006,,829,33,,,0
1029,'1496322',706,,830,33,,,0
1029,'1496324',1836,,831,33,,,0
1029,'1496325',1736,,832,33,,,0
1029,'1496329',1336,,833,33,,,0
1029,'1496332',936,,834,33,,,0
1029,'1496333',2206,,835,33,,,0
1029,'1496335',1136,,836,33,,,0
1029,'1496337',2306,,837,33,,,0
1029,'1496339',836,,838,33,,,0
1029,'1496342',806,,839,33,,,0
1029,'1496346',1506,,840,33,,,0
1029,'1496347',1306,,841,33,,,0
1029,'1496349',1106,,842,33,,,0
1029,'1496354',1906,,844,33,,,0
1029,'1496527',1906,,845,33,,,0
1029,'1496528',2106,,846,33,,,0
1029,'1496533',1806,,847,33,,,0
1029,'1496534',2206,,848,33,,,0
1029,'1496535',1306,,849,33,,,0
1029,'1496537',1106,,850,33,,,0
1029,'1496539',1006,,851,33,,,0
1029,'1496540',2006,,852,33,,,0
1029,'1496542',706,,853,33,,,0
1029,'1496544',2306,,854,33,,,0
1029,'1496545',1506,,855,33,,,0
1029,'1496547',1606,,856,33,,,0
1029,'1496550',806,,857,33,,,0
1029,'1496551',1206,,858,33,,,0
1029,'1496552',906,,859,33,,,0
1029,'1496555',1706,,860,33,,,0
1029,'1496556',1406,,861,33,,,0
1029,'1496562',1906,,862,33,,,0
1029,'1496563',2106,,863,33,,,0
1029,'1496567',1806,,864,33,,,0
1029,'1496568',2206,,865,33,,,0
1029,'1496569',1306,,866,33,,,0
1029,'1496571',1106,,867,33,,,0
1029,'1496573',1006,,868,33,,,0
1029,'1496574',2006,,869,33,,,0
1029,'1496577',2306,,870,33,,,0
1029,'1496578',1506,,871,33,,,0
1029,'1496580',1606,,872,33,,,0
1029,'1496583',806,,873,33,,,0
1029,'1496584',1206,,874,33,,,0
1029,'1496585',906,,875,33,,,0
1029,'1496588',1706,,876,33,,,0
1029,'1496589',1406,,877,33,,,0
