3019,'1496125',1542,,1056,22,,,0
3019,'1496128',1712,,1059,22,,,0
3019,'1496129',842,,1060,22,,,0
3019,'1496130',712,,1061,22,,,0
3019,'1496131',1612,,1062,22,,,0
3019,'1496133',1142,,1064,22,,,0
3019,'1496134',1112,,1065,22,,,0
3019,'1496136',742,,1067,22,,,0
3019,'1496138',912,,1069,22,,,0
3019,'1496141',1342,,1072,22,,,0
3019,'1496142',1312,,1073,22,,,0
3019,'1496144',1442,,1075,22,,,0
3019,'1496146',1242,,1077,22,,,0
3019,'1496151',812,,1082,22,,,0
3019,'1496153',1742,,1084,22,,,0
3019,'1496154',1412,,1085,22,,,0
3019,'1496155',1012,,1086,22,,,0
3019,'1496159',1042,,1090,22,,,0
3019,'1496164',1212,,1095,22,,,0
3019,'1496165',1642,,1096,22,,,0
3019,'1496167',942,,1098,22,,,0
3019,'1496168',1512,,1099,22,,,0
3019,'1496173',642,,1104,22,,,0
3019,'1496374',1542,,1105,22,,,0
3019,'1496377',1712,,1108,22,,,0
3019,'1496378',2027,,1109,22,,,0
3019,'1496380',842,,1111,22,,,0
3019,'1496381',712,,1112,22,,,0
3019,'1496382',1612,,1113,22,,,0
3019,'1496385',1142,,1116,22,,,0
3019,'1496386',1112,,1117,22,,,0
3019,'1496388',742,,1119,22,,,0
3019,'1496392',912,,1123,22,,,0
3019,'1496395',2227,,1126,22,,,0
3019,'1496396',1342,,1127,22,,,0
3019,'1496398',1312,,1129,22,,,0
3019,'1496400',1442,,1131,22,,,0
3019,'1496402',1242,,1133,22,,,0
3019,'1496404',2127,,1135,22,,,0
3019,'1496409',812,,1140,22,,,0
3019,'1496411',1742,,1142,22,,,0
3019,'1496412',1412,,1143,22,,,0
3019,'1496413',1012,,1144,22,,,0
3019,'1496417',1042,,1148,22,,,0
3019,'1496422',1212,,1153,22,,,0
3019,'1496423',1642,,1154,22,,,0
3019,'1496425',942,,1156,22,,,0
3019,'1496426',1512,,1157,22,,,0
3019,'1496427',1827,,1158,22,,,0
3019,'1496429',2325,,1160,22,,,0
3019,'1496432',1927,,1163,22,,,0
3019,'1496434',642,,1165,22,,,0
3019,'1496453',727,,1166,22,,,0
3019,'1496455',1427,,1168,22,,,0
3019,'1496457',827,,1170,22,,,0
3019,'1496458',1127,,1171,22,,,0
3019,'1496459',2227,,1172,22,,,0
3019,'1496460',1827,,1173,22,,,0
3019,'1496463',1327,,1176,22,,,0
3019,'1496465',1927,,1178,22,,,0
3019,'1496467',1627,,1180,22,,,0
3019,'1496468',927,,1181,22,,,0
3019,'1496469',1227,,1182,22,,,0
3019,'1496473',2127,,1186,22,,,0
3019,'1496474',1727,,1187,22,,,0
3019,'1496475',1027,,1188,22,,,0
3019,'1496479',1527,,1192,22,,,0
3019,'1496484',2027,,1197,22,,,0
3019,'1496487',2325,,1200,22,,,0
3019,'1496488',627,,1201,22,,,0
3019,'1496627',727,,1203,22,,,0
3019,'1496629',1427,,1205,22,,,0
3019,'1496631',827,,1207,22,,,0
3019,'1496632',1127,,1208,22,,,0
3019,'1496633',1827,,1209,22,,,0
3019,'1496636',1327,,1212,22,,,0
3019,'1496638',1927,,1214,22,,,0
3019,'1496640',1627,,1216,22,,,0
3019,'1496641',927,,1217,22,,,0
3019,'1496642',1227,,1218,22,,,0
3019,'1496645',2127,,1221,22,,,0
3019,'1496646',1727,,1222,22,,,0
3019,'1496647',1027,,1223,22,,,0
3019,'1496651',1527,,1227,22,,,0
3019,'1496656',2027,,1232,22,,,0
3019,'1496659',2325,,1235,22,,,0
