1029,'1496065',1435,,792,32,,,0
1029,'1496066',1535,,793,32,,,0
1029,'1496068',1635,,794,32,,,0
1029,'1496070',735,,795,32,,,0
1029,'1496073',1035,,796,32,,,0
1029,'1496077',905,,797,32,,,0
1029,'1496078',1705,,798,32,,,0
1029,'1496079',1605,,799,32,,,0
1029,'1496081',1205,,800,32,,,0
1029,'1496082',1235,,801,32,,,0
1029,'1496083',1405,,802,32,,,0
1029,'1496084',1005,,803,32,,,0
1029,'1496086',705,,804,32,,,0
1029,'1496088',1735,,805,32,,,0
1029,'1496092',1335,,806,32,,,0
1029,'1496094',935,,807,32,,,0
1029,'1496096',1135,,808,32,,,0
1029,'1496098',835,,809,32,,,0
1029,'1496101',805,,810,32,,,0
1029,'1496105',1505,,811,32,,,0
1029,'1496106',1305,,812,32,,,0
1029,'1496108',1105,,813,32,,,0
1029,'1496294',1435,,815,32,,,0
1029,'1496295',1535,,816,32,,,0
1029,'1496297',1635,,817,32,,,0
1029,'1496299',735,,818,32,,,0
1029,'1496300',2105,,819,32,,,0
1029,'1496304',1035,,820,32,,,0
1029,'1496309',2005,,821,32,,,0
1029,'1496310',905,,822,32,,,0
1029,'1496311',1705,,823,32,,,0
1029,'1496312',1605,,824,32,,,0
1029,'1496316',1805,,825,32,,,0
1029,'1496317',1205,,826,32,,,0
1029,'1496318',1235,,827,32,,,0
1029,'1496319',1405,,828,32,,,0
1029,'1496320',1005,,829,32,,,0
1029,'1496322',705,,830,32,,,0
1029,'1496324',1835,,831,32,,,0
1029,'1496325',1735,,832,32,,,0
1029,'1496329',1335,,833,32,,,0
1029,'1496332',935,,834,32,,,0
1029,'1496333',2205,,835,32,,,0
1029,'1496335',1135,,836,32,,,0
1029,'1496337',2305,,837,32,,,0
1029,'1496339',835,,838,32,,,0
1029,'1496342',805,,839,32,,,0
1029,'1496346',1505,,840,32,,,0
1029,'1496347',1305,,841,32,,,0
1029,'1496349',1105,,842,32,,,0
1029,'1496354',1905,,844,32,,,0
1029,'1496527',1905,,845,32,,,0
1029,'1496528',2105,,846,32,,,0
1029,'1496533',1805,,847,32,,,0
1029,'1496534',2205,,848,32,,,0
1029,'1496535',1305,,849,32,,,0
1029,'1496537',1105,,850,32,,,0
1029,'1496539',1005,,851,32,,,0
1029,'1496540',2005,,852,32,,,0
1029,'1496542',705,,853,32,,,0
1029,'1496544',2305,,854,32,,,0
1029,'1496545',1505,,855,32,,,0
1029,'1496547',1605,,856,32,,,0
1029,'1496550',805,,857,32,,,0
1029,'1496551',1205,,858,32,,,0
1029,'1496552',905,,859,32,,,0
1029,'1496555',1705,,860,32,,,0
1029,'1496556',1405,,861,32,,,0
1029,'1496562',1905,,862,32,,,0
1029,'1496563',2105,,863,32,,,0
1029,'1496567',1805,,864,32,,,0
1029,'1496568',2205,,865,32,,,0
1029,'1496569',1305,,866,32,,,0
1029,'1496571',1105,,867,32,,,0
1029,'1496573',1005,,868,32,,,0
1029,'1496574',2005,,869,32,,,0
1029,'1496577',2305,,870,32,,,0
1029,'1496578',1505,,871,32,,,0
1029,'1496580',1605,,872,32,,,0
1029,'1496583',805,,873,32,,,0
1029,'1496584',1205,,874,32,,,0
1029,'1496585',905,,875,32,,,0
1029,'1496588',1705,,876,32,,,0
1029,'1496589',1405,,877,32,,,0
