3019,'1496125',1607,,1056,66,,,0
3019,'1496128',1737,,1059,66,,,0
3019,'1496129',907,,1060,66,,,0
3019,'1496130',737,,1061,66,,,0
3019,'1496131',1637,,1062,66,,,0
3019,'1496133',1207,,1064,66,,,0
3019,'1496134',1137,,1065,66,,,0
3019,'1496136',807,,1067,66,,,0
3019,'1496138',937,,1069,66,,,0
3019,'1496141',1407,,1072,66,,,0
3019,'1496142',1337,,1073,66,,,0
3019,'1496144',1507,,1075,66,,,0
3019,'1496146',1307,,1077,66,,,0
3019,'1496151',837,,1082,66,,,0
3019,'1496153',1807,,1084,66,,,0
3019,'1496154',1437,,1085,66,,,0
3019,'1496155',1037,,1086,66,,,0
3019,'1496159',1107,,1090,66,,,0
3019,'1496164',1237,,1095,66,,,0
3019,'1496165',1707,,1096,66,,,0
3019,'1496167',1007,,1098,66,,,0
3019,'1496168',1537,,1099,66,,,0
3019,'1496171',607,,1102,10,,,0
3019,'1496173',707,,1104,66,,,0
3019,'1496374',1607,,1105,66,,,0
3019,'1496377',1737,,1108,66,,,0
3019,'1496378',2052,,1109,66,,,0
3019,'1496380',907,,1111,66,,,0
3019,'1496381',737,,1112,66,,,0
3019,'1496382',1637,,1113,66,,,0
3019,'1496385',1207,,1116,66,,,0
3019,'1496386',1137,,1117,66,,,0
3019,'1496388',807,,1119,66,,,0
3019,'1496392',937,,1123,66,,,0
3019,'1496395',2252,,1126,66,,,0
3019,'1496396',1407,,1127,66,,,0
3019,'1496398',1337,,1129,66,,,0
3019,'1496400',1507,,1131,66,,,0
3019,'1496402',1307,,1133,66,,,0
3019,'1496404',2152,,1135,66,,,0
3019,'1496409',837,,1140,66,,,0
3019,'1496411',1807,,1142,66,,,0
3019,'1496412',1437,,1143,66,,,0
3019,'1496413',1037,,1144,66,,,0
3019,'1496417',1107,,1148,66,,,0
3019,'1496422',1237,,1153,66,,,0
3019,'1496423',1707,,1154,66,,,0
3019,'1496425',1007,,1156,66,,,0
3019,'1496426',1537,,1157,66,,,0
3019,'1496427',1852,,1158,66,,,0
3019,'1496429',2347,,1160,66,,,0
3019,'1496431',607,,1162,10,,,0
3019,'1496432',1952,,1163,66,,,0
3019,'1496434',707,,1165,66,,,0
3019,'1496453',752,,1166,66,,,0
3019,'1496455',1452,,1168,66,,,0
3019,'1496457',852,,1170,66,,,0
3019,'1496458',1152,,1171,66,,,0
3019,'1496459',2252,,1172,66,,,0
3019,'1496460',1852,,1173,66,,,0
3019,'1496463',1352,,1176,66,,,0
3019,'1496465',1952,,1178,66,,,0
3019,'1496467',1652,,1180,66,,,0
3019,'1496468',952,,1181,66,,,0
3019,'1496469',1252,,1182,66,,,0
3019,'1496473',2152,,1186,66,,,0
3019,'1496474',1752,,1187,66,,,0
3019,'1496475',1052,,1188,66,,,0
3019,'1496479',1552,,1192,66,,,0
3019,'1496484',2052,,1197,66,,,0
3019,'1496486',622,,1199,10,,,0
3019,'1496487',2347,,1200,66,,,0
3019,'1496488',652,,1201,66,,,0
3019,'1496627',752,,1203,66,,,0
3019,'1496629',1452,,1205,66,,,0
3019,'1496631',852,,1207,66,,,0
3019,'1496632',1152,,1208,66,,,0
3019,'1496633',1852,,1209,66,,,0
3019,'1496636',1352,,1212,66,,,0
3019,'1496638',1952,,1214,66,,,0
3019,'1496640',1652,,1216,66,,,0
3019,'1496641',952,,1217,66,,,0
3019,'1496642',1252,,1218,66,,,0
3019,'1496645',2152,,1221,66,,,0
3019,'1496646',1752,,1222,66,,,0
3019,'1496647',1052,,1223,66,,,0
3019,'1496651',1552,,1227,66,,,0
3019,'1496656',2052,,1232,66,,,0
3019,'1496658',722,,1234,10,,,0
3019,'1496659',2347,,1235,66,,,0
