2029,'1496221',628,,971,37,,,0
2029,'1496281',628,,972,37,,,0
2029,'1497044',929,,973,74,,,0
2029,'1497045',1429,,974,74,,,0
2029,'1497046',1229,,975,74,,,0
2029,'1497047',1259,,976,74,,,0
2029,'1497048',1559,,977,74,,,0
2029,'1497049',959,,978,74,,,0
2029,'1497050',829,,979,74,,,0
2029,'1497051',1629,,980,74,,,0
2029,'1497052',1459,,981,74,,,0
2029,'1497053',1059,,982,74,,,0
2029,'1497054',729,,983,74,,,0
2029,'1497055',1329,,984,74,,,0
2029,'1497056',1659,,985,74,,,0
2029,'1497057',1529,,986,74,,,0
2029,'1497058',1359,,987,74,,,0
2029,'1497059',759,,988,74,,,0
2029,'1497060',1729,,989,74,,,0
2029,'1497061',1029,,990,74,,,0
2029,'1497062',859,,991,74,,,0
2029,'1497063',1159,,992,74,,,0
2029,'1497064',1129,,993,74,,,0
2029,'1497065',1759,,994,74,,,0
2029,'1497066',2029,,995,74,,,0
2029,'1497067',929,,996,74,,,0
2029,'1497068',1429,,997,74,,,0
2029,'1497069',1229,,998,74,,,0
2029,'1497070',1829,,999,74,,,0
2029,'1497071',1259,,1000,74,,,0
2029,'1497072',1559,,1001,74,,,0
2029,'1497073',959,,1002,74,,,0
2029,'1497074',2229,,1003,74,,,0
2029,'1497075',829,,1004,74,,,0
2029,'1497076',1629,,1005,74,,,0
2029,'1497077',1459,,1006,74,,,0
2029,'1497078',2326,,1007,74,,,0
2029,'1497079',1059,,1008,74,,,0
2029,'1497080',729,,1009,74,,,0
2029,'1497081',1329,,1010,74,,,0
2029,'1497082',1929,,1011,74,,,0
2029,'1497083',1659,,1012,74,,,0
2029,'1497084',1529,,1013,74,,,0
2029,'1497085',1359,,1014,74,,,0
2029,'1497086',759,,1015,74,,,0
2029,'1497087',1729,,1016,74,,,0
2029,'1497088',1029,,1017,74,,,0
2029,'1497089',859,,1018,74,,,0
2029,'1497090',2129,,1019,74,,,0
2029,'1497091',1159,,1020,74,,,0
2029,'1497092',1129,,1021,74,,,0
2029,'1497093',1759,,1022,74,,,0
2029,'1497094',1729,,1023,74,,,0
2029,'1497095',1129,,1024,74,,,0
2029,'1497096',2229,,1025,74,,,0
2029,'1497097',2326,,1026,74,,,0
2029,'1497098',1029,,1027,74,,,0
2029,'1497099',2029,,1028,74,,,0
2029,'1497100',929,,1029,74,,,0
2029,'1497101',1529,,1030,74,,,0
2029,'1497102',2129,,1031,74,,,0
2029,'1497103',1829,,1032,74,,,0
2029,'1497104',1229,,1033,74,,,0
2029,'1497105',1429,,1034,74,,,0
2029,'1497106',829,,1035,74,,,0
2029,'1497107',1329,,1036,74,,,0
2029,'1497108',1929,,1037,74,,,0
2029,'1497109',1629,,1038,74,,,0
2029,'1497110',729,,1039,74,,,0
2029,'1497111',1729,,1040,74,,,0
2029,'1497112',1129,,1041,74,,,0
2029,'1497113',2229,,1042,74,,,0
2029,'1497114',2326,,1043,74,,,0
2029,'1497115',1029,,1044,74,,,0
2029,'1497116',2029,,1045,74,,,0
2029,'1497117',929,,1046,74,,,0
2029,'1497118',1529,,1047,74,,,0
2029,'1497119',2129,,1048,74,,,0
2029,'1497120',1829,,1049,74,,,0
2029,'1497121',1229,,1050,74,,,0
2029,'1497122',1429,,1051,74,,,0
2029,'1497123',829,,1052,74,,,0
2029,'1497124',1329,,1053,74,,,0
2029,'1497125',1929,,1054,74,,,0
2029,'1497126',1629,,1055,74,,,0
