2029,'1497044',848,,973,6,,,0
2029,'1497045',1348,,974,6,,,0
2029,'1497046',1148,,975,6,,,0
2029,'1497047',1218,,976,6,,,0
2029,'1497048',1518,,977,6,,,0
2029,'1497049',918,,978,6,,,0
2029,'1497050',748,,979,6,,,0
2029,'1497051',1548,,980,6,,,0
2029,'1497052',1418,,981,6,,,0
2029,'1497053',1018,,982,6,,,0
2029,'1497054',648,,983,6,,,0
2029,'1497055',1248,,984,6,,,0
2029,'1497056',1618,,985,6,,,0
2029,'1497057',1448,,986,6,,,0
2029,'1497058',1318,,987,6,,,0
2029,'1497059',718,,988,6,,,0
2029,'1497060',1648,,989,6,,,0
2029,'1497061',948,,990,6,,,0
2029,'1497062',818,,991,6,,,0
2029,'1497063',1118,,992,6,,,0
2029,'1497064',1048,,993,6,,,0
2029,'1497065',1718,,994,6,,,0
2029,'1497066',1948,,995,6,,,0
2029,'1497067',848,,996,6,,,0
2029,'1497068',1348,,997,6,,,0
2029,'1497069',1148,,998,6,,,0
2029,'1497070',1748,,999,6,,,0
2029,'1497071',1218,,1000,6,,,0
2029,'1497072',1518,,1001,6,,,0
2029,'1497073',918,,1002,6,,,0
2029,'1497074',2148,,1003,6,,,0
2029,'1497075',748,,1004,6,,,0
2029,'1497076',1548,,1005,6,,,0
2029,'1497077',1418,,1006,6,,,0
2029,'1497078',2247,,1007,6,,,0
2029,'1497079',1018,,1008,6,,,0
2029,'1497080',648,,1009,6,,,0
2029,'1497081',1248,,1010,6,,,0
2029,'1497082',1848,,1011,6,,,0
2029,'1497083',1618,,1012,6,,,0
2029,'1497084',1448,,1013,6,,,0
2029,'1497085',1318,,1014,6,,,0
2029,'1497086',718,,1015,6,,,0
2029,'1497087',1648,,1016,6,,,0
2029,'1497088',948,,1017,6,,,0
2029,'1497089',818,,1018,6,,,0
2029,'1497090',2048,,1019,6,,,0
2029,'1497091',1118,,1020,6,,,0
2029,'1497092',1048,,1021,6,,,0
2029,'1497093',1718,,1022,6,,,0
2029,'1497094',1648,,1023,6,,,0
2029,'1497095',1048,,1024,6,,,0
2029,'1497096',2148,,1025,6,,,0
2029,'1497097',2247,,1026,6,,,0
2029,'1497098',948,,1027,6,,,0
2029,'1497099',1948,,1028,6,,,0
2029,'1497100',848,,1029,6,,,0
2029,'1497101',1448,,1030,6,,,0
2029,'1497102',2048,,1031,6,,,0
2029,'1497103',1748,,1032,6,,,0
2029,'1497104',1148,,1033,6,,,0
2029,'1497105',1348,,1034,6,,,0
2029,'1497106',748,,1035,6,,,0
2029,'1497107',1248,,1036,6,,,0
2029,'1497108',1848,,1037,6,,,0
2029,'1497109',1548,,1038,6,,,0
2029,'1497110',648,,1039,6,,,0
2029,'1497111',1648,,1040,6,,,0
2029,'1497112',1048,,1041,6,,,0
2029,'1497113',2148,,1042,6,,,0
2029,'1497114',2247,,1043,6,,,0
2029,'1497115',948,,1044,6,,,0
2029,'1497116',1948,,1045,6,,,0
2029,'1497117',848,,1046,6,,,0
2029,'1497118',1448,,1047,6,,,0
2029,'1497119',2048,,1048,6,,,0
2029,'1497120',1748,,1049,6,,,0
2029,'1497121',1148,,1050,6,,,0
2029,'1497122',1348,,1051,6,,,0
2029,'1497123',748,,1052,6,,,0
2029,'1497124',1248,,1053,6,,,0
2029,'1497125',1848,,1054,6,,,0
2029,'1497126',1548,,1055,6,,,0
