1019,'1496067',709,,702,15,,,0
1019,'1496069',809,,703,15,,,0
1019,'1496071',1539,,704,15,,,0
1019,'1496072',1639,,705,15,,,0
1019,'1496074',739,,706,15,,,0
1019,'1496075',1439,,707,15,,,0
1019,'1496076',1239,,708,15,,,0
1019,'1496080',1339,,709,15,,,0
1019,'1496085',1039,,710,15,,,0
1019,'1496087',1309,,711,15,,,0
1019,'1496089',839,,712,15,,,0
1019,'1496090',1139,,713,15,,,0
1019,'1496091',939,,714,15,,,0
1019,'1496093',1739,,715,15,,,0
1019,'1496095',1009,,716,15,,,0
1019,'1496097',909,,717,15,,,0
1019,'1496099',1409,,718,15,,,0
1019,'1496100',1509,,719,15,,,0
1019,'1496102',639,,720,15,,,0
1019,'1496103',1209,,721,15,,,0
1019,'1496104',1109,,722,15,,,0
1019,'1496107',1709,,723,15,,,0
1019,'1496109',1609,,724,15,,,0
1019,'1496296',709,,726,15,,,0
1019,'1496298',809,,727,15,,,0
1019,'1496301',1539,,728,15,,,0
1019,'1496302',2124,,729,15,,,0
1019,'1496303',1639,,730,15,,,0
1019,'1496305',739,,731,15,,,0
1019,'1496306',1439,,732,15,,,0
1019,'1496307',1239,,733,15,,,0
1019,'1496308',1809,,734,15,,,0
1019,'1496313',1339,,735,15,,,0
1019,'1496314',1924,,736,15,,,0
1019,'1496315',2024,,737,15,,,0
1019,'1496321',1039,,738,15,,,0
1019,'1496323',1309,,739,15,,,0
1019,'1496326',839,,740,15,,,0
1019,'1496327',1139,,741,15,,,0
1019,'1496328',939,,742,15,,,0
1019,'1496330',2324,,743,15,,,0
1019,'1496331',1739,,744,15,,,0
1019,'1496334',1009,,745,15,,,0
1019,'1496336',909,,746,15,,,0
1019,'1496338',2224,,747,15,,,0
1019,'1496340',1409,,748,15,,,0
1019,'1496341',1509,,749,15,,,0
1019,'1496343',639,,750,15,,,0
1019,'1496344',1209,,751,15,,,0
1019,'1496345',1109,,752,15,,,0
1019,'1496348',1709,,753,15,,,0
1019,'1496350',1609,,754,15,,,0
1019,'1496353',1839,,756,15,,,0
1019,'1496526',1324,,757,15,,,0
1019,'1496529',1924,,758,15,,,0
1019,'1496530',724,,759,15,,,0
1019,'1496531',624,,760,15,,,0
1019,'1496532',2024,,761,15,,,0
1019,'1496536',1024,,762,15,,,0
1019,'1496538',1424,,763,15,,,0
1019,'1496541',1624,,764,15,,,0
1019,'1496543',1124,,765,15,,,0
1019,'1496546',2124,,766,15,,,0
1019,'1496548',1524,,767,15,,,0
1019,'1496549',1724,,768,15,,,0
1019,'1496553',924,,769,15,,,0
1019,'1496554',824,,770,15,,,0
1019,'1496557',1224,,771,15,,,0
1019,'1496558',1824,,772,15,,,0
1019,'1496559',2324,,773,15,,,0
1019,'1496560',2224,,774,15,,,0
1019,'1496561',1324,,775,15,,,0
1019,'1496564',1924,,776,15,,,0
1019,'1496565',724,,777,15,,,0
1019,'1496566',2024,,778,15,,,0
1019,'1496570',1024,,779,15,,,0
1019,'1496572',1424,,780,15,,,0
1019,'1496575',1624,,781,15,,,0
1019,'1496576',1124,,782,15,,,0
1019,'1496579',2124,,783,15,,,0
1019,'1496581',1524,,784,15,,,0
1019,'1496582',1724,,785,15,,,0
1019,'1496586',924,,786,15,,,0
1019,'1496587',824,,787,15,,,0
1019,'1496590',1224,,788,15,,,0
1019,'1496591',1824,,789,15,,,0
1019,'1496592',2324,,790,15,,,0
1019,'1496593',2224,,791,15,,,0
