3019,'1496125',1558,,1056,53,,,0
3019,'1496128',1728,,1059,53,,,0
3019,'1496129',858,,1060,53,,,0
3019,'1496130',728,,1061,53,,,0
3019,'1496131',1628,,1062,53,,,0
3019,'1496133',1158,,1064,53,,,0
3019,'1496134',1128,,1065,53,,,0
3019,'1496136',758,,1067,53,,,0
3019,'1496138',928,,1069,53,,,0
3019,'1496141',1358,,1072,53,,,0
3019,'1496142',1328,,1073,53,,,0
3019,'1496144',1458,,1075,53,,,0
3019,'1496146',1258,,1077,53,,,0
3019,'1496151',828,,1082,53,,,0
3019,'1496153',1758,,1084,53,,,0
3019,'1496154',1428,,1085,53,,,0
3019,'1496155',1028,,1086,53,,,0
3019,'1496159',1058,,1090,53,,,0
3019,'1496164',1228,,1095,53,,,0
3019,'1496165',1658,,1096,53,,,0
3019,'1496167',958,,1098,53,,,0
3019,'1496168',1528,,1099,53,,,0
3019,'1496173',658,,1104,53,,,0
3019,'1496374',1558,,1105,53,,,0
3019,'1496377',1728,,1108,53,,,0
3019,'1496378',2043,,1109,53,,,0
3019,'1496380',858,,1111,53,,,0
3019,'1496381',728,,1112,53,,,0
3019,'1496382',1628,,1113,53,,,0
3019,'1496385',1158,,1116,53,,,0
3019,'1496386',1128,,1117,53,,,0
3019,'1496388',758,,1119,53,,,0
3019,'1496392',928,,1123,53,,,0
3019,'1496395',2243,,1126,53,,,0
3019,'1496396',1358,,1127,53,,,0
3019,'1496398',1328,,1129,53,,,0
3019,'1496400',1458,,1131,53,,,0
3019,'1496402',1258,,1133,53,,,0
3019,'1496404',2143,,1135,53,,,0
3019,'1496409',828,,1140,53,,,0
3019,'1496411',1758,,1142,53,,,0
3019,'1496412',1428,,1143,53,,,0
3019,'1496413',1028,,1144,53,,,0
3019,'1496417',1058,,1148,53,,,0
3019,'1496422',1228,,1153,53,,,0
3019,'1496423',1658,,1154,53,,,0
3019,'1496425',958,,1156,53,,,0
3019,'1496426',1528,,1157,53,,,0
3019,'1496427',1843,,1158,53,,,0
3019,'1496429',2339,,1160,53,,,0
3019,'1496432',1943,,1163,53,,,0
3019,'1496434',658,,1165,53,,,0
3019,'1496453',743,,1166,53,,,0
3019,'1496455',1443,,1168,53,,,0
3019,'1496457',843,,1170,53,,,0
3019,'1496458',1143,,1171,53,,,0
3019,'1496459',2243,,1172,53,,,0
3019,'1496460',1843,,1173,53,,,0
3019,'1496463',1343,,1176,53,,,0
3019,'1496465',1943,,1178,53,,,0
3019,'1496467',1643,,1180,53,,,0
3019,'1496468',943,,1181,53,,,0
3019,'1496469',1243,,1182,53,,,0
3019,'1496473',2143,,1186,53,,,0
3019,'1496474',1743,,1187,53,,,0
3019,'1496475',1043,,1188,53,,,0
3019,'1496479',1543,,1192,53,,,0
3019,'1496484',2043,,1197,53,,,0
3019,'1496487',2339,,1200,53,,,0
3019,'1496488',643,,1201,53,,,0
3019,'1496627',743,,1203,53,,,0
3019,'1496629',1443,,1205,53,,,0
3019,'1496631',843,,1207,53,,,0
3019,'1496632',1143,,1208,53,,,0
3019,'1496633',1843,,1209,53,,,0
3019,'1496636',1343,,1212,53,,,0
3019,'1496638',1943,,1214,53,,,0
3019,'1496640',1643,,1216,53,,,0
3019,'1496641',943,,1217,53,,,0
3019,'1496642',1243,,1218,53,,,0
3019,'1496645',2143,,1221,53,,,0
3019,'1496646',1743,,1222,53,,,0
3019,'1496647',1043,,1223,53,,,0
3019,'1496651',1543,,1227,53,,,0
3019,'1496656',2043,,1232,53,,,0
3019,'1496659',2339,,1235,53,,,0
