2029,'1488850',618,,970,3,,,0
2029,'1496221',647,,971,63,,,0
2029,'1496281',647,,972,63,,,0
2029,'1497044',948,,973,100,,,0
2029,'1497045',1448,,974,100,,,0
2029,'1497046',1248,,975,100,,,0
2029,'1497047',1318,,976,100,,,0
2029,'1497048',1618,,977,100,,,0
2029,'1497049',1018,,978,100,,,0
2029,'1497050',848,,979,100,,,0
2029,'1497051',1648,,980,100,,,0
2029,'1497052',1518,,981,100,,,0
2029,'1497053',1118,,982,100,,,0
2029,'1497054',748,,983,100,,,0
2029,'1497055',1348,,984,100,,,0
2029,'1497056',1718,,985,100,,,0
2029,'1497057',1548,,986,100,,,0
2029,'1497058',1418,,987,100,,,0
2029,'1497059',818,,988,100,,,0
2029,'1497060',1748,,989,100,,,0
2029,'1497061',1048,,990,100,,,0
2029,'1497062',918,,991,100,,,0
2029,'1497063',1218,,992,100,,,0
2029,'1497064',1148,,993,100,,,0
2029,'1497065',1818,,994,100,,,0
2029,'1497066',2048,,995,100,,,0
2029,'1497067',948,,996,100,,,0
2029,'1497068',1448,,997,100,,,0
2029,'1497069',1248,,998,100,,,0
2029,'1497070',1848,,999,100,,,0
2029,'1497071',1318,,1000,100,,,0
2029,'1497072',1618,,1001,100,,,0
2029,'1497073',1018,,1002,100,,,0
2029,'1497074',2248,,1003,100,,,0
2029,'1497075',848,,1004,100,,,0
2029,'1497076',1648,,1005,100,,,0
2029,'1497077',1518,,1006,100,,,0
2029,'1497078',2342,,1007,100,,,0
2029,'1497079',1118,,1008,100,,,0
2029,'1497080',748,,1009,100,,,0
2029,'1497081',1348,,1010,100,,,0
2029,'1497082',1948,,1011,100,,,0
2029,'1497083',1718,,1012,100,,,0
2029,'1497084',1548,,1013,100,,,0
2029,'1497085',1418,,1014,100,,,0
2029,'1497086',818,,1015,100,,,0
2029,'1497087',1748,,1016,100,,,0
2029,'1497088',1048,,1017,100,,,0
2029,'1497089',918,,1018,100,,,0
2029,'1497090',2148,,1019,100,,,0
2029,'1497091',1218,,1020,100,,,0
2029,'1497092',1148,,1021,100,,,0
2029,'1497093',1818,,1022,100,,,0
2029,'1497094',1748,,1023,100,,,0
2029,'1497095',1148,,1024,100,,,0
2029,'1497096',2248,,1025,100,,,0
2029,'1497097',2342,,1026,100,,,0
2029,'1497098',1048,,1027,100,,,0
2029,'1497099',2048,,1028,100,,,0
2029,'1497100',948,,1029,100,,,0
2029,'1497101',1548,,1030,100,,,0
2029,'1497102',2148,,1031,100,,,0
2029,'1497103',1848,,1032,100,,,0
2029,'1497104',1248,,1033,100,,,0
2029,'1497105',1448,,1034,100,,,0
2029,'1497106',848,,1035,100,,,0
2029,'1497107',1348,,1036,100,,,0
2029,'1497108',1948,,1037,100,,,0
2029,'1497109',1648,,1038,100,,,0
2029,'1497110',748,,1039,100,,,0
2029,'1497111',1748,,1040,100,,,0
2029,'1497112',1148,,1041,100,,,0
2029,'1497113',2248,,1042,100,,,0
2029,'1497114',2342,,1043,100,,,0
2029,'1497115',1048,,1044,100,,,0
2029,'1497116',2048,,1045,100,,,0
2029,'1497117',948,,1046,100,,,0
2029,'1497118',1548,,1047,100,,,0
2029,'1497119',2148,,1048,100,,,0
2029,'1497120',1848,,1049,100,,,0
2029,'1497121',1248,,1050,100,,,0
2029,'1497122',1448,,1051,100,,,0
2029,'1497123',848,,1052,100,,,0
2029,'1497124',1348,,1053,100,,,0
2029,'1497125',1948,,1054,100,,,0
2029,'1497126',1648,,1055,100,,,0
