4019,'1496112',641,,1237,19,,,0
4019,'1496113',1041,,1238,19,,,0
4019,'1496114',841,,1239,19,,,0
4019,'1496115',1641,,1240,19,,,0
4019,'1496116',941,,1241,19,,,0
4019,'1496117',1141,,1242,19,,,0
4019,'1496118',741,,1243,19,,,0
4019,'1496119',1541,,1244,19,,,0
4019,'1496120',1741,,1245,19,,,0
4019,'1496121',1341,,1246,19,,,0
4019,'1496122',1441,,1247,19,,,0
4019,'1496123',1241,,1248,19,,,0
4019,'1496355',641,,1250,19,,,0
4019,'1496356',2324,,1251,19,,,0
4019,'1496357',1041,,1252,19,,,0
4019,'1496358',841,,1253,19,,,0
4019,'1496359',2026,,1254,19,,,0
4019,'1496360',1641,,1255,19,,,0
4019,'1496361',1841,,1256,19,,,0
4019,'1496362',2126,,1257,19,,,0
4019,'1496363',941,,1258,19,,,0
4019,'1496364',1141,,1259,19,,,0
4019,'1496365',1926,,1260,19,,,0
4019,'1496366',741,,1261,19,,,0
4019,'1496367',1541,,1262,19,,,0
4019,'1496368',1741,,1263,19,,,0
4019,'1496369',1341,,1264,19,,,0
4019,'1496370',1441,,1265,19,,,0
4019,'1496371',2226,,1266,19,,,0
4019,'1496372',1241,,1267,19,,,0
4019,'1496435',826,,1269,19,,,0
4019,'1496436',726,,1270,19,,,0
4019,'1496437',1626,,1271,19,,,0
4019,'1496438',2226,,1272,19,,,0
4019,'1496439',1726,,1273,19,,,0
4019,'1496440',1426,,1274,19,,,0
4019,'1496441',2126,,1275,19,,,0
4019,'1496442',1026,,1276,19,,,0
4019,'1496443',1926,,1277,19,,,0
4019,'1496444',1526,,1278,19,,,0
4019,'1496445',926,,1279,19,,,0
4019,'1496446',1826,,1280,19,,,0
4019,'1496447',1326,,1281,19,,,0
4019,'1496448',626,,1282,19,,,0
4019,'1496449',2026,,1283,19,,,0
4019,'1496450',1126,,1284,19,,,0
4019,'1496451',1226,,1285,19,,,0
4019,'1496452',2324,,1286,19,,,0
4019,'1496661',826,,1287,19,,,0
4019,'1496662',726,,1288,19,,,0
4019,'1496663',1626,,1289,19,,,0
4019,'1496664',2226,,1290,19,,,0
4019,'1496665',1726,,1291,19,,,0
4019,'1496666',1426,,1292,19,,,0
4019,'1496667',2126,,1293,19,,,0
4019,'1496668',1026,,1294,19,,,0
4019,'1496669',1926,,1295,19,,,0
4019,'1496670',1526,,1296,19,,,0
4019,'1496671',926,,1297,19,,,0
4019,'1496672',1826,,1298,19,,,0
4019,'1496673',1326,,1299,19,,,0
4019,'1496674',2026,,1300,19,,,0
4019,'1496675',1126,,1301,19,,,0
4019,'1496676',1226,,1302,19,,,0
4019,'1496677',2324,,1303,19,,,0
