2029,'1488850',617,,970,1,,,0
2029,'1496221',646,,971,61,,,0
2029,'1496281',646,,972,61,,,0
2029,'1497044',947,,973,98,,,0
2029,'1497045',1447,,974,98,,,0
2029,'1497046',1247,,975,98,,,0
2029,'1497047',1317,,976,98,,,0
2029,'1497048',1617,,977,98,,,0
2029,'1497049',1017,,978,98,,,0
2029,'1497050',847,,979,98,,,0
2029,'1497051',1647,,980,98,,,0
2029,'1497052',1517,,981,98,,,0
2029,'1497053',1117,,982,98,,,0
2029,'1497054',747,,983,98,,,0
2029,'1497055',1347,,984,98,,,0
2029,'1497056',1717,,985,98,,,0
2029,'1497057',1547,,986,98,,,0
2029,'1497058',1417,,987,98,,,0
2029,'1497059',817,,988,98,,,0
2029,'1497060',1747,,989,98,,,0
2029,'1497061',1047,,990,98,,,0
2029,'1497062',917,,991,98,,,0
2029,'1497063',1217,,992,98,,,0
2029,'1497064',1147,,993,98,,,0
2029,'1497065',1817,,994,98,,,0
2029,'1497066',2047,,995,98,,,0
2029,'1497067',947,,996,98,,,0
2029,'1497068',1447,,997,98,,,0
2029,'1497069',1247,,998,98,,,0
2029,'1497070',1847,,999,98,,,0
2029,'1497071',1317,,1000,98,,,0
2029,'1497072',1617,,1001,98,,,0
2029,'1497073',1017,,1002,98,,,0
2029,'1497074',2247,,1003,98,,,0
2029,'1497075',847,,1004,98,,,0
2029,'1497076',1647,,1005,98,,,0
2029,'1497077',1517,,1006,98,,,0
2029,'1497078',2341,,1007,98,,,0
2029,'1497079',1117,,1008,98,,,0
2029,'1497080',747,,1009,98,,,0
2029,'1497081',1347,,1010,98,,,0
2029,'1497082',1947,,1011,98,,,0
2029,'1497083',1717,,1012,98,,,0
2029,'1497084',1547,,1013,98,,,0
2029,'1497085',1417,,1014,98,,,0
2029,'1497086',817,,1015,98,,,0
2029,'1497087',1747,,1016,98,,,0
2029,'1497088',1047,,1017,98,,,0
2029,'1497089',917,,1018,98,,,0
2029,'1497090',2147,,1019,98,,,0
2029,'1497091',1217,,1020,98,,,0
2029,'1497092',1147,,1021,98,,,0
2029,'1497093',1817,,1022,98,,,0
2029,'1497094',1747,,1023,98,,,0
2029,'1497095',1147,,1024,98,,,0
2029,'1497096',2247,,1025,98,,,0
2029,'1497097',2341,,1026,98,,,0
2029,'1497098',1047,,1027,98,,,0
2029,'1497099',2047,,1028,98,,,0
2029,'1497100',947,,1029,98,,,0
2029,'1497101',1547,,1030,98,,,0
2029,'1497102',2147,,1031,98,,,0
2029,'1497103',1847,,1032,98,,,0
2029,'1497104',1247,,1033,98,,,0
2029,'1497105',1447,,1034,98,,,0
2029,'1497106',847,,1035,98,,,0
2029,'1497107',1347,,1036,98,,,0
2029,'1497108',1947,,1037,98,,,0
2029,'1497109',1647,,1038,98,,,0
2029,'1497110',747,,1039,98,,,0
2029,'1497111',1747,,1040,98,,,0
2029,'1497112',1147,,1041,98,,,0
2029,'1497113',2247,,1042,98,,,0
2029,'1497114',2341,,1043,98,,,0
2029,'1497115',1047,,1044,98,,,0
2029,'1497116',2047,,1045,98,,,0
2029,'1497117',947,,1046,98,,,0
2029,'1497118',1547,,1047,98,,,0
2029,'1497119',2147,,1048,98,,,0
2029,'1497120',1847,,1049,98,,,0
2029,'1497121',1247,,1050,98,,,0
2029,'1497122',1447,,1051,98,,,0
2029,'1497123',847,,1052,98,,,0
2029,'1497124',1347,,1053,98,,,0
2029,'1497125',1947,,1054,98,,,0
2029,'1497126',1647,,1055,98,,,0
