1019,'1496067',734,,702,44,,,0
1019,'1496069',834,,703,44,,,0
1019,'1496071',1604,,704,44,,,0
1019,'1496072',1704,,705,44,,,0
1019,'1496074',804,,706,44,,,0
1019,'1496075',1504,,707,44,,,0
1019,'1496076',1304,,708,44,,,0
1019,'1496080',1404,,709,44,,,0
1019,'1496085',1104,,710,44,,,0
1019,'1496087',1334,,711,44,,,0
1019,'1496089',904,,712,44,,,0
1019,'1496090',1204,,713,44,,,0
1019,'1496091',1004,,714,44,,,0
1019,'1496093',1804,,715,44,,,0
1019,'1496095',1034,,716,44,,,0
1019,'1496097',934,,717,44,,,0
1019,'1496099',1434,,718,44,,,0
1019,'1496100',1534,,719,44,,,0
1019,'1496102',704,,720,44,,,0
1019,'1496103',1234,,721,44,,,0
1019,'1496104',1134,,722,44,,,0
1019,'1496107',1734,,723,44,,,0
1019,'1496109',1634,,724,44,,,0
1019,'1496110',604,,725,13,,,0
1019,'1496296',734,,726,44,,,0
1019,'1496298',834,,727,44,,,0
1019,'1496301',1604,,728,44,,,0
1019,'1496302',2149,,729,44,,,0
1019,'1496303',1704,,730,44,,,0
1019,'1496305',804,,731,44,,,0
1019,'1496306',1504,,732,44,,,0
1019,'1496307',1304,,733,44,,,0
1019,'1496308',1834,,734,44,,,0
1019,'1496313',1404,,735,44,,,0
1019,'1496314',1949,,736,44,,,0
1019,'1496315',2049,,737,44,,,0
1019,'1496321',1104,,738,44,,,0
1019,'1496323',1334,,739,44,,,0
1019,'1496326',904,,740,44,,,0
1019,'1496327',1204,,741,44,,,0
1019,'1496328',1004,,742,44,,,0
1019,'1496330',2343,,743,44,,,0
1019,'1496331',1804,,744,44,,,0
1019,'1496334',1034,,745,44,,,0
1019,'1496336',934,,746,44,,,0
1019,'1496338',2249,,747,44,,,0
1019,'1496340',1434,,748,44,,,0
1019,'1496341',1534,,749,44,,,0
1019,'1496343',704,,750,44,,,0
1019,'1496344',1234,,751,44,,,0
1019,'1496345',1134,,752,44,,,0
1019,'1496348',1734,,753,44,,,0
1019,'1496350',1634,,754,44,,,0
1019,'1496351',604,,755,13,,,0
1019,'1496353',1904,,756,44,,,0
1019,'1496526',1349,,757,44,,,0
1019,'1496529',1949,,758,44,,,0
1019,'1496530',749,,759,44,,,0
1019,'1496531',649,,760,44,,,0
1019,'1496532',2049,,761,44,,,0
1019,'1496536',1049,,762,44,,,0
1019,'1496538',1449,,763,44,,,0
1019,'1496541',1649,,764,44,,,0
1019,'1496543',1149,,765,44,,,0
1019,'1496546',2149,,766,44,,,0
1019,'1496548',1549,,767,44,,,0
1019,'1496549',1749,,768,44,,,0
1019,'1496553',949,,769,44,,,0
1019,'1496554',849,,770,44,,,0
1019,'1496557',1249,,771,44,,,0
1019,'1496558',1849,,772,44,,,0
1019,'1496559',2343,,773,44,,,0
1019,'1496560',2249,,774,44,,,0
1019,'1496561',1349,,775,44,,,0
1019,'1496564',1949,,776,44,,,0
1019,'1496565',749,,777,44,,,0
1019,'1496566',2049,,778,44,,,0
1019,'1496570',1049,,779,44,,,0
1019,'1496572',1449,,780,44,,,0
1019,'1496575',1649,,781,44,,,0
1019,'1496576',1149,,782,44,,,0
1019,'1496579',2149,,783,44,,,0
1019,'1496581',1549,,784,44,,,0
1019,'1496582',1749,,785,44,,,0
1019,'1496586',949,,786,44,,,0
1019,'1496587',849,,787,44,,,0
1019,'1496590',1249,,788,44,,,0
1019,'1496591',1849,,789,44,,,0
1019,'1496592',2343,,790,44,,,0
1019,'1496593',2249,,791,44,,,0
