2019,'1496174',1255,,878,79,,,0
2019,'1496175',1425,,879,79,,,0
2019,'1496179',1355,,880,79,,,0
2019,'1496181',1525,,881,79,,,0
2019,'1496183',1025,,882,79,,,0
2019,'1496184',1555,,883,79,,,0
2019,'1496185',955,,884,79,,,0
2019,'1496187',1155,,885,79,,,0
2019,'1496188',925,,886,79,,,0
2019,'1496189',855,,887,79,,,0
2019,'1496191',1055,,888,79,,,0
2019,'1496194',1625,,889,79,,,0
2019,'1496198',755,,890,79,,,0
2019,'1496200',1755,,891,79,,,0
2019,'1496204',1455,,892,79,,,0
2019,'1496206',1125,,893,79,,,0
2019,'1496208',1225,,894,79,,,0
2019,'1496209',1655,,895,79,,,0
2019,'1496210',1825,,896,79,,,0
2019,'1496211',1725,,897,79,,,0
2019,'1496215',825,,898,79,,,0
2019,'1496216',1325,,899,79,,,0
2019,'1496218',725,,900,79,,,0
2019,'1496220',625,,902,47,,,0
2019,'1496223',2310,,903,79,,,0
2019,'1496224',1255,,904,79,,,0
2019,'1496225',1425,,905,79,,,0
2019,'1496227',2210,,906,79,,,0
2019,'1496228',1910,,907,79,,,0
2019,'1496232',1355,,908,79,,,0
2019,'1496234',1525,,909,79,,,0
2019,'1496236',1025,,910,79,,,0
2019,'1496237',1555,,911,79,,,0
2019,'1496238',955,,912,79,,,0
2019,'1496240',1155,,913,79,,,0
2019,'1496242',925,,914,79,,,0
2019,'1496243',855,,915,79,,,0
2019,'1496245',1055,,916,79,,,0
2019,'1496248',1625,,917,79,,,0
2019,'1496253',2110,,918,79,,,0
2019,'1496255',755,,919,79,,,0
2019,'1496257',1755,,920,79,,,0
2019,'1496262',1455,,922,79,,,0
2019,'1496264',1125,,923,79,,,0
2019,'1496266',1225,,924,79,,,0
2019,'1496267',1655,,925,79,,,0
2019,'1496268',1825,,926,79,,,0
2019,'1496269',1725,,927,79,,,0
2019,'1496274',825,,928,79,,,0
2019,'1496275',1325,,929,79,,,0
2019,'1496277',725,,930,79,,,0
2019,'1496279',625,,932,57,,,0
2019,'1496280',2010,,933,79,,,0
2019,'1496490',1810,,934,79,,,0
2019,'1496491',2210,,935,79,,,0
2019,'1496492',1410,,936,79,,,0
2019,'1496494',1210,,937,79,,,0
2019,'1496495',1510,,938,79,,,0
2019,'1496498',2110,,939,79,,,0
2019,'1496499',810,,940,79,,,0
2019,'1496505',1310,,941,79,,,0
2019,'1496507',2310,,942,79,,,0
2019,'1496510',1610,,943,79,,,0
2019,'1496511',1910,,944,79,,,0
2019,'1496512',1110,,945,79,,,0
2019,'1496516',1010,,946,79,,,0
2019,'1496518',910,,947,79,,,0
2019,'1496520',1710,,948,79,,,0
2019,'1496521',2010,,949,79,,,0
2019,'1496523',710,,950,79,,,0
2019,'1496524',640,,951,47,,,0
2019,'1496594',1810,,953,79,,,0
2019,'1496595',2210,,954,79,,,0
2019,'1496596',1410,,955,79,,,0
2019,'1496598',1210,,956,79,,,0
2019,'1496599',1510,,957,79,,,0
2019,'1496602',2110,,958,79,,,0
2019,'1496603',810,,959,79,,,0
2019,'1496609',1310,,960,79,,,0
2019,'1496613',1610,,961,79,,,0
2019,'1496614',1910,,962,79,,,0
2019,'1496615',1110,,963,79,,,0
2019,'1496619',1010,,964,79,,,0
2019,'1496621',910,,965,79,,,0
2019,'1496623',1710,,966,79,,,0
2019,'1496624',2010,,967,79,,,0
2019,'1496625',740,,968,47,,,0
