2019,'1496174',1302,,878,91,,,0
2019,'1496175',1432,,879,91,,,0
2019,'1496179',1402,,880,91,,,0
2019,'1496181',1532,,881,91,,,0
2019,'1496183',1032,,882,91,,,0
2019,'1496184',1602,,883,91,,,0
2019,'1496185',1002,,884,91,,,0
2019,'1496187',1202,,885,91,,,0
2019,'1496188',932,,886,91,,,0
2019,'1496189',902,,887,91,,,0
2019,'1496191',1102,,888,91,,,0
2019,'1496194',1632,,889,91,,,0
2019,'1496198',802,,890,91,,,0
2019,'1496200',1802,,891,91,,,0
2019,'1496204',1502,,892,91,,,0
2019,'1496206',1132,,893,91,,,0
2019,'1496208',1232,,894,91,,,0
2019,'1496209',1702,,895,91,,,0
2019,'1496210',1832,,896,91,,,0
2019,'1496211',1732,,897,91,,,0
2019,'1496215',832,,898,91,,,0
2019,'1496216',1332,,899,91,,,0
2019,'1496218',732,,900,91,,,0
2019,'1496219',602,,901,5,,,0
2019,'1496220',632,,902,59,,,0
2019,'1496223',2317,,903,91,,,0
2019,'1496224',1302,,904,91,,,0
2019,'1496225',1432,,905,91,,,0
2019,'1496227',2217,,906,91,,,0
2019,'1496228',1917,,907,91,,,0
2019,'1496232',1402,,908,91,,,0
2019,'1496234',1532,,909,91,,,0
2019,'1496236',1032,,910,91,,,0
2019,'1496237',1602,,911,91,,,0
2019,'1496238',1002,,912,91,,,0
2019,'1496240',1202,,913,91,,,0
2019,'1496242',932,,914,91,,,0
2019,'1496243',902,,915,91,,,0
2019,'1496245',1102,,916,91,,,0
2019,'1496248',1632,,917,91,,,0
2019,'1496253',2117,,918,91,,,0
2019,'1496255',802,,919,91,,,0
2019,'1496257',1802,,920,91,,,0
2019,'1496262',1502,,922,91,,,0
2019,'1496264',1132,,923,91,,,0
2019,'1496266',1232,,924,91,,,0
2019,'1496267',1702,,925,91,,,0
2019,'1496268',1832,,926,91,,,0
2019,'1496269',1732,,927,91,,,0
2019,'1496274',832,,928,91,,,0
2019,'1496275',1332,,929,91,,,0
2019,'1496277',732,,930,91,,,0
2019,'1496278',602,,931,5,,,0
2019,'1496279',632,,932,69,,,0
2019,'1496280',2017,,933,91,,,0
2019,'1496490',1817,,934,91,,,0
2019,'1496491',2217,,935,91,,,0
2019,'1496492',1417,,936,91,,,0
2019,'1496494',1217,,937,91,,,0
2019,'1496495',1517,,938,91,,,0
2019,'1496498',2117,,939,91,,,0
2019,'1496499',817,,940,91,,,0
2019,'1496505',1317,,941,91,,,0
2019,'1496507',2317,,942,91,,,0
2019,'1496510',1617,,943,91,,,0
2019,'1496511',1917,,944,91,,,0
2019,'1496512',1117,,945,91,,,0
2019,'1496516',1017,,946,91,,,0
2019,'1496518',917,,947,91,,,0
2019,'1496520',1717,,948,91,,,0
2019,'1496521',2017,,949,91,,,0
2019,'1496523',717,,950,91,,,0
2019,'1496524',647,,951,59,,,0
2019,'1496594',1817,,953,91,,,0
2019,'1496595',2217,,954,91,,,0
2019,'1496596',1417,,955,91,,,0
2019,'1496598',1217,,956,91,,,0
2019,'1496599',1517,,957,91,,,0
2019,'1496602',2117,,958,91,,,0
2019,'1496603',817,,959,91,,,0
2019,'1496609',1317,,960,91,,,0
2019,'1496613',1617,,961,91,,,0
2019,'1496614',1917,,962,91,,,0
2019,'1496615',1117,,963,91,,,0
2019,'1496619',1017,,964,91,,,0
2019,'1496621',917,,965,91,,,0
2019,'1496623',1717,,966,91,,,0
2019,'1496624',2017,,967,91,,,0
2019,'1496625',747,,968,59,,,0
