3019,'1496126',921,,1057,96,0,5,0
3019,'1496127',1121,,1058,96,0,5,0
3019,'1496132',1151,,1063,96,0,5,0
3019,'1496135',1721,,1066,96,0,5,0
3019,'1496137',1521,,1068,96,0,5,0
3019,'1496139',1251,,1070,96,0,5,0
3019,'1496140',821,,1071,96,0,5,0
3019,'1496143',751,,1074,96,0,5,0
3019,'1496145',1821,,1076,96,0,5,0
3019,'1496147',1351,,1078,96,0,5,0
3019,'1496148',1051,,1079,96,0,5,0
3019,'1496149',1321,,1080,96,0,5,0
3019,'1496150',1421,,1081,96,0,5,0
3019,'1496152',851,,1083,96,0,5,0
3019,'1496156',1021,,1087,96,0,5,0
3019,'1496157',1651,,1088,96,0,5,0
3019,'1496158',1451,,1089,96,0,5,0
3019,'1496160',1751,,1091,96,0,5,0
3019,'1496161',1221,,1092,96,0,5,0
3019,'1496162',1551,,1093,96,0,5,0
3019,'1496163',621,,1094,18,0,5,0
3019,'1496166',1621,,1097,96,0,5,0
3019,'1496169',951,,1100,96,0,5,0
3019,'1496172',651,,1103,65,0,5,0
3019,'1496375',921,,1106,96,0,5,0
3019,'1496376',1121,,1107,96,0,5,0
3019,'1496379',2151,,1110,96,0,5,0
3019,'1496383',2251,,1114,96,0,5,0
3019,'1496384',1151,,1115,96,0,5,0
3019,'1496387',1721,,1118,96,0,5,0
3019,'1496389',2342,,1120,96,0,5,0
3019,'1496390',1521,,1121,96,0,5,0
3019,'1496391',1951,,1122,96,0,5,0
3019,'1496393',1251,,1124,96,0,5,0
3019,'1496394',821,,1125,96,0,5,0
3019,'1496397',2051,,1128,96,0,5,0
3019,'1496399',751,,1130,96,0,5,0
3019,'1496401',1821,,1132,96,0,5,0
3019,'1496403',1351,,1134,96,0,5,0
3019,'1496405',1851,,1136,96,0,5,0
3019,'1496406',1051,,1137,96,0,5,0
3019,'1496407',1321,,1138,96,0,5,0
3019,'1496408',1421,,1139,96,0,5,0
3019,'1496410',851,,1141,96,0,5,0
3019,'1496414',1021,,1145,96,0,5,0
3019,'1496415',1651,,1146,96,0,5,0
3019,'1496416',1451,,1147,96,0,5,0
3019,'1496418',1751,,1149,96,0,5,0
3019,'1496419',1221,,1150,96,0,5,0
3019,'1496420',1551,,1151,96,0,5,0
3019,'1496421',621,,1152,18,0,5,0
3019,'1496424',1621,,1155,96,0,5,0
3019,'1496428',951,,1159,96,0,5,0
3019,'1496433',651,,1164,65,0,5,0
3019,'1496454',1751,,1167,96,0,5,0
3019,'1496456',2251,,1169,96,0,5,0
3019,'1496461',1951,,1174,96,0,5,0
3019,'1496462',1451,,1175,96,0,5,0
3019,'1496464',2051,,1177,96,0,5,0
3019,'1496466',2342,,1179,96,0,5,0
3019,'1496470',1851,,1183,96,0,5,0
3019,'1496471',751,,1184,96,0,5,0
3019,'1496472',951,,1185,96,0,5,0
3019,'1496476',1051,,1189,96,0,5,0
3019,'1496477',1351,,1190,96,0,5,0
3019,'1496478',1651,,1191,96,0,5,0
3019,'1496480',1151,,1193,96,0,5,0
3019,'1496481',1551,,1194,96,0,5,0
3019,'1496482',2151,,1195,96,0,5,0
3019,'1496483',851,,1196,96,0,5,0
3019,'1496485',1251,,1198,96,0,5,0
3019,'1496489',623,,1202,18,0,5,0
3019,'1496628',1751,,1204,96,0,5,0
3019,'1496630',2251,,1206,96,0,5,0
3019,'1496634',1951,,1210,96,0,5,0
3019,'1496635',1451,,1211,96,0,5,0
3019,'1496637',2051,,1213,96,0,5,0
3019,'1496639',2342,,1215,96,0,5,0
3019,'1496643',1851,,1219,96,0,5,0
3019,'1496644',951,,1220,96,0,5,0
3019,'1496648',1051,,1224,96,0,5,0
3019,'1496649',1351,,1225,96,0,5,0
3019,'1496650',1651,,1226,96,0,5,0
3019,'1496652',1151,,1228,96,0,5,0
3019,'1496653',1551,,1229,96,0,5,0
3019,'1496654',2151,,1230,96,0,5,0
3019,'1496655',851,,1231,96,0,5,0
3019,'1496657',1251,,1233,96,0,5,0
3019,'1496660',721,,1236,18,0,5,0
