2029,'1488850',626,,970,17,,,0
2029,'1496221',655,,971,77,,,0
2029,'1496281',655,,972,77,,,0
2029,'1497044',956,,973,114,,,0
2029,'1497045',1456,,974,114,,,0
2029,'1497046',1256,,975,114,,,0
2029,'1497047',1326,,976,114,,,0
2029,'1497048',1626,,977,114,,,0
2029,'1497049',1026,,978,114,,,0
2029,'1497050',856,,979,114,,,0
2029,'1497051',1656,,980,114,,,0
2029,'1497052',1526,,981,114,,,0
2029,'1497053',1126,,982,114,,,0
2029,'1497054',756,,983,114,,,0
2029,'1497055',1356,,984,114,,,0
2029,'1497056',1726,,985,114,,,0
2029,'1497057',1556,,986,114,,,0
2029,'1497058',1426,,987,114,,,0
2029,'1497059',826,,988,114,,,0
2029,'1497060',1756,,989,114,,,0
2029,'1497061',1056,,990,114,,,0
2029,'1497062',926,,991,114,,,0
2029,'1497063',1226,,992,114,,,0
2029,'1497064',1156,,993,114,,,0
2029,'1497065',1826,,994,114,,,0
2029,'1497066',2056,,995,114,,,0
2029,'1497067',956,,996,114,,,0
2029,'1497068',1456,,997,114,,,0
2029,'1497069',1256,,998,114,,,0
2029,'1497070',1856,,999,114,,,0
2029,'1497071',1326,,1000,114,,,0
2029,'1497072',1626,,1001,114,,,0
2029,'1497073',1026,,1002,114,,,0
2029,'1497074',2256,,1003,114,,,0
2029,'1497075',856,,1004,114,,,0
2029,'1497076',1656,,1005,114,,,0
2029,'1497077',1526,,1006,114,,,0
2029,'1497078',2349,,1007,114,,,0
2029,'1497079',1126,,1008,114,,,0
2029,'1497080',756,,1009,114,,,0
2029,'1497081',1356,,1010,114,,,0
2029,'1497082',1956,,1011,114,,,0
2029,'1497083',1726,,1012,114,,,0
2029,'1497084',1556,,1013,114,,,0
2029,'1497085',1426,,1014,114,,,0
2029,'1497086',826,,1015,114,,,0
2029,'1497087',1756,,1016,114,,,0
2029,'1497088',1056,,1017,114,,,0
2029,'1497089',926,,1018,114,,,0
2029,'1497090',2156,,1019,114,,,0
2029,'1497091',1226,,1020,114,,,0
2029,'1497092',1156,,1021,114,,,0
2029,'1497093',1826,,1022,114,,,0
2029,'1497094',1756,,1023,114,,,0
2029,'1497095',1156,,1024,114,,,0
2029,'1497096',2256,,1025,114,,,0
2029,'1497097',2349,,1026,114,,,0
2029,'1497098',1056,,1027,114,,,0
2029,'1497099',2056,,1028,114,,,0
2029,'1497100',956,,1029,114,,,0
2029,'1497101',1556,,1030,114,,,0
2029,'1497102',2156,,1031,114,,,0
2029,'1497103',1856,,1032,114,,,0
2029,'1497104',1256,,1033,114,,,0
2029,'1497105',1456,,1034,114,,,0
2029,'1497106',856,,1035,114,,,0
2029,'1497107',1356,,1036,114,,,0
2029,'1497108',1956,,1037,114,,,0
2029,'1497109',1656,,1038,114,,,0
2029,'1497110',756,,1039,114,,,0
2029,'1497111',1756,,1040,114,,,0
2029,'1497112',1156,,1041,114,,,0
2029,'1497113',2256,,1042,114,,,0
2029,'1497114',2349,,1043,114,,,0
2029,'1497115',1056,,1044,114,,,0
2029,'1497116',2056,,1045,114,,,0
2029,'1497117',956,,1046,114,,,0
2029,'1497118',1556,,1047,114,,,0
2029,'1497119',2156,,1048,114,,,0
2029,'1497120',1856,,1049,114,,,0
2029,'1497121',1256,,1050,114,,,0
2029,'1497122',1456,,1051,114,,,0
2029,'1497123',856,,1052,114,,,0
2029,'1497124',1356,,1053,114,,,0
2029,'1497125',1956,,1054,114,,,0
2029,'1497126',1656,,1055,114,,,0
