4019,'1496112',723,,1237,78,,,0
4019,'1496113',1123,,1238,78,,,0
4019,'1496114',923,,1239,78,,,0
4019,'1496115',1723,,1240,78,,,0
4019,'1496116',1023,,1241,78,,,0
4019,'1496117',1223,,1242,78,,,0
4019,'1496118',823,,1243,78,,,0
4019,'1496119',1623,,1244,78,,,0
4019,'1496120',1823,,1245,78,,,0
4019,'1496121',1423,,1246,78,,,0
4019,'1496122',1523,,1247,78,,,0
4019,'1496123',1323,,1248,78,,,0
4019,'1496124',623,,1249,44,,,0
4019,'1496355',723,,1250,78,,,0
4019,'1496356',2358,,1251,78,,,0
4019,'1496357',1123,,1252,78,,,0
4019,'1496358',923,,1253,78,,,0
4019,'1496359',2108,,1254,78,,,0
4019,'1496360',1723,,1255,78,,,0
4019,'1496361',1923,,1256,78,,,0
4019,'1496362',2208,,1257,78,,,0
4019,'1496363',1023,,1258,78,,,0
4019,'1496364',1223,,1259,78,,,0
4019,'1496365',2008,,1260,78,,,0
4019,'1496366',823,,1261,78,,,0
4019,'1496367',1623,,1262,78,,,0
4019,'1496368',1823,,1263,78,,,0
4019,'1496369',1423,,1264,78,,,0
4019,'1496370',1523,,1265,78,,,0
4019,'1496371',2308,,1266,78,,,0
4019,'1496372',1323,,1267,78,,,0
4019,'1496373',623,,1268,44,,,0
4019,'1496435',908,,1269,78,,,0
4019,'1496436',808,,1270,78,,,0
4019,'1496437',1708,,1271,78,,,0
4019,'1496438',2308,,1272,78,,,0
4019,'1496439',1808,,1273,78,,,0
4019,'1496440',1508,,1274,78,,,0
4019,'1496441',2208,,1275,78,,,0
4019,'1496442',1108,,1276,78,,,0
4019,'1496443',2008,,1277,78,,,0
4019,'1496444',1608,,1278,78,,,0
4019,'1496445',1008,,1279,78,,,0
4019,'1496446',1908,,1280,78,,,0
4019,'1496447',1408,,1281,78,,,0
4019,'1496448',708,,1282,78,,,0
4019,'1496449',2108,,1283,78,,,0
4019,'1496450',1208,,1284,78,,,0
4019,'1496451',1308,,1285,78,,,0
4019,'1496452',2358,,1286,78,,,0
4019,'1496661',908,,1287,78,,,0
4019,'1496662',808,,1288,78,,,0
4019,'1496663',1708,,1289,78,,,0
4019,'1496664',2308,,1290,78,,,0
4019,'1496665',1808,,1291,78,,,0
4019,'1496666',1508,,1292,78,,,0
4019,'1496667',2208,,1293,78,,,0
4019,'1496668',1108,,1294,78,,,0
4019,'1496669',2008,,1295,78,,,0
4019,'1496670',1608,,1296,78,,,0
4019,'1496671',1008,,1297,78,,,0
4019,'1496672',1908,,1298,78,,,0
4019,'1496673',1408,,1299,78,,,0
4019,'1496674',2108,,1300,78,,,0
4019,'1496675',1208,,1301,78,,,0
4019,'1496676',1308,,1302,78,,,0
4019,'1496677',2358,,1303,78,,,0
