1019,'1496067',748,,702,58,,,0
1019,'1496069',848,,703,58,,,0
1019,'1496071',1618,,704,58,,,0
1019,'1496072',1718,,705,58,,,0
1019,'1496074',818,,706,58,,,0
1019,'1496075',1518,,707,58,,,0
1019,'1496076',1318,,708,58,,,0
1019,'1496080',1418,,709,58,,,0
1019,'1496085',1118,,710,58,,,0
1019,'1496087',1348,,711,58,,,0
1019,'1496089',918,,712,58,,,0
1019,'1496090',1218,,713,58,,,0
1019,'1496091',1018,,714,58,,,0
1019,'1496093',1818,,715,58,,,0
1019,'1496095',1048,,716,58,,,0
1019,'1496097',948,,717,58,,,0
1019,'1496099',1448,,718,58,,,0
1019,'1496100',1548,,719,58,,,0
1019,'1496102',718,,720,58,,,0
1019,'1496103',1248,,721,58,,,0
1019,'1496104',1148,,722,58,,,0
1019,'1496107',1748,,723,58,,,0
1019,'1496109',1648,,724,58,,,0
1019,'1496110',618,,725,27,,,0
1019,'1496296',748,,726,58,,,0
1019,'1496298',848,,727,58,,,0
1019,'1496301',1618,,728,58,,,0
1019,'1496302',2203,,729,58,,,0
1019,'1496303',1718,,730,58,,,0
1019,'1496305',818,,731,58,,,0
1019,'1496306',1518,,732,58,,,0
1019,'1496307',1318,,733,58,,,0
1019,'1496308',1848,,734,58,,,0
1019,'1496313',1418,,735,58,,,0
1019,'1496314',2003,,736,58,,,0
1019,'1496315',2103,,737,58,,,0
1019,'1496321',1118,,738,58,,,0
1019,'1496323',1348,,739,58,,,0
1019,'1496326',918,,740,58,,,0
1019,'1496327',1218,,741,58,,,0
1019,'1496328',1018,,742,58,,,0
1019,'1496330',2353,,743,58,,,0
1019,'1496331',1818,,744,58,,,0
1019,'1496334',1048,,745,58,,,0
1019,'1496336',948,,746,58,,,0
1019,'1496338',2303,,747,58,,,0
1019,'1496340',1448,,748,58,,,0
1019,'1496341',1548,,749,58,,,0
1019,'1496343',718,,750,58,,,0
1019,'1496344',1248,,751,58,,,0
1019,'1496345',1148,,752,58,,,0
1019,'1496348',1748,,753,58,,,0
1019,'1496350',1648,,754,58,,,0
1019,'1496351',618,,755,27,,,0
1019,'1496353',1918,,756,58,,,0
1019,'1496526',1403,,757,58,,,0
1019,'1496529',2003,,758,58,,,0
1019,'1496530',803,,759,58,,,0
1019,'1496531',703,,760,58,,,0
1019,'1496532',2103,,761,58,,,0
1019,'1496536',1103,,762,58,,,0
1019,'1496538',1503,,763,58,,,0
1019,'1496541',1703,,764,58,,,0
1019,'1496543',1203,,765,58,,,0
1019,'1496546',2203,,766,58,,,0
1019,'1496548',1603,,767,58,,,0
1019,'1496549',1803,,768,58,,,0
1019,'1496553',1003,,769,58,,,0
1019,'1496554',903,,770,58,,,0
1019,'1496557',1303,,771,58,,,0
1019,'1496558',1903,,772,58,,,0
1019,'1496559',2351,,773,58,,,0
1019,'1496560',2303,,774,58,,,0
1019,'1496561',1403,,775,58,,,0
1019,'1496564',2003,,776,58,,,0
1019,'1496565',803,,777,58,,,0
1019,'1496566',2103,,778,58,,,0
1019,'1496570',1103,,779,58,,,0
1019,'1496572',1503,,780,58,,,0
1019,'1496575',1703,,781,58,,,0
1019,'1496576',1203,,782,58,,,0
1019,'1496579',2203,,783,58,,,0
1019,'1496581',1603,,784,58,,,0
1019,'1496582',1803,,785,58,,,0
1019,'1496586',1003,,786,58,,,0
1019,'1496587',903,,787,58,,,0
1019,'1496590',1303,,788,58,,,0
1019,'1496591',1903,,789,58,,,0
1019,'1496592',2351,,790,58,,,0
1019,'1496593',2303,,791,58,,,0
