1019,'1496067',734,,702,43,,,0
1019,'1496069',834,,703,43,,,0
1019,'1496071',1604,,704,43,,,0
1019,'1496072',1704,,705,43,,,0
1019,'1496074',804,,706,43,,,0
1019,'1496075',1504,,707,43,,,0
1019,'1496076',1304,,708,43,,,0
1019,'1496080',1404,,709,43,,,0
1019,'1496085',1104,,710,43,,,0
1019,'1496087',1334,,711,43,,,0
1019,'1496089',904,,712,43,,,0
1019,'1496090',1204,,713,43,,,0
1019,'1496091',1004,,714,43,,,0
1019,'1496093',1804,,715,43,,,0
1019,'1496095',1034,,716,43,,,0
1019,'1496097',934,,717,43,,,0
1019,'1496099',1434,,718,43,,,0
1019,'1496100',1534,,719,43,,,0
1019,'1496102',704,,720,43,,,0
1019,'1496103',1234,,721,43,,,0
1019,'1496104',1134,,722,43,,,0
1019,'1496107',1734,,723,43,,,0
1019,'1496109',1634,,724,43,,,0
1019,'1496110',604,,725,12,,,0
1019,'1496296',734,,726,43,,,0
1019,'1496298',834,,727,43,,,0
1019,'1496301',1604,,728,43,,,0
1019,'1496302',2149,,729,43,,,0
1019,'1496303',1704,,730,43,,,0
1019,'1496305',804,,731,43,,,0
1019,'1496306',1504,,732,43,,,0
1019,'1496307',1304,,733,43,,,0
1019,'1496308',1834,,734,43,,,0
1019,'1496313',1404,,735,43,,,0
1019,'1496314',1949,,736,43,,,0
1019,'1496315',2049,,737,43,,,0
1019,'1496321',1104,,738,43,,,0
1019,'1496323',1334,,739,43,,,0
1019,'1496326',904,,740,43,,,0
1019,'1496327',1204,,741,43,,,0
1019,'1496328',1004,,742,43,,,0
1019,'1496330',2343,,743,43,,,0
1019,'1496331',1804,,744,43,,,0
1019,'1496334',1034,,745,43,,,0
1019,'1496336',934,,746,43,,,0
1019,'1496338',2249,,747,43,,,0
1019,'1496340',1434,,748,43,,,0
1019,'1496341',1534,,749,43,,,0
1019,'1496343',704,,750,43,,,0
1019,'1496344',1234,,751,43,,,0
1019,'1496345',1134,,752,43,,,0
1019,'1496348',1734,,753,43,,,0
1019,'1496350',1634,,754,43,,,0
1019,'1496351',604,,755,12,,,0
1019,'1496353',1904,,756,43,,,0
1019,'1496526',1349,,757,43,,,0
1019,'1496529',1949,,758,43,,,0
1019,'1496530',749,,759,43,,,0
1019,'1496531',649,,760,43,,,0
1019,'1496532',2049,,761,43,,,0
1019,'1496536',1049,,762,43,,,0
1019,'1496538',1449,,763,43,,,0
1019,'1496541',1649,,764,43,,,0
1019,'1496543',1149,,765,43,,,0
1019,'1496546',2149,,766,43,,,0
1019,'1496548',1549,,767,43,,,0
1019,'1496549',1749,,768,43,,,0
1019,'1496553',949,,769,43,,,0
1019,'1496554',849,,770,43,,,0
1019,'1496557',1249,,771,43,,,0
1019,'1496558',1849,,772,43,,,0
1019,'1496559',2343,,773,43,,,0
1019,'1496560',2249,,774,43,,,0
1019,'1496561',1349,,775,43,,,0
1019,'1496564',1949,,776,43,,,0
1019,'1496565',749,,777,43,,,0
1019,'1496566',2049,,778,43,,,0
1019,'1496570',1049,,779,43,,,0
1019,'1496572',1449,,780,43,,,0
1019,'1496575',1649,,781,43,,,0
1019,'1496576',1149,,782,43,,,0
1019,'1496579',2149,,783,43,,,0
1019,'1496581',1549,,784,43,,,0
1019,'1496582',1749,,785,43,,,0
1019,'1496586',949,,786,43,,,0
1019,'1496587',849,,787,43,,,0
1019,'1496590',1249,,788,43,,,0
1019,'1496591',1849,,789,43,,,0
1019,'1496592',2343,,790,43,,,0
1019,'1496593',2249,,791,43,,,0
