3019,'1496125',1609,,1056,68,,,0
3019,'1496128',1739,,1059,68,,,0
3019,'1496129',909,,1060,68,,,0
3019,'1496130',739,,1061,68,,,0
3019,'1496131',1639,,1062,68,,,0
3019,'1496133',1209,,1064,68,,,0
3019,'1496134',1139,,1065,68,,,0
3019,'1496136',809,,1067,68,,,0
3019,'1496138',939,,1069,68,,,0
3019,'1496141',1409,,1072,68,,,0
3019,'1496142',1339,,1073,68,,,0
3019,'1496144',1509,,1075,68,,,0
3019,'1496146',1309,,1077,68,,,0
3019,'1496151',839,,1082,68,,,0
3019,'1496153',1809,,1084,68,,,0
3019,'1496154',1439,,1085,68,,,0
3019,'1496155',1039,,1086,68,,,0
3019,'1496159',1109,,1090,68,,,0
3019,'1496164',1239,,1095,68,,,0
3019,'1496165',1709,,1096,68,,,0
3019,'1496167',1009,,1098,68,,,0
3019,'1496168',1539,,1099,68,,,0
3019,'1496171',609,,1102,12,,,0
3019,'1496173',709,,1104,68,,,0
3019,'1496374',1609,,1105,68,,,0
3019,'1496377',1739,,1108,68,,,0
3019,'1496378',2054,,1109,68,,,0
3019,'1496380',909,,1111,68,,,0
3019,'1496381',739,,1112,68,,,0
3019,'1496382',1639,,1113,68,,,0
3019,'1496385',1209,,1116,68,,,0
3019,'1496386',1139,,1117,68,,,0
3019,'1496388',809,,1119,68,,,0
3019,'1496392',939,,1123,68,,,0
3019,'1496395',2254,,1126,68,,,0
3019,'1496396',1409,,1127,68,,,0
3019,'1496398',1339,,1129,68,,,0
3019,'1496400',1509,,1131,68,,,0
3019,'1496402',1309,,1133,68,,,0
3019,'1496404',2154,,1135,68,,,0
3019,'1496409',839,,1140,68,,,0
3019,'1496411',1809,,1142,68,,,0
3019,'1496412',1439,,1143,68,,,0
3019,'1496413',1039,,1144,68,,,0
3019,'1496417',1109,,1148,68,,,0
3019,'1496422',1239,,1153,68,,,0
3019,'1496423',1709,,1154,68,,,0
3019,'1496425',1009,,1156,68,,,0
3019,'1496426',1539,,1157,68,,,0
3019,'1496427',1854,,1158,68,,,0
3019,'1496429',2348,,1160,68,,,0
3019,'1496431',609,,1162,12,,,0
3019,'1496432',1954,,1163,68,,,0
3019,'1496434',709,,1165,68,,,0
3019,'1496453',754,,1166,68,,,0
3019,'1496455',1454,,1168,68,,,0
3019,'1496457',854,,1170,68,,,0
3019,'1496458',1154,,1171,68,,,0
3019,'1496459',2254,,1172,68,,,0
3019,'1496460',1854,,1173,68,,,0
3019,'1496463',1354,,1176,68,,,0
3019,'1496465',1954,,1178,68,,,0
3019,'1496467',1654,,1180,68,,,0
3019,'1496468',954,,1181,68,,,0
3019,'1496469',1254,,1182,68,,,0
3019,'1496473',2154,,1186,68,,,0
3019,'1496474',1754,,1187,68,,,0
3019,'1496475',1054,,1188,68,,,0
3019,'1496479',1554,,1192,68,,,0
3019,'1496484',2054,,1197,68,,,0
3019,'1496486',624,,1199,12,,,0
3019,'1496487',2348,,1200,68,,,0
3019,'1496488',654,,1201,68,,,0
3019,'1496627',754,,1203,68,,,0
3019,'1496629',1454,,1205,68,,,0
3019,'1496631',854,,1207,68,,,0
3019,'1496632',1154,,1208,68,,,0
3019,'1496633',1854,,1209,68,,,0
3019,'1496636',1354,,1212,68,,,0
3019,'1496638',1954,,1214,68,,,0
3019,'1496640',1654,,1216,68,,,0
3019,'1496641',954,,1217,68,,,0
3019,'1496642',1254,,1218,68,,,0
3019,'1496645',2154,,1221,68,,,0
3019,'1496646',1754,,1222,68,,,0
3019,'1496647',1054,,1223,68,,,0
3019,'1496651',1554,,1227,68,,,0
3019,'1496656',2054,,1232,68,,,0
3019,'1496658',724,,1234,12,,,0
3019,'1496659',2348,,1235,68,,,0
