2019,'1496174',1222,,878,33,,,0
2019,'1496175',1352,,879,33,,,0
2019,'1496179',1322,,880,33,,,0
2019,'1496181',1452,,881,33,,,0
2019,'1496183',952,,882,33,,,0
2019,'1496184',1522,,883,33,,,0
2019,'1496185',922,,884,33,,,0
2019,'1496187',1122,,885,33,,,0
2019,'1496188',852,,886,33,,,0
2019,'1496189',822,,887,33,,,0
2019,'1496191',1022,,888,33,,,0
2019,'1496194',1552,,889,33,,,0
2019,'1496198',722,,890,33,,,0
2019,'1496200',1722,,891,33,,,0
2019,'1496204',1422,,892,33,,,0
2019,'1496206',1052,,893,33,,,0
2019,'1496208',1152,,894,33,,,0
2019,'1496209',1622,,895,33,,,0
2019,'1496210',1752,,896,33,,,0
2019,'1496211',1652,,897,33,,,0
2019,'1496215',752,,898,33,,,0
2019,'1496216',1252,,899,33,,,0
2019,'1496218',652,,900,33,,,0
2019,'1496220',552,,902,1,,,0
2019,'1496223',2237,,903,33,,,0
2019,'1496224',1222,,904,33,,,0
2019,'1496225',1352,,905,33,,,0
2019,'1496227',2137,,906,33,,,0
2019,'1496228',1837,,907,33,,,0
2019,'1496232',1322,,908,33,,,0
2019,'1496234',1452,,909,33,,,0
2019,'1496236',952,,910,33,,,0
2019,'1496237',1522,,911,33,,,0
2019,'1496238',922,,912,33,,,0
2019,'1496240',1122,,913,33,,,0
2019,'1496242',852,,914,33,,,0
2019,'1496243',822,,915,33,,,0
2019,'1496245',1022,,916,33,,,0
2019,'1496248',1552,,917,33,,,0
2019,'1496253',2037,,918,33,,,0
2019,'1496255',722,,919,33,,,0
2019,'1496257',1722,,920,33,,,0
2019,'1496258',2335,,921,33,,,0
2019,'1496262',1422,,922,33,,,0
2019,'1496264',1052,,923,33,,,0
2019,'1496266',1152,,924,33,,,0
2019,'1496267',1622,,925,33,,,0
2019,'1496268',1752,,926,33,,,0
2019,'1496269',1652,,927,33,,,0
2019,'1496274',752,,928,33,,,0
2019,'1496275',1252,,929,33,,,0
2019,'1496277',652,,930,33,,,0
2019,'1496279',552,,932,11,,,0
2019,'1496280',1937,,933,33,,,0
2019,'1496490',1737,,934,33,,,0
2019,'1496491',2137,,935,33,,,0
2019,'1496492',1337,,936,33,,,0
2019,'1496494',1137,,937,33,,,0
2019,'1496495',1437,,938,33,,,0
2019,'1496498',2037,,939,33,,,0
2019,'1496499',737,,940,33,,,0
2019,'1496505',1237,,941,33,,,0
2019,'1496507',2237,,942,33,,,0
2019,'1496510',1537,,943,33,,,0
2019,'1496511',1837,,944,33,,,0
2019,'1496512',1037,,945,33,,,0
2019,'1496516',937,,946,33,,,0
2019,'1496518',837,,947,33,,,0
2019,'1496520',1637,,948,33,,,0
2019,'1496521',1937,,949,33,,,0
2019,'1496523',637,,950,33,,,0
2019,'1496524',607,,951,1,,,0
2019,'1496525',2336,,952,33,,,0
2019,'1496594',1737,,953,33,,,0
2019,'1496595',2137,,954,33,,,0
2019,'1496596',1337,,955,33,,,0
2019,'1496598',1137,,956,33,,,0
2019,'1496599',1437,,957,33,,,0
2019,'1496602',2037,,958,33,,,0
2019,'1496603',737,,959,33,,,0
2019,'1496609',1237,,960,33,,,0
2019,'1496613',1537,,961,33,,,0
2019,'1496614',1837,,962,33,,,0
2019,'1496615',1037,,963,33,,,0
2019,'1496619',937,,964,33,,,0
2019,'1496621',837,,965,33,,,0
2019,'1496623',1637,,966,33,,,0
2019,'1496624',1937,,967,33,,,0
2019,'1496625',707,,968,1,,,0
2019,'1496626',2336,,969,33,,,0
