3019,'1496125',1612,,1056,73,,,0
3019,'1496128',1742,,1059,73,,,0
3019,'1496129',912,,1060,73,,,0
3019,'1496130',742,,1061,73,,,0
3019,'1496131',1642,,1062,73,,,0
3019,'1496133',1212,,1064,73,,,0
3019,'1496134',1142,,1065,73,,,0
3019,'1496136',812,,1067,73,,,0
3019,'1496138',942,,1069,73,,,0
3019,'1496141',1412,,1072,73,,,0
3019,'1496142',1342,,1073,73,,,0
3019,'1496144',1512,,1075,73,,,0
3019,'1496146',1312,,1077,73,,,0
3019,'1496151',842,,1082,73,,,0
3019,'1496153',1812,,1084,73,,,0
3019,'1496154',1442,,1085,73,,,0
3019,'1496155',1042,,1086,73,,,0
3019,'1496159',1112,,1090,73,,,0
3019,'1496164',1242,,1095,73,,,0
3019,'1496165',1712,,1096,73,,,0
3019,'1496167',1012,,1098,73,,,0
3019,'1496168',1542,,1099,73,,,0
3019,'1496171',612,,1102,17,,,0
3019,'1496173',712,,1104,73,,,0
3019,'1496374',1612,,1105,73,,,0
3019,'1496377',1742,,1108,73,,,0
3019,'1496378',2057,,1109,73,,,0
3019,'1496380',912,,1111,73,,,0
3019,'1496381',742,,1112,73,,,0
3019,'1496382',1642,,1113,73,,,0
3019,'1496385',1212,,1116,73,,,0
3019,'1496386',1142,,1117,73,,,0
3019,'1496388',812,,1119,73,,,0
3019,'1496392',942,,1123,73,,,0
3019,'1496395',2257,,1126,73,,,0
3019,'1496396',1412,,1127,73,,,0
3019,'1496398',1342,,1129,73,,,0
3019,'1496400',1512,,1131,73,,,0
3019,'1496402',1312,,1133,73,,,0
3019,'1496404',2157,,1135,73,,,0
3019,'1496409',842,,1140,73,,,0
3019,'1496411',1812,,1142,73,,,0
3019,'1496412',1442,,1143,73,,,0
3019,'1496413',1042,,1144,73,,,0
3019,'1496417',1112,,1148,73,,,0
3019,'1496422',1242,,1153,73,,,0
3019,'1496423',1712,,1154,73,,,0
3019,'1496425',1012,,1156,73,,,0
3019,'1496426',1542,,1157,73,,,0
3019,'1496427',1857,,1158,73,,,0
3019,'1496429',2353,,1160,73,,,0
3019,'1496431',612,,1162,17,,,0
3019,'1496432',1957,,1163,73,,,0
3019,'1496434',712,,1165,73,,,0
3019,'1496453',757,,1166,73,,,0
3019,'1496455',1457,,1168,73,,,0
3019,'1496457',857,,1170,73,,,0
3019,'1496458',1157,,1171,73,,,0
3019,'1496459',2257,,1172,73,,,0
3019,'1496460',1857,,1173,73,,,0
3019,'1496463',1357,,1176,73,,,0
3019,'1496465',1957,,1178,73,,,0
3019,'1496467',1657,,1180,73,,,0
3019,'1496468',957,,1181,73,,,0
3019,'1496469',1257,,1182,73,,,0
3019,'1496473',2157,,1186,73,,,0
3019,'1496474',1757,,1187,73,,,0
3019,'1496475',1057,,1188,73,,,0
3019,'1496479',1557,,1192,73,,,0
3019,'1496484',2057,,1197,73,,,0
3019,'1496486',627,,1199,17,,,0
3019,'1496487',2353,,1200,73,,,0
3019,'1496488',657,,1201,73,,,0
3019,'1496627',757,,1203,73,,,0
3019,'1496629',1457,,1205,73,,,0
3019,'1496631',857,,1207,73,,,0
3019,'1496632',1157,,1208,73,,,0
3019,'1496633',1857,,1209,73,,,0
3019,'1496636',1357,,1212,73,,,0
3019,'1496638',1957,,1214,73,,,0
3019,'1496640',1657,,1216,73,,,0
3019,'1496641',957,,1217,73,,,0
3019,'1496642',1257,,1218,73,,,0
3019,'1496645',2157,,1221,73,,,0
3019,'1496646',1757,,1222,73,,,0
3019,'1496647',1057,,1223,73,,,0
3019,'1496651',1557,,1227,73,,,0
3019,'1496656',2057,,1232,73,,,0
3019,'1496658',727,,1234,17,,,0
3019,'1496659',2353,,1235,73,,,0
