3019,'1496126',938,,1057,131,0,5,0
3019,'1496127',1138,,1058,131,0,5,0
3019,'1496132',1208,,1063,131,0,5,0
3019,'1496135',1738,,1066,131,0,5,0
3019,'1496137',1538,,1068,131,0,5,0
3019,'1496139',1308,,1070,131,0,5,0
3019,'1496140',838,,1071,131,0,5,0
3019,'1496143',808,,1074,131,0,5,0
3019,'1496145',1838,,1076,131,0,5,0
3019,'1496147',1408,,1078,131,0,5,0
3019,'1496148',1108,,1079,131,0,5,0
3019,'1496149',1338,,1080,131,0,5,0
3019,'1496150',1438,,1081,131,0,5,0
3019,'1496152',908,,1083,131,0,5,0
3019,'1496156',1038,,1087,131,0,5,0
3019,'1496157',1708,,1088,131,0,5,0
3019,'1496158',1508,,1089,131,0,5,0
3019,'1496160',1808,,1091,131,0,5,0
3019,'1496161',1238,,1092,131,0,5,0
3019,'1496162',1608,,1093,131,0,5,0
3019,'1496163',638,,1094,53,0,5,0
3019,'1496166',1638,,1097,131,0,5,0
3019,'1496169',1008,,1100,131,0,5,0
3019,'1496172',708,,1103,100,0,5,0
3019,'1496375',938,,1106,131,0,5,0
3019,'1496376',1138,,1107,131,0,5,0
3019,'1496379',2208,,1110,131,0,5,0
3019,'1496383',2308,,1114,131,0,5,0
3019,'1496384',1208,,1115,131,0,5,0
3019,'1496387',1738,,1118,131,0,5,0
3019,'1496389',2358,,1120,131,0,5,0
3019,'1496390',1538,,1121,131,0,5,0
3019,'1496391',2008,,1122,131,0,5,0
3019,'1496393',1308,,1124,131,0,5,0
3019,'1496394',838,,1125,131,0,5,0
3019,'1496397',2108,,1128,131,0,5,0
3019,'1496399',808,,1130,131,0,5,0
3019,'1496401',1838,,1132,131,0,5,0
3019,'1496403',1408,,1134,131,0,5,0
3019,'1496405',1908,,1136,131,0,5,0
3019,'1496406',1108,,1137,131,0,5,0
3019,'1496407',1338,,1138,131,0,5,0
3019,'1496408',1438,,1139,131,0,5,0
3019,'1496410',908,,1141,131,0,5,0
3019,'1496414',1038,,1145,131,0,5,0
3019,'1496415',1708,,1146,131,0,5,0
3019,'1496416',1508,,1147,131,0,5,0
3019,'1496418',1808,,1149,131,0,5,0
3019,'1496419',1238,,1150,131,0,5,0
3019,'1496420',1608,,1151,131,0,5,0
3019,'1496421',638,,1152,53,0,5,0
3019,'1496424',1638,,1155,131,0,5,0
3019,'1496428',1008,,1159,131,0,5,0
3019,'1496433',708,,1164,100,0,5,0
3019,'1496454',1808,,1167,131,0,5,0
3019,'1496456',2308,,1169,131,0,5,0
3019,'1496461',2008,,1174,131,0,5,0
3019,'1496462',1508,,1175,131,0,5,0
3019,'1496464',2108,,1177,131,0,5,0
3019,'1496466',2358,,1179,131,0,5,0
3019,'1496470',1908,,1183,131,0,5,0
3019,'1496471',808,,1184,131,0,5,0
3019,'1496472',1008,,1185,131,0,5,0
3019,'1496476',1108,,1189,131,0,5,0
3019,'1496477',1408,,1190,131,0,5,0
3019,'1496478',1708,,1191,131,0,5,0
3019,'1496480',1208,,1193,131,0,5,0
3019,'1496481',1608,,1194,131,0,5,0
3019,'1496482',2208,,1195,131,0,5,0
3019,'1496483',908,,1196,131,0,5,0
3019,'1496485',1308,,1198,131,0,5,0
3019,'1496489',638,,1202,53,0,5,0
3019,'1496628',1808,,1204,131,0,5,0
3019,'1496630',2308,,1206,131,0,5,0
3019,'1496634',2008,,1210,131,0,5,0
3019,'1496635',1508,,1211,131,0,5,0
3019,'1496637',2108,,1213,131,0,5,0
3019,'1496639',2358,,1215,131,0,5,0
3019,'1496643',1908,,1219,131,0,5,0
3019,'1496644',1008,,1220,131,0,5,0
3019,'1496648',1108,,1224,131,0,5,0
3019,'1496649',1408,,1225,131,0,5,0
3019,'1496650',1708,,1226,131,0,5,0
3019,'1496652',1208,,1228,131,0,5,0
3019,'1496653',1608,,1229,131,0,5,0
3019,'1496654',2208,,1230,131,0,5,0
3019,'1496655',908,,1231,131,0,5,0
3019,'1496657',1308,,1233,131,0,5,0
3019,'1496660',738,,1236,53,0,5,0
