2029,'1497044',854,,973,15,,,0
2029,'1497045',1354,,974,15,,,0
2029,'1497046',1154,,975,15,,,0
2029,'1497047',1224,,976,15,,,0
2029,'1497048',1524,,977,15,,,0
2029,'1497049',924,,978,15,,,0
2029,'1497050',754,,979,15,,,0
2029,'1497051',1554,,980,15,,,0
2029,'1497052',1424,,981,15,,,0
2029,'1497053',1024,,982,15,,,0
2029,'1497054',654,,983,15,,,0
2029,'1497055',1254,,984,15,,,0
2029,'1497056',1624,,985,15,,,0
2029,'1497057',1454,,986,15,,,0
2029,'1497058',1324,,987,15,,,0
2029,'1497059',724,,988,15,,,0
2029,'1497060',1654,,989,15,,,0
2029,'1497061',954,,990,15,,,0
2029,'1497062',824,,991,15,,,0
2029,'1497063',1124,,992,15,,,0
2029,'1497064',1054,,993,15,,,0
2029,'1497065',1724,,994,15,,,0
2029,'1497066',1954,,995,15,,,0
2029,'1497067',854,,996,15,,,0
2029,'1497068',1354,,997,15,,,0
2029,'1497069',1154,,998,15,,,0
2029,'1497070',1754,,999,15,,,0
2029,'1497071',1224,,1000,15,,,0
2029,'1497072',1524,,1001,15,,,0
2029,'1497073',924,,1002,15,,,0
2029,'1497074',2154,,1003,15,,,0
2029,'1497075',754,,1004,15,,,0
2029,'1497076',1554,,1005,15,,,0
2029,'1497077',1424,,1006,15,,,0
2029,'1497078',2252,,1007,15,,,0
2029,'1497079',1024,,1008,15,,,0
2029,'1497080',654,,1009,15,,,0
2029,'1497081',1254,,1010,15,,,0
2029,'1497082',1854,,1011,15,,,0
2029,'1497083',1624,,1012,15,,,0
2029,'1497084',1454,,1013,15,,,0
2029,'1497085',1324,,1014,15,,,0
2029,'1497086',724,,1015,15,,,0
2029,'1497087',1654,,1016,15,,,0
2029,'1497088',954,,1017,15,,,0
2029,'1497089',824,,1018,15,,,0
2029,'1497090',2054,,1019,15,,,0
2029,'1497091',1124,,1020,15,,,0
2029,'1497092',1054,,1021,15,,,0
2029,'1497093',1724,,1022,15,,,0
2029,'1497094',1654,,1023,15,,,0
2029,'1497095',1054,,1024,15,,,0
2029,'1497096',2154,,1025,15,,,0
2029,'1497097',2251,,1026,15,,,0
2029,'1497098',954,,1027,15,,,0
2029,'1497099',1954,,1028,15,,,0
2029,'1497100',854,,1029,15,,,0
2029,'1497101',1454,,1030,15,,,0
2029,'1497102',2054,,1031,15,,,0
2029,'1497103',1754,,1032,15,,,0
2029,'1497104',1154,,1033,15,,,0
2029,'1497105',1354,,1034,15,,,0
2029,'1497106',754,,1035,15,,,0
2029,'1497107',1254,,1036,15,,,0
2029,'1497108',1854,,1037,15,,,0
2029,'1497109',1554,,1038,15,,,0
2029,'1497110',654,,1039,15,,,0
2029,'1497111',1654,,1040,15,,,0
2029,'1497112',1054,,1041,15,,,0
2029,'1497113',2154,,1042,15,,,0
2029,'1497114',2251,,1043,15,,,0
2029,'1497115',954,,1044,15,,,0
2029,'1497116',1954,,1045,15,,,0
2029,'1497117',854,,1046,15,,,0
2029,'1497118',1454,,1047,15,,,0
2029,'1497119',2054,,1048,15,,,0
2029,'1497120',1754,,1049,15,,,0
2029,'1497121',1154,,1050,15,,,0
2029,'1497122',1354,,1051,15,,,0
2029,'1497123',754,,1052,15,,,0
2029,'1497124',1254,,1053,15,,,0
2029,'1497125',1854,,1054,15,,,0
2029,'1497126',1554,,1055,15,,,0
10019,'1496682',1235,5,1332,3,,,0,85,,1332,7,,,0
10019,'1496683',1535,5,1333,3,,,0,85,,1333,7,,,0
10019,'1496684',1235,5,1334,3,,,0,85,,1334,7,,,0
10019,'1496685',1535,5,1335,3,,,0,85,,1335,7,,,0
