3019,'1496126',912,,1057,84,0,5,0
3019,'1496127',1112,,1058,84,0,5,0
3019,'1496132',1142,,1063,84,0,5,0
3019,'1496135',1712,,1066,84,0,5,0
3019,'1496137',1512,,1068,84,0,5,0
3019,'1496139',1242,,1070,84,0,5,0
3019,'1496140',812,,1071,84,0,5,0
3019,'1496143',742,,1074,84,0,5,0
3019,'1496145',1812,,1076,84,0,5,0
3019,'1496147',1342,,1078,84,0,5,0
3019,'1496148',1042,,1079,84,0,5,0
3019,'1496149',1312,,1080,84,0,5,0
3019,'1496150',1412,,1081,84,0,5,0
3019,'1496152',842,,1083,84,0,5,0
3019,'1496156',1012,,1087,84,0,5,0
3019,'1496157',1642,,1088,84,0,5,0
3019,'1496158',1442,,1089,84,0,5,0
3019,'1496160',1742,,1091,84,0,5,0
3019,'1496161',1212,,1092,84,0,5,0
3019,'1496162',1542,,1093,84,0,5,0
3019,'1496163',612,,1094,6,0,5,0
3019,'1496166',1612,,1097,84,0,5,0
3019,'1496169',942,,1100,84,0,5,0
3019,'1496172',642,,1103,53,0,5,0
3019,'1496375',912,,1106,84,0,5,0
3019,'1496376',1112,,1107,84,0,5,0
3019,'1496379',2142,,1110,84,0,5,0
3019,'1496383',2242,,1114,84,0,5,0
3019,'1496384',1142,,1115,84,0,5,0
3019,'1496387',1712,,1118,84,0,5,0
3019,'1496389',2335,,1120,84,0,5,0
3019,'1496390',1512,,1121,84,0,5,0
3019,'1496391',1942,,1122,84,0,5,0
3019,'1496393',1242,,1124,84,0,5,0
3019,'1496394',812,,1125,84,0,5,0
3019,'1496397',2042,,1128,84,0,5,0
3019,'1496399',742,,1130,84,0,5,0
3019,'1496401',1812,,1132,84,0,5,0
3019,'1496403',1342,,1134,84,0,5,0
3019,'1496405',1842,,1136,84,0,5,0
3019,'1496406',1042,,1137,84,0,5,0
3019,'1496407',1312,,1138,84,0,5,0
3019,'1496408',1412,,1139,84,0,5,0
3019,'1496410',842,,1141,84,0,5,0
3019,'1496414',1012,,1145,84,0,5,0
3019,'1496415',1642,,1146,84,0,5,0
3019,'1496416',1442,,1147,84,0,5,0
3019,'1496418',1742,,1149,84,0,5,0
3019,'1496419',1212,,1150,84,0,5,0
3019,'1496420',1542,,1151,84,0,5,0
3019,'1496421',612,,1152,6,0,5,0
3019,'1496424',1612,,1155,84,0,5,0
3019,'1496428',942,,1159,84,0,5,0
3019,'1496433',642,,1164,53,0,5,0
3019,'1496454',1742,,1167,84,0,5,0
3019,'1496456',2242,,1169,84,0,5,0
3019,'1496461',1942,,1174,84,0,5,0
3019,'1496462',1442,,1175,84,0,5,0
3019,'1496464',2042,,1177,84,0,5,0
3019,'1496466',2335,,1179,84,0,5,0
3019,'1496470',1842,,1183,84,0,5,0
3019,'1496471',742,,1184,84,0,5,0
3019,'1496472',942,,1185,84,0,5,0
3019,'1496476',1042,,1189,84,0,5,0
3019,'1496477',1342,,1190,84,0,5,0
3019,'1496478',1642,,1191,84,0,5,0
3019,'1496480',1142,,1193,84,0,5,0
3019,'1496481',1542,,1194,84,0,5,0
3019,'1496482',2142,,1195,84,0,5,0
3019,'1496483',842,,1196,84,0,5,0
3019,'1496485',1242,,1198,84,0,5,0
3019,'1496489',617,,1202,6,0,5,0
3019,'1496628',1742,,1204,84,0,5,0
3019,'1496630',2242,,1206,84,0,5,0
3019,'1496634',1942,,1210,84,0,5,0
3019,'1496635',1442,,1211,84,0,5,0
3019,'1496637',2042,,1213,84,0,5,0
3019,'1496639',2335,,1215,84,0,5,0
3019,'1496643',1842,,1219,84,0,5,0
3019,'1496644',942,,1220,84,0,5,0
3019,'1496648',1042,,1224,84,0,5,0
3019,'1496649',1342,,1225,84,0,5,0
3019,'1496650',1642,,1226,84,0,5,0
3019,'1496652',1142,,1228,84,0,5,0
3019,'1496653',1542,,1229,84,0,5,0
3019,'1496654',2142,,1230,84,0,5,0
3019,'1496655',842,,1231,84,0,5,0
3019,'1496657',1242,,1233,84,0,5,0
3019,'1496660',712,,1236,6,0,5,0
