2019,'1496174',1324,,878,126,,,0
2019,'1496175',1454,,879,126,,,0
2019,'1496179',1424,,880,126,,,0
2019,'1496181',1554,,881,126,,,0
2019,'1496183',1054,,882,126,,,0
2019,'1496184',1624,,883,126,,,0
2019,'1496185',1024,,884,126,,,0
2019,'1496187',1224,,885,126,,,0
2019,'1496188',954,,886,126,,,0
2019,'1496189',924,,887,126,,,0
2019,'1496191',1124,,888,126,,,0
2019,'1496194',1654,,889,126,,,0
2019,'1496198',824,,890,126,,,0
2019,'1496200',1824,,891,126,,,0
2019,'1496204',1524,,892,126,,,0
2019,'1496206',1154,,893,126,,,0
2019,'1496208',1254,,894,126,,,0
2019,'1496209',1724,,895,126,,,0
2019,'1496210',1854,,896,126,,,0
2019,'1496211',1754,,897,126,,,0
2019,'1496215',854,,898,126,,,0
2019,'1496216',1354,,899,126,,,0
2019,'1496218',754,,900,126,,,0
2019,'1496219',624,,901,40,,,0
2019,'1496220',654,,902,94,,,0
2019,'1496223',2339,,903,126,,,0
2019,'1496224',1324,,904,126,,,0
2019,'1496225',1454,,905,126,,,0
2019,'1496227',2239,,906,126,,,0
2019,'1496228',1939,,907,126,,,0
2019,'1496232',1424,,908,126,,,0
2019,'1496234',1554,,909,126,,,0
2019,'1496236',1054,,910,126,,,0
2019,'1496237',1624,,911,126,,,0
2019,'1496238',1024,,912,126,,,0
2019,'1496240',1224,,913,126,,,0
2019,'1496242',954,,914,126,,,0
2019,'1496243',924,,915,126,,,0
2019,'1496245',1124,,916,126,,,0
2019,'1496248',1654,,917,126,,,0
2019,'1496253',2139,,918,126,,,0
2019,'1496255',824,,919,126,,,0
2019,'1496257',1824,,920,126,,,0
2019,'1496262',1524,,922,126,,,0
2019,'1496264',1154,,923,126,,,0
2019,'1496266',1254,,924,126,,,0
2019,'1496267',1724,,925,126,,,0
2019,'1496268',1854,,926,126,,,0
2019,'1496269',1754,,927,126,,,0
2019,'1496274',854,,928,126,,,0
2019,'1496275',1354,,929,126,,,0
2019,'1496277',754,,930,126,,,0
2019,'1496278',624,,931,40,,,0
2019,'1496279',654,,932,104,,,0
2019,'1496280',2039,,933,126,,,0
2019,'1496490',1839,,934,126,,,0
2019,'1496491',2239,,935,126,,,0
2019,'1496492',1439,,936,126,,,0
2019,'1496494',1239,,937,126,,,0
2019,'1496495',1539,,938,126,,,0
2019,'1496498',2139,,939,126,,,0
2019,'1496499',839,,940,126,,,0
2019,'1496505',1339,,941,126,,,0
2019,'1496507',2339,,942,126,,,0
2019,'1496510',1639,,943,126,,,0
2019,'1496511',1939,,944,126,,,0
2019,'1496512',1139,,945,126,,,0
2019,'1496516',1039,,946,126,,,0
2019,'1496518',939,,947,126,,,0
2019,'1496520',1739,,948,126,,,0
2019,'1496521',2039,,949,126,,,0
2019,'1496523',739,,950,126,,,0
2019,'1496524',709,,951,94,,,0
2019,'1496594',1839,,953,126,,,0
2019,'1496595',2239,,954,126,,,0
2019,'1496596',1439,,955,126,,,0
2019,'1496598',1239,,956,126,,,0
2019,'1496599',1539,,957,126,,,0
2019,'1496602',2139,,958,126,,,0
2019,'1496603',839,,959,126,,,0
2019,'1496609',1339,,960,126,,,0
2019,'1496613',1639,,961,126,,,0
2019,'1496614',1939,,962,126,,,0
2019,'1496615',1139,,963,126,,,0
2019,'1496619',1039,,964,126,,,0
2019,'1496621',939,,965,126,,,0
2019,'1496623',1739,,966,126,,,0
2019,'1496624',2039,,967,126,,,0
2019,'1496625',809,,968,94,,,0
3019,'1496125',1654,,1056,128,,,0
3019,'1496128',1824,,1059,128,,,0
3019,'1496129',954,,1060,128,,,0
3019,'1496130',824,,1061,128,,,0
3019,'1496131',1724,,1062,128,,,0
3019,'1496133',1254,,1064,128,,,0
3019,'1496134',1224,,1065,128,,,0
3019,'1496136',854,,1067,128,,,0
3019,'1496138',1024,,1069,128,,,0
3019,'1496141',1454,,1072,128,,,0
3019,'1496142',1424,,1073,128,,,0
3019,'1496144',1554,,1075,128,,,0
3019,'1496146',1354,,1077,128,,,0
3019,'1496151',924,,1082,128,,,0
3019,'1496153',1854,,1084,128,,,0
3019,'1496154',1524,,1085,128,,,0
3019,'1496155',1124,,1086,128,,,0
3019,'1496159',1154,,1090,128,,,0
3019,'1496164',1324,,1095,128,,,0
3019,'1496165',1754,,1096,128,,,0
3019,'1496167',1054,,1098,128,,,0
3019,'1496168',1624,,1099,128,,,0
3019,'1496170',624,,1101,38,,,0
3019,'1496171',654,,1102,72,,,0
3019,'1496173',754,,1104,128,,,0
3019,'1496374',1654,,1105,128,,,0
3019,'1496377',1824,,1108,128,,,0
3019,'1496378',2139,,1109,128,,,0
3019,'1496380',954,,1111,128,,,0
3019,'1496381',824,,1112,128,,,0
3019,'1496382',1724,,1113,128,,,0
3019,'1496385',1254,,1116,128,,,0
3019,'1496386',1224,,1117,128,,,0
3019,'1496388',854,,1119,128,,,0
3019,'1496392',1024,,1123,128,,,0
3019,'1496395',2339,,1126,128,,,0
3019,'1496396',1454,,1127,128,,,0
3019,'1496398',1424,,1129,128,,,0
3019,'1496400',1554,,1131,128,,,0
3019,'1496402',1354,,1133,128,,,0
3019,'1496404',2239,,1135,128,,,0
3019,'1496409',924,,1140,128,,,0
3019,'1496411',1854,,1142,128,,,0
3019,'1496412',1524,,1143,128,,,0
3019,'1496413',1124,,1144,128,,,0
3019,'1496417',1154,,1148,128,,,0
3019,'1496422',1324,,1153,128,,,0
3019,'1496423',1754,,1154,128,,,0
3019,'1496425',1054,,1156,128,,,0
3019,'1496426',1624,,1157,128,,,0
3019,'1496427',1939,,1158,128,,,0
3019,'1496430',624,,1161,38,,,0
3019,'1496431',654,,1162,72,,,0
3019,'1496432',2039,,1163,128,,,0
3019,'1496434',754,,1165,128,,,0
3019,'1496453',839,,1166,128,,,0
3019,'1496455',1539,,1168,128,,,0
3019,'1496457',939,,1170,128,,,0
3019,'1496458',1239,,1171,128,,,0
3019,'1496459',2339,,1172,128,,,0
3019,'1496460',1939,,1173,128,,,0
3019,'1496463',1439,,1176,128,,,0
3019,'1496465',2039,,1178,128,,,0
3019,'1496467',1739,,1180,128,,,0
3019,'1496468',1039,,1181,128,,,0
3019,'1496469',1339,,1182,128,,,0
3019,'1496473',2239,,1186,128,,,0
3019,'1496474',1839,,1187,128,,,0
3019,'1496475',1139,,1188,128,,,0
3019,'1496479',1639,,1192,128,,,0
3019,'1496484',2139,,1197,128,,,0
3019,'1496486',709,,1199,72,,,0
3019,'1496488',739,,1201,128,,,0
3019,'1496627',839,,1203,128,,,0
3019,'1496629',1539,,1205,128,,,0
3019,'1496631',939,,1207,128,,,0
3019,'1496632',1239,,1208,128,,,0
3019,'1496633',1939,,1209,128,,,0
3019,'1496636',1439,,1212,128,,,0
3019,'1496638',2039,,1214,128,,,0
3019,'1496640',1739,,1216,128,,,0
3019,'1496641',1039,,1217,128,,,0
3019,'1496642',1339,,1218,128,,,0
3019,'1496645',2239,,1221,128,,,0
3019,'1496646',1839,,1222,128,,,0
3019,'1496647',1139,,1223,128,,,0
3019,'1496651',1639,,1227,128,,,0
3019,'1496656',2139,,1232,128,,,0
3019,'1496658',809,,1234,72,,,0
