3019,'1496125',1609,,1056,69,,,0
3019,'1496128',1739,,1059,69,,,0
3019,'1496129',909,,1060,69,,,0
3019,'1496130',739,,1061,69,,,0
3019,'1496131',1639,,1062,69,,,0
3019,'1496133',1209,,1064,69,,,0
3019,'1496134',1139,,1065,69,,,0
3019,'1496136',809,,1067,69,,,0
3019,'1496138',939,,1069,69,,,0
3019,'1496141',1409,,1072,69,,,0
3019,'1496142',1339,,1073,69,,,0
3019,'1496144',1509,,1075,69,,,0
3019,'1496146',1309,,1077,69,,,0
3019,'1496151',839,,1082,69,,,0
3019,'1496153',1809,,1084,69,,,0
3019,'1496154',1439,,1085,69,,,0
3019,'1496155',1039,,1086,69,,,0
3019,'1496159',1109,,1090,69,,,0
3019,'1496164',1239,,1095,69,,,0
3019,'1496165',1709,,1096,69,,,0
3019,'1496167',1009,,1098,69,,,0
3019,'1496168',1539,,1099,69,,,0
3019,'1496171',609,,1102,13,,,0
3019,'1496173',709,,1104,69,,,0
3019,'1496374',1609,,1105,69,,,0
3019,'1496377',1739,,1108,69,,,0
3019,'1496378',2054,,1109,69,,,0
3019,'1496380',909,,1111,69,,,0
3019,'1496381',739,,1112,69,,,0
3019,'1496382',1639,,1113,69,,,0
3019,'1496385',1209,,1116,69,,,0
3019,'1496386',1139,,1117,69,,,0
3019,'1496388',809,,1119,69,,,0
3019,'1496392',939,,1123,69,,,0
3019,'1496395',2254,,1126,69,,,0
3019,'1496396',1409,,1127,69,,,0
3019,'1496398',1339,,1129,69,,,0
3019,'1496400',1509,,1131,69,,,0
3019,'1496402',1309,,1133,69,,,0
3019,'1496404',2154,,1135,69,,,0
3019,'1496409',839,,1140,69,,,0
3019,'1496411',1809,,1142,69,,,0
3019,'1496412',1439,,1143,69,,,0
3019,'1496413',1039,,1144,69,,,0
3019,'1496417',1109,,1148,69,,,0
3019,'1496422',1239,,1153,69,,,0
3019,'1496423',1709,,1154,69,,,0
3019,'1496425',1009,,1156,69,,,0
3019,'1496426',1539,,1157,69,,,0
3019,'1496427',1854,,1158,69,,,0
3019,'1496429',2348,,1160,69,,,0
3019,'1496431',609,,1162,13,,,0
3019,'1496432',1954,,1163,69,,,0
3019,'1496434',709,,1165,69,,,0
3019,'1496453',754,,1166,69,,,0
3019,'1496455',1454,,1168,69,,,0
3019,'1496457',854,,1170,69,,,0
3019,'1496458',1154,,1171,69,,,0
3019,'1496459',2254,,1172,69,,,0
3019,'1496460',1854,,1173,69,,,0
3019,'1496463',1354,,1176,69,,,0
3019,'1496465',1954,,1178,69,,,0
3019,'1496467',1654,,1180,69,,,0
3019,'1496468',954,,1181,69,,,0
3019,'1496469',1254,,1182,69,,,0
3019,'1496473',2154,,1186,69,,,0
3019,'1496474',1754,,1187,69,,,0
3019,'1496475',1054,,1188,69,,,0
3019,'1496479',1554,,1192,69,,,0
3019,'1496484',2054,,1197,69,,,0
3019,'1496486',624,,1199,13,,,0
3019,'1496487',2348,,1200,69,,,0
3019,'1496488',654,,1201,69,,,0
3019,'1496627',754,,1203,69,,,0
3019,'1496629',1454,,1205,69,,,0
3019,'1496631',854,,1207,69,,,0
3019,'1496632',1154,,1208,69,,,0
3019,'1496633',1854,,1209,69,,,0
3019,'1496636',1354,,1212,69,,,0
3019,'1496638',1954,,1214,69,,,0
3019,'1496640',1654,,1216,69,,,0
3019,'1496641',954,,1217,69,,,0
3019,'1496642',1254,,1218,69,,,0
3019,'1496645',2154,,1221,69,,,0
3019,'1496646',1754,,1222,69,,,0
3019,'1496647',1054,,1223,69,,,0
3019,'1496651',1554,,1227,69,,,0
3019,'1496656',2054,,1232,69,,,0
3019,'1496658',724,,1234,13,,,0
3019,'1496659',2348,,1235,69,,,0
