3019,'1496125',1635,,1056,100,,,0
3019,'1496128',1805,,1059,100,,,0
3019,'1496129',935,,1060,100,,,0
3019,'1496130',805,,1061,100,,,0
3019,'1496131',1705,,1062,100,,,0
3019,'1496133',1235,,1064,100,,,0
3019,'1496134',1205,,1065,100,,,0
3019,'1496136',835,,1067,100,,,0
3019,'1496138',1005,,1069,100,,,0
3019,'1496141',1435,,1072,100,,,0
3019,'1496142',1405,,1073,100,,,0
3019,'1496144',1535,,1075,100,,,0
3019,'1496146',1335,,1077,100,,,0
3019,'1496151',905,,1082,100,,,0
3019,'1496153',1835,,1084,100,,,0
3019,'1496154',1505,,1085,100,,,0
3019,'1496155',1105,,1086,100,,,0
3019,'1496159',1135,,1090,100,,,0
3019,'1496164',1305,,1095,100,,,0
3019,'1496165',1735,,1096,100,,,0
3019,'1496167',1035,,1098,100,,,0
3019,'1496168',1605,,1099,100,,,0
3019,'1496170',605,,1101,10,,,0
3019,'1496171',635,,1102,44,,,0
3019,'1496173',735,,1104,100,,,0
3019,'1496374',1635,,1105,100,,,0
3019,'1496377',1805,,1108,100,,,0
3019,'1496378',2120,,1109,100,,,0
3019,'1496380',935,,1111,100,,,0
3019,'1496381',805,,1112,100,,,0
3019,'1496382',1705,,1113,100,,,0
3019,'1496385',1235,,1116,100,,,0
3019,'1496386',1205,,1117,100,,,0
3019,'1496388',835,,1119,100,,,0
3019,'1496392',1005,,1123,100,,,0
3019,'1496395',2320,,1126,100,,,0
3019,'1496396',1435,,1127,100,,,0
3019,'1496398',1405,,1129,100,,,0
3019,'1496400',1535,,1131,100,,,0
3019,'1496402',1335,,1133,100,,,0
3019,'1496404',2220,,1135,100,,,0
3019,'1496409',905,,1140,100,,,0
3019,'1496411',1835,,1142,100,,,0
3019,'1496412',1505,,1143,100,,,0
3019,'1496413',1105,,1144,100,,,0
3019,'1496417',1135,,1148,100,,,0
3019,'1496422',1305,,1153,100,,,0
3019,'1496423',1735,,1154,100,,,0
3019,'1496425',1035,,1156,100,,,0
3019,'1496426',1605,,1157,100,,,0
3019,'1496427',1920,,1158,100,,,0
3019,'1496430',605,,1161,10,,,0
3019,'1496431',635,,1162,44,,,0
3019,'1496432',2020,,1163,100,,,0
3019,'1496434',735,,1165,100,,,0
3019,'1496453',820,,1166,100,,,0
3019,'1496455',1520,,1168,100,,,0
3019,'1496457',920,,1170,100,,,0
3019,'1496458',1220,,1171,100,,,0
3019,'1496459',2320,,1172,100,,,0
3019,'1496460',1920,,1173,100,,,0
3019,'1496463',1420,,1176,100,,,0
3019,'1496465',2020,,1178,100,,,0
3019,'1496467',1720,,1180,100,,,0
3019,'1496468',1020,,1181,100,,,0
3019,'1496469',1320,,1182,100,,,0
3019,'1496473',2220,,1186,100,,,0
3019,'1496474',1820,,1187,100,,,0
3019,'1496475',1120,,1188,100,,,0
3019,'1496479',1620,,1192,100,,,0
3019,'1496484',2120,,1197,100,,,0
3019,'1496486',650,,1199,44,,,0
3019,'1496488',720,,1201,100,,,0
3019,'1496627',820,,1203,100,,,0
3019,'1496629',1520,,1205,100,,,0
3019,'1496631',920,,1207,100,,,0
3019,'1496632',1220,,1208,100,,,0
3019,'1496633',1920,,1209,100,,,0
3019,'1496636',1420,,1212,100,,,0
3019,'1496638',2020,,1214,100,,,0
3019,'1496640',1720,,1216,100,,,0
3019,'1496641',1020,,1217,100,,,0
3019,'1496642',1320,,1218,100,,,0
3019,'1496645',2220,,1221,100,,,0
3019,'1496646',1820,,1222,100,,,0
3019,'1496647',1120,,1223,100,,,0
3019,'1496651',1620,,1227,100,,,0
3019,'1496656',2120,,1232,100,,,0
3019,'1496658',750,,1234,44,,,0
