2029,'1496221',638,,971,52,,,0
2029,'1496281',638,,972,52,,,0
2029,'1497044',939,,973,89,,,0
2029,'1497045',1439,,974,89,,,0
2029,'1497046',1239,,975,89,,,0
2029,'1497047',1309,,976,89,,,0
2029,'1497048',1609,,977,89,,,0
2029,'1497049',1009,,978,89,,,0
2029,'1497050',839,,979,89,,,0
2029,'1497051',1639,,980,89,,,0
2029,'1497052',1509,,981,89,,,0
2029,'1497053',1109,,982,89,,,0
2029,'1497054',739,,983,89,,,0
2029,'1497055',1339,,984,89,,,0
2029,'1497056',1709,,985,89,,,0
2029,'1497057',1539,,986,89,,,0
2029,'1497058',1409,,987,89,,,0
2029,'1497059',809,,988,89,,,0
2029,'1497060',1739,,989,89,,,0
2029,'1497061',1039,,990,89,,,0
2029,'1497062',909,,991,89,,,0
2029,'1497063',1209,,992,89,,,0
2029,'1497064',1139,,993,89,,,0
2029,'1497065',1809,,994,89,,,0
2029,'1497066',2039,,995,89,,,0
2029,'1497067',939,,996,89,,,0
2029,'1497068',1439,,997,89,,,0
2029,'1497069',1239,,998,89,,,0
2029,'1497070',1839,,999,89,,,0
2029,'1497071',1309,,1000,89,,,0
2029,'1497072',1609,,1001,89,,,0
2029,'1497073',1009,,1002,89,,,0
2029,'1497074',2239,,1003,89,,,0
2029,'1497075',839,,1004,89,,,0
2029,'1497076',1639,,1005,89,,,0
2029,'1497077',1509,,1006,89,,,0
2029,'1497078',2335,,1007,89,,,0
2029,'1497079',1109,,1008,89,,,0
2029,'1497080',739,,1009,89,,,0
2029,'1497081',1339,,1010,89,,,0
2029,'1497082',1939,,1011,89,,,0
2029,'1497083',1709,,1012,89,,,0
2029,'1497084',1539,,1013,89,,,0
2029,'1497085',1409,,1014,89,,,0
2029,'1497086',809,,1015,89,,,0
2029,'1497087',1739,,1016,89,,,0
2029,'1497088',1039,,1017,89,,,0
2029,'1497089',909,,1018,89,,,0
2029,'1497090',2139,,1019,89,,,0
2029,'1497091',1209,,1020,89,,,0
2029,'1497092',1139,,1021,89,,,0
2029,'1497093',1809,,1022,89,,,0
2029,'1497094',1739,,1023,89,,,0
2029,'1497095',1139,,1024,89,,,0
2029,'1497096',2239,,1025,89,,,0
2029,'1497097',2335,,1026,89,,,0
2029,'1497098',1039,,1027,89,,,0
2029,'1497099',2039,,1028,89,,,0
2029,'1497100',939,,1029,89,,,0
2029,'1497101',1539,,1030,89,,,0
2029,'1497102',2139,,1031,89,,,0
2029,'1497103',1839,,1032,89,,,0
2029,'1497104',1239,,1033,89,,,0
2029,'1497105',1439,,1034,89,,,0
2029,'1497106',839,,1035,89,,,0
2029,'1497107',1339,,1036,89,,,0
2029,'1497108',1939,,1037,89,,,0
2029,'1497109',1639,,1038,89,,,0
2029,'1497110',739,,1039,89,,,0
2029,'1497111',1739,,1040,89,,,0
2029,'1497112',1139,,1041,89,,,0
2029,'1497113',2239,,1042,89,,,0
2029,'1497114',2335,,1043,89,,,0
2029,'1497115',1039,,1044,89,,,0
2029,'1497116',2039,,1045,89,,,0
2029,'1497117',939,,1046,89,,,0
2029,'1497118',1539,,1047,89,,,0
2029,'1497119',2139,,1048,89,,,0
2029,'1497120',1839,,1049,89,,,0
2029,'1497121',1239,,1050,89,,,0
2029,'1497122',1439,,1051,89,,,0
2029,'1497123',839,,1052,89,,,0
2029,'1497124',1339,,1053,89,,,0
2029,'1497125',1939,,1054,89,,,0
2029,'1497126',1639,,1055,89,,,0
