1029,'1496065',1421,,792,9,,,0
1029,'1496066',1521,,793,9,,,0
1029,'1496068',1621,,794,9,,,0
1029,'1496070',721,,795,9,,,0
1029,'1496073',1021,,796,9,,,0
1029,'1496077',851,,797,9,,,0
1029,'1496078',1651,,798,9,,,0
1029,'1496079',1551,,799,9,,,0
1029,'1496081',1151,,800,9,,,0
1029,'1496082',1221,,801,9,,,0
1029,'1496083',1351,,802,9,,,0
1029,'1496084',951,,803,9,,,0
1029,'1496086',651,,804,9,,,0
1029,'1496088',1721,,805,9,,,0
1029,'1496092',1321,,806,9,,,0
1029,'1496094',921,,807,9,,,0
1029,'1496096',1121,,808,9,,,0
1029,'1496098',821,,809,9,,,0
1029,'1496101',751,,810,9,,,0
1029,'1496105',1451,,811,9,,,0
1029,'1496106',1251,,812,9,,,0
1029,'1496108',1051,,813,9,,,0
1029,'1496294',1421,,815,9,,,0
1029,'1496295',1521,,816,9,,,0
1029,'1496297',1621,,817,9,,,0
1029,'1496299',721,,818,9,,,0
1029,'1496300',2051,,819,9,,,0
1029,'1496304',1021,,820,9,,,0
1029,'1496309',1951,,821,9,,,0
1029,'1496310',851,,822,9,,,0
1029,'1496311',1651,,823,9,,,0
1029,'1496312',1551,,824,9,,,0
1029,'1496316',1751,,825,9,,,0
1029,'1496317',1151,,826,9,,,0
1029,'1496318',1221,,827,9,,,0
1029,'1496319',1351,,828,9,,,0
1029,'1496320',951,,829,9,,,0
1029,'1496322',651,,830,9,,,0
1029,'1496324',1821,,831,9,,,0
1029,'1496325',1721,,832,9,,,0
1029,'1496329',1321,,833,9,,,0
1029,'1496332',921,,834,9,,,0
1029,'1496333',2151,,835,9,,,0
1029,'1496335',1121,,836,9,,,0
1029,'1496337',2251,,837,9,,,0
1029,'1496339',821,,838,9,,,0
1029,'1496342',751,,839,9,,,0
1029,'1496346',1451,,840,9,,,0
1029,'1496347',1251,,841,9,,,0
1029,'1496349',1051,,842,9,,,0
1029,'1496354',1851,,844,9,,,0
1029,'1496527',1851,,845,9,,,0
1029,'1496528',2051,,846,9,,,0
1029,'1496533',1751,,847,9,,,0
1029,'1496534',2151,,848,9,,,0
1029,'1496535',1251,,849,9,,,0
1029,'1496537',1051,,850,9,,,0
1029,'1496539',951,,851,9,,,0
1029,'1496540',1951,,852,9,,,0
1029,'1496542',651,,853,9,,,0
1029,'1496544',2251,,854,9,,,0
1029,'1496545',1451,,855,9,,,0
1029,'1496547',1551,,856,9,,,0
1029,'1496550',751,,857,9,,,0
1029,'1496551',1151,,858,9,,,0
1029,'1496552',851,,859,9,,,0
1029,'1496555',1651,,860,9,,,0
1029,'1496556',1351,,861,9,,,0
1029,'1496562',1851,,862,9,,,0
1029,'1496563',2051,,863,9,,,0
1029,'1496567',1751,,864,9,,,0
1029,'1496568',2151,,865,9,,,0
1029,'1496569',1251,,866,9,,,0
1029,'1496571',1051,,867,9,,,0
1029,'1496573',951,,868,9,,,0
1029,'1496574',1951,,869,9,,,0
1029,'1496577',2251,,870,9,,,0
1029,'1496578',1451,,871,9,,,0
1029,'1496580',1551,,872,9,,,0
1029,'1496583',751,,873,9,,,0
1029,'1496584',1151,,874,9,,,0
1029,'1496585',851,,875,9,,,0
1029,'1496588',1651,,876,9,,,0
1029,'1496589',1351,,877,9,,,0
