2019,'1496174',1301,,878,90,,,0
2019,'1496175',1431,,879,90,,,0
2019,'1496179',1401,,880,90,,,0
2019,'1496181',1531,,881,90,,,0
2019,'1496183',1031,,882,90,,,0
2019,'1496184',1601,,883,90,,,0
2019,'1496185',1001,,884,90,,,0
2019,'1496187',1201,,885,90,,,0
2019,'1496188',931,,886,90,,,0
2019,'1496189',901,,887,90,,,0
2019,'1496191',1101,,888,90,,,0
2019,'1496194',1631,,889,90,,,0
2019,'1496198',801,,890,90,,,0
2019,'1496200',1801,,891,90,,,0
2019,'1496204',1501,,892,90,,,0
2019,'1496206',1131,,893,90,,,0
2019,'1496208',1231,,894,90,,,0
2019,'1496209',1701,,895,90,,,0
2019,'1496210',1831,,896,90,,,0
2019,'1496211',1731,,897,90,,,0
2019,'1496215',831,,898,90,,,0
2019,'1496216',1331,,899,90,,,0
2019,'1496218',731,,900,90,,,0
2019,'1496219',601,,901,4,,,0
2019,'1496220',631,,902,58,,,0
2019,'1496223',2316,,903,90,,,0
2019,'1496224',1301,,904,90,,,0
2019,'1496225',1431,,905,90,,,0
2019,'1496227',2216,,906,90,,,0
2019,'1496228',1916,,907,90,,,0
2019,'1496232',1401,,908,90,,,0
2019,'1496234',1531,,909,90,,,0
2019,'1496236',1031,,910,90,,,0
2019,'1496237',1601,,911,90,,,0
2019,'1496238',1001,,912,90,,,0
2019,'1496240',1201,,913,90,,,0
2019,'1496242',931,,914,90,,,0
2019,'1496243',901,,915,90,,,0
2019,'1496245',1101,,916,90,,,0
2019,'1496248',1631,,917,90,,,0
2019,'1496253',2116,,918,90,,,0
2019,'1496255',801,,919,90,,,0
2019,'1496257',1801,,920,90,,,0
2019,'1496262',1501,,922,90,,,0
2019,'1496264',1131,,923,90,,,0
2019,'1496266',1231,,924,90,,,0
2019,'1496267',1701,,925,90,,,0
2019,'1496268',1831,,926,90,,,0
2019,'1496269',1731,,927,90,,,0
2019,'1496274',831,,928,90,,,0
2019,'1496275',1331,,929,90,,,0
2019,'1496277',731,,930,90,,,0
2019,'1496278',601,,931,4,,,0
2019,'1496279',631,,932,68,,,0
2019,'1496280',2016,,933,90,,,0
2019,'1496490',1816,,934,90,,,0
2019,'1496491',2216,,935,90,,,0
2019,'1496492',1416,,936,90,,,0
2019,'1496494',1216,,937,90,,,0
2019,'1496495',1516,,938,90,,,0
2019,'1496498',2116,,939,90,,,0
2019,'1496499',816,,940,90,,,0
2019,'1496505',1316,,941,90,,,0
2019,'1496507',2316,,942,90,,,0
2019,'1496510',1616,,943,90,,,0
2019,'1496511',1916,,944,90,,,0
2019,'1496512',1116,,945,90,,,0
2019,'1496516',1016,,946,90,,,0
2019,'1496518',916,,947,90,,,0
2019,'1496520',1716,,948,90,,,0
2019,'1496521',2016,,949,90,,,0
2019,'1496523',716,,950,90,,,0
2019,'1496524',646,,951,58,,,0
2019,'1496594',1816,,953,90,,,0
2019,'1496595',2216,,954,90,,,0
2019,'1496596',1416,,955,90,,,0
2019,'1496598',1216,,956,90,,,0
2019,'1496599',1516,,957,90,,,0
2019,'1496602',2116,,958,90,,,0
2019,'1496603',816,,959,90,,,0
2019,'1496609',1316,,960,90,,,0
2019,'1496613',1616,,961,90,,,0
2019,'1496614',1916,,962,90,,,0
2019,'1496615',1116,,963,90,,,0
2019,'1496619',1016,,964,90,,,0
2019,'1496621',916,,965,90,,,0
2019,'1496623',1716,,966,90,,,0
2019,'1496624',2016,,967,90,,,0
2019,'1496625',746,,968,58,,,0
