3019,'1496126',902,,1057,66,0,5,0
3019,'1496127',1102,,1058,66,0,5,0
3019,'1496132',1132,,1063,66,0,5,0
3019,'1496135',1702,,1066,66,0,5,0
3019,'1496137',1502,,1068,66,0,5,0
3019,'1496139',1232,,1070,66,0,5,0
3019,'1496140',802,,1071,66,0,5,0
3019,'1496143',732,,1074,66,0,5,0
3019,'1496145',1802,,1076,66,0,5,0
3019,'1496147',1332,,1078,66,0,5,0
3019,'1496148',1032,,1079,66,0,5,0
3019,'1496149',1302,,1080,66,0,5,0
3019,'1496150',1402,,1081,66,0,5,0
3019,'1496152',832,,1083,66,0,5,0
3019,'1496156',1002,,1087,66,0,5,0
3019,'1496157',1632,,1088,66,0,5,0
3019,'1496158',1432,,1089,66,0,5,0
3019,'1496160',1732,,1091,66,0,5,0
3019,'1496161',1202,,1092,66,0,5,0
3019,'1496162',1532,,1093,66,0,5,0
3019,'1496166',1602,,1097,66,0,5,0
3019,'1496169',932,,1100,66,0,5,0
3019,'1496172',632,,1103,35,0,5,0
3019,'1496375',902,,1106,66,0,5,0
3019,'1496376',1102,,1107,66,0,5,0
3019,'1496379',2132,,1110,66,0,5,0
3019,'1496383',2232,,1114,66,0,5,0
3019,'1496384',1132,,1115,66,0,5,0
3019,'1496387',1702,,1118,66,0,5,0
3019,'1496389',2325,,1120,66,0,5,0
3019,'1496390',1502,,1121,66,0,5,0
3019,'1496391',1932,,1122,66,0,5,0
3019,'1496393',1232,,1124,66,0,5,0
3019,'1496394',802,,1125,66,0,5,0
3019,'1496397',2032,,1128,66,0,5,0
3019,'1496399',732,,1130,66,0,5,0
3019,'1496401',1802,,1132,66,0,5,0
3019,'1496403',1332,,1134,66,0,5,0
3019,'1496405',1832,,1136,66,0,5,0
3019,'1496406',1032,,1137,66,0,5,0
3019,'1496407',1302,,1138,66,0,5,0
3019,'1496408',1402,,1139,66,0,5,0
3019,'1496410',832,,1141,66,0,5,0
3019,'1496414',1002,,1145,66,0,5,0
3019,'1496415',1632,,1146,66,0,5,0
3019,'1496416',1432,,1147,66,0,5,0
3019,'1496418',1732,,1149,66,0,5,0
3019,'1496419',1202,,1150,66,0,5,0
3019,'1496420',1532,,1151,66,0,5,0
3019,'1496424',1602,,1155,66,0,5,0
3019,'1496428',932,,1159,66,0,5,0
3019,'1496433',632,,1164,35,0,5,0
3019,'1496454',1732,,1167,66,0,5,0
3019,'1496456',2232,,1169,66,0,5,0
3019,'1496461',1932,,1174,66,0,5,0
3019,'1496462',1432,,1175,66,0,5,0
3019,'1496464',2032,,1177,66,0,5,0
3019,'1496466',2326,,1179,66,0,5,0
3019,'1496470',1832,,1183,66,0,5,0
3019,'1496471',732,,1184,66,0,5,0
3019,'1496472',932,,1185,66,0,5,0
3019,'1496476',1032,,1189,66,0,5,0
3019,'1496477',1332,,1190,66,0,5,0
3019,'1496478',1632,,1191,66,0,5,0
3019,'1496480',1132,,1193,66,0,5,0
3019,'1496481',1532,,1194,66,0,5,0
3019,'1496482',2132,,1195,66,0,5,0
3019,'1496483',832,,1196,66,0,5,0
3019,'1496485',1232,,1198,66,0,5,0
3019,'1496628',1732,,1204,66,0,5,0
3019,'1496630',2232,,1206,66,0,5,0
3019,'1496634',1932,,1210,66,0,5,0
3019,'1496635',1432,,1211,66,0,5,0
3019,'1496637',2032,,1213,66,0,5,0
3019,'1496639',2326,,1215,66,0,5,0
3019,'1496643',1832,,1219,66,0,5,0
3019,'1496644',932,,1220,66,0,5,0
3019,'1496648',1032,,1224,66,0,5,0
3019,'1496649',1332,,1225,66,0,5,0
3019,'1496650',1632,,1226,66,0,5,0
3019,'1496652',1132,,1228,66,0,5,0
3019,'1496653',1532,,1229,66,0,5,0
3019,'1496654',2132,,1230,66,0,5,0
3019,'1496655',832,,1231,66,0,5,0
3019,'1496657',1232,,1233,66,0,5,0
