4019,'1496112',649,,1237,30,,,0
4019,'1496113',1049,,1238,30,,,0
4019,'1496114',849,,1239,30,,,0
4019,'1496115',1649,,1240,30,,,0
4019,'1496116',949,,1241,30,,,0
4019,'1496117',1149,,1242,30,,,0
4019,'1496118',749,,1243,30,,,0
4019,'1496119',1549,,1244,30,,,0
4019,'1496120',1749,,1245,30,,,0
4019,'1496121',1349,,1246,30,,,0
4019,'1496122',1449,,1247,30,,,0
4019,'1496123',1249,,1248,30,,,0
4019,'1496355',649,,1250,30,,,0
4019,'1496356',2331,,1251,30,,,0
4019,'1496357',1049,,1252,30,,,0
4019,'1496358',849,,1253,30,,,0
4019,'1496359',2034,,1254,30,,,0
4019,'1496360',1649,,1255,30,,,0
4019,'1496361',1849,,1256,30,,,0
4019,'1496362',2134,,1257,30,,,0
4019,'1496363',949,,1258,30,,,0
4019,'1496364',1149,,1259,30,,,0
4019,'1496365',1934,,1260,30,,,0
4019,'1496366',749,,1261,30,,,0
4019,'1496367',1549,,1262,30,,,0
4019,'1496368',1749,,1263,30,,,0
4019,'1496369',1349,,1264,30,,,0
4019,'1496370',1449,,1265,30,,,0
4019,'1496371',2234,,1266,30,,,0
4019,'1496372',1249,,1267,30,,,0
4019,'1496435',834,,1269,30,,,0
4019,'1496436',734,,1270,30,,,0
4019,'1496437',1634,,1271,30,,,0
4019,'1496438',2234,,1272,30,,,0
4019,'1496439',1734,,1273,30,,,0
4019,'1496440',1434,,1274,30,,,0
4019,'1496441',2134,,1275,30,,,0
4019,'1496442',1034,,1276,30,,,0
4019,'1496443',1934,,1277,30,,,0
4019,'1496444',1534,,1278,30,,,0
4019,'1496445',934,,1279,30,,,0
4019,'1496446',1834,,1280,30,,,0
4019,'1496447',1334,,1281,30,,,0
4019,'1496448',634,,1282,30,,,0
4019,'1496449',2034,,1283,30,,,0
4019,'1496450',1134,,1284,30,,,0
4019,'1496451',1234,,1285,30,,,0
4019,'1496452',2331,,1286,30,,,0
4019,'1496661',834,,1287,30,,,0
4019,'1496662',734,,1288,30,,,0
4019,'1496663',1634,,1289,30,,,0
4019,'1496664',2234,,1290,30,,,0
4019,'1496665',1734,,1291,30,,,0
4019,'1496666',1434,,1292,30,,,0
4019,'1496667',2134,,1293,30,,,0
4019,'1496668',1034,,1294,30,,,0
4019,'1496669',1934,,1295,30,,,0
4019,'1496670',1534,,1296,30,,,0
4019,'1496671',934,,1297,30,,,0
4019,'1496672',1834,,1298,30,,,0
4019,'1496673',1334,,1299,30,,,0
4019,'1496674',2034,,1300,30,,,0
4019,'1496675',1134,,1301,30,,,0
4019,'1496676',1234,,1302,30,,,0
4019,'1496677',2331,,1303,30,,,0
