3019,'1496125',1549,,1056,37,,,0
3019,'1496128',1719,,1059,37,,,0
3019,'1496129',849,,1060,37,,,0
3019,'1496130',719,,1061,37,,,0
3019,'1496131',1619,,1062,37,,,0
3019,'1496133',1149,,1064,37,,,0
3019,'1496134',1119,,1065,37,,,0
3019,'1496136',749,,1067,37,,,0
3019,'1496138',919,,1069,37,,,0
3019,'1496141',1349,,1072,37,,,0
3019,'1496142',1319,,1073,37,,,0
3019,'1496144',1449,,1075,37,,,0
3019,'1496146',1249,,1077,37,,,0
3019,'1496151',819,,1082,37,,,0
3019,'1496153',1749,,1084,37,,,0
3019,'1496154',1419,,1085,37,,,0
3019,'1496155',1019,,1086,37,,,0
3019,'1496159',1049,,1090,37,,,0
3019,'1496164',1219,,1095,37,,,0
3019,'1496165',1649,,1096,37,,,0
3019,'1496167',949,,1098,37,,,0
3019,'1496168',1519,,1099,37,,,0
3019,'1496173',649,,1104,37,,,0
3019,'1496374',1549,,1105,37,,,0
3019,'1496377',1719,,1108,37,,,0
3019,'1496378',2034,,1109,37,,,0
3019,'1496380',849,,1111,37,,,0
3019,'1496381',719,,1112,37,,,0
3019,'1496382',1619,,1113,37,,,0
3019,'1496385',1149,,1116,37,,,0
3019,'1496386',1119,,1117,37,,,0
3019,'1496388',749,,1119,37,,,0
3019,'1496392',919,,1123,37,,,0
3019,'1496395',2234,,1126,37,,,0
3019,'1496396',1349,,1127,37,,,0
3019,'1496398',1319,,1129,37,,,0
3019,'1496400',1449,,1131,37,,,0
3019,'1496402',1249,,1133,37,,,0
3019,'1496404',2134,,1135,37,,,0
3019,'1496409',819,,1140,37,,,0
3019,'1496411',1749,,1142,37,,,0
3019,'1496412',1419,,1143,37,,,0
3019,'1496413',1019,,1144,37,,,0
3019,'1496417',1049,,1148,37,,,0
3019,'1496422',1219,,1153,37,,,0
3019,'1496423',1649,,1154,37,,,0
3019,'1496425',949,,1156,37,,,0
3019,'1496426',1519,,1157,37,,,0
3019,'1496427',1834,,1158,37,,,0
3019,'1496429',2332,,1160,37,,,0
3019,'1496432',1934,,1163,37,,,0
3019,'1496434',649,,1165,37,,,0
3019,'1496453',734,,1166,37,,,0
3019,'1496455',1434,,1168,37,,,0
3019,'1496457',834,,1170,37,,,0
3019,'1496458',1134,,1171,37,,,0
3019,'1496459',2234,,1172,37,,,0
3019,'1496460',1834,,1173,37,,,0
3019,'1496463',1334,,1176,37,,,0
3019,'1496465',1934,,1178,37,,,0
3019,'1496467',1634,,1180,37,,,0
3019,'1496468',934,,1181,37,,,0
3019,'1496469',1234,,1182,37,,,0
3019,'1496473',2134,,1186,37,,,0
3019,'1496474',1734,,1187,37,,,0
3019,'1496475',1034,,1188,37,,,0
3019,'1496479',1534,,1192,37,,,0
3019,'1496484',2034,,1197,37,,,0
3019,'1496487',2332,,1200,37,,,0
3019,'1496488',634,,1201,37,,,0
3019,'1496627',734,,1203,37,,,0
3019,'1496629',1434,,1205,37,,,0
3019,'1496631',834,,1207,37,,,0
3019,'1496632',1134,,1208,37,,,0
3019,'1496633',1834,,1209,37,,,0
3019,'1496636',1334,,1212,37,,,0
3019,'1496638',1934,,1214,37,,,0
3019,'1496640',1634,,1216,37,,,0
3019,'1496641',934,,1217,37,,,0
3019,'1496642',1234,,1218,37,,,0
3019,'1496645',2134,,1221,37,,,0
3019,'1496646',1734,,1222,37,,,0
3019,'1496647',1034,,1223,37,,,0
3019,'1496651',1534,,1227,37,,,0
3019,'1496656',2034,,1232,37,,,0
3019,'1496659',2332,,1235,37,,,0
