3019,'1496126',927,,1057,107,0,5,0
3019,'1496127',1127,,1058,107,0,5,0
3019,'1496132',1157,,1063,107,0,5,0
3019,'1496135',1727,,1066,107,0,5,0
3019,'1496137',1527,,1068,107,0,5,0
3019,'1496139',1257,,1070,107,0,5,0
3019,'1496140',827,,1071,107,0,5,0
3019,'1496143',757,,1074,107,0,5,0
3019,'1496145',1827,,1076,107,0,5,0
3019,'1496147',1357,,1078,107,0,5,0
3019,'1496148',1057,,1079,107,0,5,0
3019,'1496149',1327,,1080,107,0,5,0
3019,'1496150',1427,,1081,107,0,5,0
3019,'1496152',857,,1083,107,0,5,0
3019,'1496156',1027,,1087,107,0,5,0
3019,'1496157',1657,,1088,107,0,5,0
3019,'1496158',1457,,1089,107,0,5,0
3019,'1496160',1757,,1091,107,0,5,0
3019,'1496161',1227,,1092,107,0,5,0
3019,'1496162',1557,,1093,107,0,5,0
3019,'1496163',627,,1094,29,0,5,0
3019,'1496166',1627,,1097,107,0,5,0
3019,'1496169',957,,1100,107,0,5,0
3019,'1496172',657,,1103,76,0,5,0
3019,'1496375',927,,1106,107,0,5,0
3019,'1496376',1127,,1107,107,0,5,0
3019,'1496379',2157,,1110,107,0,5,0
3019,'1496383',2257,,1114,107,0,5,0
3019,'1496384',1157,,1115,107,0,5,0
3019,'1496387',1727,,1118,107,0,5,0
3019,'1496389',2347,,1120,107,0,5,0
3019,'1496390',1527,,1121,107,0,5,0
3019,'1496391',1957,,1122,107,0,5,0
3019,'1496393',1257,,1124,107,0,5,0
3019,'1496394',827,,1125,107,0,5,0
3019,'1496397',2057,,1128,107,0,5,0
3019,'1496399',757,,1130,107,0,5,0
3019,'1496401',1827,,1132,107,0,5,0
3019,'1496403',1357,,1134,107,0,5,0
3019,'1496405',1857,,1136,107,0,5,0
3019,'1496406',1057,,1137,107,0,5,0
3019,'1496407',1327,,1138,107,0,5,0
3019,'1496408',1427,,1139,107,0,5,0
3019,'1496410',857,,1141,107,0,5,0
3019,'1496414',1027,,1145,107,0,5,0
3019,'1496415',1657,,1146,107,0,5,0
3019,'1496416',1457,,1147,107,0,5,0
3019,'1496418',1757,,1149,107,0,5,0
3019,'1496419',1227,,1150,107,0,5,0
3019,'1496420',1557,,1151,107,0,5,0
3019,'1496421',627,,1152,29,0,5,0
3019,'1496424',1627,,1155,107,0,5,0
3019,'1496428',957,,1159,107,0,5,0
3019,'1496433',657,,1164,76,0,5,0
3019,'1496454',1757,,1167,107,0,5,0
3019,'1496456',2257,,1169,107,0,5,0
3019,'1496461',1957,,1174,107,0,5,0
3019,'1496462',1457,,1175,107,0,5,0
3019,'1496464',2057,,1177,107,0,5,0
3019,'1496466',2347,,1179,107,0,5,0
3019,'1496470',1857,,1183,107,0,5,0
3019,'1496471',757,,1184,107,0,5,0
3019,'1496472',957,,1185,107,0,5,0
3019,'1496476',1057,,1189,107,0,5,0
3019,'1496477',1357,,1190,107,0,5,0
3019,'1496478',1657,,1191,107,0,5,0
3019,'1496480',1157,,1193,107,0,5,0
3019,'1496481',1557,,1194,107,0,5,0
3019,'1496482',2157,,1195,107,0,5,0
3019,'1496483',857,,1196,107,0,5,0
3019,'1496485',1257,,1198,107,0,5,0
3019,'1496489',627,,1202,29,0,5,0
3019,'1496628',1757,,1204,107,0,5,0
3019,'1496630',2257,,1206,107,0,5,0
3019,'1496634',1957,,1210,107,0,5,0
3019,'1496635',1457,,1211,107,0,5,0
3019,'1496637',2057,,1213,107,0,5,0
3019,'1496639',2347,,1215,107,0,5,0
3019,'1496643',1857,,1219,107,0,5,0
3019,'1496644',957,,1220,107,0,5,0
3019,'1496648',1057,,1224,107,0,5,0
3019,'1496649',1357,,1225,107,0,5,0
3019,'1496650',1657,,1226,107,0,5,0
3019,'1496652',1157,,1228,107,0,5,0
3019,'1496653',1557,,1229,107,0,5,0
3019,'1496654',2157,,1230,107,0,5,0
3019,'1496655',857,,1231,107,0,5,0
3019,'1496657',1257,,1233,107,0,5,0
3019,'1496660',727,,1236,29,0,5,0
