2019,'1496174',1201,,878,3,,,0
2019,'1496175',1331,,879,3,,,0
2019,'1496179',1301,,880,3,,,0
2019,'1496181',1431,,881,3,,,0
2019,'1496183',931,,882,3,,,0
2019,'1496184',1501,,883,3,,,0
2019,'1496185',901,,884,3,,,0
2019,'1496187',1101,,885,3,,,0
2019,'1496188',831,,886,3,,,0
2019,'1496189',801,,887,3,,,0
2019,'1496191',1001,,888,3,,,0
2019,'1496194',1531,,889,3,,,0
2019,'1496198',701,,890,3,,,0
2019,'1496200',1701,,891,3,,,0
2019,'1496204',1401,,892,3,,,0
2019,'1496206',1031,,893,3,,,0
2019,'1496208',1131,,894,3,,,0
2019,'1496209',1601,,895,3,,,0
2019,'1496210',1731,,896,3,,,0
2019,'1496211',1631,,897,3,,,0
2019,'1496215',731,,898,3,,,0
2019,'1496216',1231,,899,3,,,0
2019,'1496218',631,,900,3,,,0
2019,'1496223',2216,,903,3,,,0
2019,'1496224',1201,,904,3,,,0
2019,'1496225',1331,,905,3,,,0
2019,'1496227',2116,,906,3,,,0
2019,'1496228',1816,,907,3,,,0
2019,'1496232',1301,,908,3,,,0
2019,'1496234',1431,,909,3,,,0
2019,'1496236',931,,910,3,,,0
2019,'1496237',1501,,911,3,,,0
2019,'1496238',901,,912,3,,,0
2019,'1496240',1101,,913,3,,,0
2019,'1496242',831,,914,3,,,0
2019,'1496243',801,,915,3,,,0
2019,'1496245',1001,,916,3,,,0
2019,'1496248',1531,,917,3,,,0
2019,'1496253',2016,,918,3,,,0
2019,'1496255',701,,919,3,,,0
2019,'1496257',1701,,920,3,,,0
2019,'1496258',2316,,921,3,,,0
2019,'1496262',1401,,922,3,,,0
2019,'1496264',1031,,923,3,,,0
2019,'1496266',1131,,924,3,,,0
2019,'1496267',1601,,925,3,,,0
2019,'1496268',1731,,926,3,,,0
2019,'1496269',1631,,927,3,,,0
2019,'1496274',731,,928,3,,,0
2019,'1496275',1231,,929,3,,,0
2019,'1496277',631,,930,3,,,0
2019,'1496280',1916,,933,3,,,0
2019,'1496490',1716,,934,3,,,0
2019,'1496491',2116,,935,3,,,0
2019,'1496492',1316,,936,3,,,0
2019,'1496494',1116,,937,3,,,0
2019,'1496495',1416,,938,3,,,0
2019,'1496498',2016,,939,3,,,0
2019,'1496499',716,,940,3,,,0
2019,'1496505',1216,,941,3,,,0
2019,'1496507',2216,,942,3,,,0
2019,'1496510',1516,,943,3,,,0
2019,'1496511',1816,,944,3,,,0
2019,'1496512',1016,,945,3,,,0
2019,'1496516',916,,946,3,,,0
2019,'1496518',816,,947,3,,,0
2019,'1496520',1616,,948,3,,,0
2019,'1496521',1916,,949,3,,,0
2019,'1496523',616,,950,3,,,0
2019,'1496525',2316,,952,3,,,0
2019,'1496594',1716,,953,3,,,0
2019,'1496595',2116,,954,3,,,0
2019,'1496596',1316,,955,3,,,0
2019,'1496598',1116,,956,3,,,0
2019,'1496599',1416,,957,3,,,0
2019,'1496602',2016,,958,3,,,0
2019,'1496603',716,,959,3,,,0
2019,'1496609',1216,,960,3,,,0
2019,'1496613',1516,,961,3,,,0
2019,'1496614',1816,,962,3,,,0
2019,'1496615',1016,,963,3,,,0
2019,'1496619',916,,964,3,,,0
2019,'1496621',816,,965,3,,,0
2019,'1496623',1616,,966,3,,,0
2019,'1496624',1916,,967,3,,,0
2019,'1496626',2316,,969,3,,,0
3019,'1496126',816,,1057,3,0,5,0
3019,'1496127',1016,,1058,3,0,5,0
3019,'1496132',1046,,1063,3,0,5,0
3019,'1496135',1616,,1066,3,0,5,0
3019,'1496137',1416,,1068,3,0,5,0
3019,'1496139',1146,,1070,3,0,5,0
3019,'1496140',716,,1071,3,0,5,0
3019,'1496143',646,,1074,3,0,5,0
3019,'1496145',1716,,1076,3,0,5,0
3019,'1496147',1246,,1078,3,0,5,0
3019,'1496148',946,,1079,3,0,5,0
3019,'1496149',1216,,1080,3,0,5,0
3019,'1496150',1316,,1081,3,0,5,0
3019,'1496152',746,,1083,3,0,5,0
3019,'1496156',916,,1087,3,0,5,0
3019,'1496157',1546,,1088,3,0,5,0
3019,'1496158',1346,,1089,3,0,5,0
3019,'1496160',1646,,1091,3,0,5,0
3019,'1496161',1116,,1092,3,0,5,0
3019,'1496162',1446,,1093,3,0,5,0
3019,'1496166',1516,,1097,3,0,5,0
3019,'1496169',846,,1100,3,0,5,0
3019,'1496375',816,,1106,3,0,5,0
3019,'1496376',1016,,1107,3,0,5,0
3019,'1496379',2046,,1110,3,0,5,0
3019,'1496383',2146,,1114,3,0,5,0
3019,'1496384',1046,,1115,3,0,5,0
3019,'1496387',1616,,1118,3,0,5,0
3019,'1496389',2246,,1120,3,0,5,0
3019,'1496390',1416,,1121,3,0,5,0
3019,'1496391',1846,,1122,3,0,5,0
3019,'1496393',1146,,1124,3,0,5,0
3019,'1496394',716,,1125,3,0,5,0
3019,'1496397',1946,,1128,3,0,5,0
3019,'1496399',646,,1130,3,0,5,0
3019,'1496401',1716,,1132,3,0,5,0
3019,'1496403',1246,,1134,3,0,5,0
3019,'1496405',1746,,1136,3,0,5,0
3019,'1496406',946,,1137,3,0,5,0
3019,'1496407',1216,,1138,3,0,5,0
3019,'1496408',1316,,1139,3,0,5,0
3019,'1496410',746,,1141,3,0,5,0
3019,'1496414',916,,1145,3,0,5,0
3019,'1496415',1546,,1146,3,0,5,0
3019,'1496416',1346,,1147,3,0,5,0
3019,'1496418',1646,,1149,3,0,5,0
3019,'1496419',1116,,1150,3,0,5,0
3019,'1496420',1446,,1151,3,0,5,0
3019,'1496424',1516,,1155,3,0,5,0
3019,'1496428',846,,1159,3,0,5,0
3019,'1496454',1646,,1167,3,0,5,0
3019,'1496456',2146,,1169,3,0,5,0
3019,'1496461',1846,,1174,3,0,5,0
3019,'1496462',1346,,1175,3,0,5,0
3019,'1496464',1946,,1177,3,0,5,0
3019,'1496466',2246,,1179,3,0,5,0
3019,'1496470',1746,,1183,3,0,5,0
3019,'1496471',646,,1184,3,0,5,0
3019,'1496472',846,,1185,3,0,5,0
3019,'1496476',946,,1189,3,0,5,0
3019,'1496477',1246,,1190,3,0,5,0
3019,'1496478',1546,,1191,3,0,5,0
3019,'1496480',1046,,1193,3,0,5,0
3019,'1496481',1446,,1194,3,0,5,0
3019,'1496482',2046,,1195,3,0,5,0
3019,'1496483',746,,1196,3,0,5,0
3019,'1496485',1146,,1198,3,0,5,0
3019,'1496628',1646,,1204,3,0,5,0
3019,'1496630',2146,,1206,3,0,5,0
3019,'1496634',1846,,1210,3,0,5,0
3019,'1496635',1346,,1211,3,0,5,0
3019,'1496637',1946,,1213,3,0,5,0
3019,'1496639',2246,,1215,3,0,5,0
3019,'1496643',1746,,1219,3,0,5,0
3019,'1496644',846,,1220,3,0,5,0
3019,'1496648',946,,1224,3,0,5,0
3019,'1496649',1246,,1225,3,0,5,0
3019,'1496650',1546,,1226,3,0,5,0
3019,'1496652',1046,,1228,3,0,5,0
3019,'1496653',1446,,1229,3,0,5,0
3019,'1496654',2046,,1230,3,0,5,0
3019,'1496655',746,,1231,3,0,5,0
3019,'1496657',1146,,1233,3,0,5,0
