8019,'1496053',1736,,1304,3,,,0
8019,'1496054',1036,,1305,3,,,0
8019,'1496055',1336,,1306,3,,,0
8019,'1496056',936,,1307,3,,,0
8019,'1496057',1436,,1308,3,,,0
8019,'1496058',736,,1309,3,,,0
8019,'1496059',1636,,1310,3,,,0
8019,'1496060',836,,1311,3,,,0
8019,'1496061',636,,1312,3,,,0
8019,'1496062',1536,,1313,3,,,0
8019,'1496063',1236,,1314,3,,,0
8019,'1496064',1136,,1315,3,,,0
8019,'1496282',1736,,1316,3,,,0
8019,'1496283',1036,,1317,3,,,0
8019,'1496284',1336,,1318,3,,,0
8019,'1496285',936,,1319,3,,,0
8019,'1496286',1436,,1320,3,,,0
8019,'1496287',736,,1321,3,,,0
8019,'1496288',1636,,1322,3,,,0
8019,'1496289',836,,1323,3,,,0
8019,'1496290',636,,1324,3,,,0
8019,'1496291',1536,,1325,3,,,0
8019,'1496292',1236,,1326,3,,,0
8019,'1496293',1136,,1327,3,,,0
