2029,'1488850',624,,970,15,,,0
2029,'1496221',653,,971,75,,,0
2029,'1496281',653,,972,75,,,0
2029,'1497044',954,,973,112,,,0
2029,'1497045',1454,,974,112,,,0
2029,'1497046',1254,,975,112,,,0
2029,'1497047',1324,,976,112,,,0
2029,'1497048',1624,,977,112,,,0
2029,'1497049',1024,,978,112,,,0
2029,'1497050',854,,979,112,,,0
2029,'1497051',1654,,980,112,,,0
2029,'1497052',1524,,981,112,,,0
2029,'1497053',1124,,982,112,,,0
2029,'1497054',754,,983,112,,,0
2029,'1497055',1354,,984,112,,,0
2029,'1497056',1724,,985,112,,,0
2029,'1497057',1554,,986,112,,,0
2029,'1497058',1424,,987,112,,,0
2029,'1497059',824,,988,112,,,0
2029,'1497060',1754,,989,112,,,0
2029,'1497061',1054,,990,112,,,0
2029,'1497062',924,,991,112,,,0
2029,'1497063',1224,,992,112,,,0
2029,'1497064',1154,,993,112,,,0
2029,'1497065',1824,,994,112,,,0
2029,'1497066',2054,,995,112,,,0
2029,'1497067',954,,996,112,,,0
2029,'1497068',1454,,997,112,,,0
2029,'1497069',1254,,998,112,,,0
2029,'1497070',1854,,999,112,,,0
2029,'1497071',1324,,1000,112,,,0
2029,'1497072',1624,,1001,112,,,0
2029,'1497073',1024,,1002,112,,,0
2029,'1497074',2254,,1003,112,,,0
2029,'1497075',854,,1004,112,,,0
2029,'1497076',1654,,1005,112,,,0
2029,'1497077',1524,,1006,112,,,0
2029,'1497078',2348,,1007,112,,,0
2029,'1497079',1124,,1008,112,,,0
2029,'1497080',754,,1009,112,,,0
2029,'1497081',1354,,1010,112,,,0
2029,'1497082',1954,,1011,112,,,0
2029,'1497083',1724,,1012,112,,,0
2029,'1497084',1554,,1013,112,,,0
2029,'1497085',1424,,1014,112,,,0
2029,'1497086',824,,1015,112,,,0
2029,'1497087',1754,,1016,112,,,0
2029,'1497088',1054,,1017,112,,,0
2029,'1497089',924,,1018,112,,,0
2029,'1497090',2154,,1019,112,,,0
2029,'1497091',1224,,1020,112,,,0
2029,'1497092',1154,,1021,112,,,0
2029,'1497093',1824,,1022,112,,,0
2029,'1497094',1754,,1023,112,,,0
2029,'1497095',1154,,1024,112,,,0
2029,'1497096',2254,,1025,112,,,0
2029,'1497097',2348,,1026,112,,,0
2029,'1497098',1054,,1027,112,,,0
2029,'1497099',2054,,1028,112,,,0
2029,'1497100',954,,1029,112,,,0
2029,'1497101',1554,,1030,112,,,0
2029,'1497102',2154,,1031,112,,,0
2029,'1497103',1854,,1032,112,,,0
2029,'1497104',1254,,1033,112,,,0
2029,'1497105',1454,,1034,112,,,0
2029,'1497106',854,,1035,112,,,0
2029,'1497107',1354,,1036,112,,,0
2029,'1497108',1954,,1037,112,,,0
2029,'1497109',1654,,1038,112,,,0
2029,'1497110',754,,1039,112,,,0
2029,'1497111',1754,,1040,112,,,0
2029,'1497112',1154,,1041,112,,,0
2029,'1497113',2254,,1042,112,,,0
2029,'1497114',2348,,1043,112,,,0
2029,'1497115',1054,,1044,112,,,0
2029,'1497116',2054,,1045,112,,,0
2029,'1497117',954,,1046,112,,,0
2029,'1497118',1554,,1047,112,,,0
2029,'1497119',2154,,1048,112,,,0
2029,'1497120',1854,,1049,112,,,0
2029,'1497121',1254,,1050,112,,,0
2029,'1497122',1454,,1051,112,,,0
2029,'1497123',854,,1052,112,,,0
2029,'1497124',1354,,1053,112,,,0
2029,'1497125',1954,,1054,112,,,0
2029,'1497126',1654,,1055,112,,,0
3019,'1496126',900,,1057,61,0,5,0
3019,'1496127',1100,,1058,61,0,5,0
3019,'1496132',1130,,1063,61,0,5,0
3019,'1496135',1700,,1066,61,0,5,0
3019,'1496137',1500,,1068,61,0,5,0
3019,'1496139',1230,,1070,61,0,5,0
3019,'1496140',800,,1071,61,0,5,0
3019,'1496143',730,,1074,61,0,5,0
3019,'1496145',1800,,1076,61,0,5,0
3019,'1496147',1330,,1078,61,0,5,0
3019,'1496148',1030,,1079,61,0,5,0
3019,'1496149',1300,,1080,61,0,5,0
3019,'1496150',1400,,1081,61,0,5,0
3019,'1496152',830,,1083,61,0,5,0
3019,'1496156',1000,,1087,61,0,5,0
3019,'1496157',1630,,1088,61,0,5,0
3019,'1496158',1430,,1089,61,0,5,0
3019,'1496160',1730,,1091,61,0,5,0
3019,'1496161',1200,,1092,61,0,5,0
3019,'1496162',1530,,1093,61,0,5,0
3019,'1496166',1600,,1097,61,0,5,0
3019,'1496169',930,,1100,61,0,5,0
3019,'1496172',630,,1103,30,0,5,0
3019,'1496375',900,,1106,61,0,5,0
3019,'1496376',1100,,1107,61,0,5,0
3019,'1496379',2130,,1110,61,0,5,0
3019,'1496383',2230,,1114,61,0,5,0
3019,'1496384',1130,,1115,61,0,5,0
3019,'1496387',1700,,1118,61,0,5,0
3019,'1496389',2323,,1120,61,0,5,0
3019,'1496390',1500,,1121,61,0,5,0
3019,'1496391',1930,,1122,61,0,5,0
3019,'1496393',1230,,1124,61,0,5,0
3019,'1496394',800,,1125,61,0,5,0
3019,'1496397',2030,,1128,61,0,5,0
3019,'1496399',730,,1130,61,0,5,0
3019,'1496401',1800,,1132,61,0,5,0
3019,'1496403',1330,,1134,61,0,5,0
3019,'1496405',1830,,1136,61,0,5,0
3019,'1496406',1030,,1137,61,0,5,0
3019,'1496407',1300,,1138,61,0,5,0
3019,'1496408',1400,,1139,61,0,5,0
3019,'1496410',830,,1141,61,0,5,0
3019,'1496414',1000,,1145,61,0,5,0
3019,'1496415',1630,,1146,61,0,5,0
3019,'1496416',1430,,1147,61,0,5,0
3019,'1496418',1730,,1149,61,0,5,0
3019,'1496419',1200,,1150,61,0,5,0
3019,'1496420',1530,,1151,61,0,5,0
3019,'1496424',1600,,1155,61,0,5,0
3019,'1496428',930,,1159,61,0,5,0
3019,'1496433',630,,1164,30,0,5,0
3019,'1496454',1730,,1167,61,0,5,0
3019,'1496456',2230,,1169,61,0,5,0
3019,'1496461',1930,,1174,61,0,5,0
3019,'1496462',1430,,1175,61,0,5,0
3019,'1496464',2030,,1177,61,0,5,0
3019,'1496466',2324,,1179,61,0,5,0
3019,'1496470',1830,,1183,61,0,5,0
3019,'1496471',730,,1184,61,0,5,0
3019,'1496472',930,,1185,61,0,5,0
3019,'1496476',1030,,1189,61,0,5,0
3019,'1496477',1330,,1190,61,0,5,0
3019,'1496478',1630,,1191,61,0,5,0
3019,'1496480',1130,,1193,61,0,5,0
3019,'1496481',1530,,1194,61,0,5,0
3019,'1496482',2130,,1195,61,0,5,0
3019,'1496483',830,,1196,61,0,5,0
3019,'1496485',1230,,1198,61,0,5,0
3019,'1496628',1730,,1204,61,0,5,0
3019,'1496630',2230,,1206,61,0,5,0
3019,'1496634',1930,,1210,61,0,5,0
3019,'1496635',1430,,1211,61,0,5,0
3019,'1496637',2030,,1213,61,0,5,0
3019,'1496639',2324,,1215,61,0,5,0
3019,'1496643',1830,,1219,61,0,5,0
3019,'1496644',930,,1220,61,0,5,0
3019,'1496648',1030,,1224,61,0,5,0
3019,'1496649',1330,,1225,61,0,5,0
3019,'1496650',1630,,1226,61,0,5,0
3019,'1496652',1130,,1228,61,0,5,0
3019,'1496653',1530,,1229,61,0,5,0
3019,'1496654',2130,,1230,61,0,5,0
3019,'1496655',830,,1231,61,0,5,0
3019,'1496657',1230,,1233,61,0,5,0
