3019,'1496125',1544,,1056,27,,,0
3019,'1496128',1714,,1059,27,,,0
3019,'1496129',844,,1060,27,,,0
3019,'1496130',714,,1061,27,,,0
3019,'1496131',1614,,1062,27,,,0
3019,'1496133',1144,,1064,27,,,0
3019,'1496134',1114,,1065,27,,,0
3019,'1496136',744,,1067,27,,,0
3019,'1496138',914,,1069,27,,,0
3019,'1496141',1344,,1072,27,,,0
3019,'1496142',1314,,1073,27,,,0
3019,'1496144',1444,,1075,27,,,0
3019,'1496146',1244,,1077,27,,,0
3019,'1496151',814,,1082,27,,,0
3019,'1496153',1744,,1084,27,,,0
3019,'1496154',1414,,1085,27,,,0
3019,'1496155',1014,,1086,27,,,0
3019,'1496159',1044,,1090,27,,,0
3019,'1496164',1214,,1095,27,,,0
3019,'1496165',1644,,1096,27,,,0
3019,'1496167',944,,1098,27,,,0
3019,'1496168',1514,,1099,27,,,0
3019,'1496173',644,,1104,27,,,0
3019,'1496374',1544,,1105,27,,,0
3019,'1496377',1714,,1108,27,,,0
3019,'1496378',2029,,1109,27,,,0
3019,'1496380',844,,1111,27,,,0
3019,'1496381',714,,1112,27,,,0
3019,'1496382',1614,,1113,27,,,0
3019,'1496385',1144,,1116,27,,,0
3019,'1496386',1114,,1117,27,,,0
3019,'1496388',744,,1119,27,,,0
3019,'1496392',914,,1123,27,,,0
3019,'1496395',2229,,1126,27,,,0
3019,'1496396',1344,,1127,27,,,0
3019,'1496398',1314,,1129,27,,,0
3019,'1496400',1444,,1131,27,,,0
3019,'1496402',1244,,1133,27,,,0
3019,'1496404',2129,,1135,27,,,0
3019,'1496409',814,,1140,27,,,0
3019,'1496411',1744,,1142,27,,,0
3019,'1496412',1414,,1143,27,,,0
3019,'1496413',1014,,1144,27,,,0
3019,'1496417',1044,,1148,27,,,0
3019,'1496422',1214,,1153,27,,,0
3019,'1496423',1644,,1154,27,,,0
3019,'1496425',944,,1156,27,,,0
3019,'1496426',1514,,1157,27,,,0
3019,'1496427',1829,,1158,27,,,0
3019,'1496429',2327,,1160,27,,,0
3019,'1496432',1929,,1163,27,,,0
3019,'1496434',644,,1165,27,,,0
3019,'1496453',729,,1166,27,,,0
3019,'1496455',1429,,1168,27,,,0
3019,'1496457',829,,1170,27,,,0
3019,'1496458',1129,,1171,27,,,0
3019,'1496459',2229,,1172,27,,,0
3019,'1496460',1829,,1173,27,,,0
3019,'1496463',1329,,1176,27,,,0
3019,'1496465',1929,,1178,27,,,0
3019,'1496467',1629,,1180,27,,,0
3019,'1496468',929,,1181,27,,,0
3019,'1496469',1229,,1182,27,,,0
3019,'1496473',2129,,1186,27,,,0
3019,'1496474',1729,,1187,27,,,0
3019,'1496475',1029,,1188,27,,,0
3019,'1496479',1529,,1192,27,,,0
3019,'1496484',2029,,1197,27,,,0
3019,'1496487',2327,,1200,27,,,0
3019,'1496488',629,,1201,27,,,0
3019,'1496627',729,,1203,27,,,0
3019,'1496629',1429,,1205,27,,,0
3019,'1496631',829,,1207,27,,,0
3019,'1496632',1129,,1208,27,,,0
3019,'1496633',1829,,1209,27,,,0
3019,'1496636',1329,,1212,27,,,0
3019,'1496638',1929,,1214,27,,,0
3019,'1496640',1629,,1216,27,,,0
3019,'1496641',929,,1217,27,,,0
3019,'1496642',1229,,1218,27,,,0
3019,'1496645',2129,,1221,27,,,0
3019,'1496646',1729,,1222,27,,,0
3019,'1496647',1029,,1223,27,,,0
3019,'1496651',1529,,1227,27,,,0
3019,'1496656',2029,,1232,27,,,0
3019,'1496659',2327,,1235,27,,,0
