4019,'1496112',710,,1237,64,,,0
4019,'1496113',1110,,1238,64,,,0
4019,'1496114',910,,1239,64,,,0
4019,'1496115',1710,,1240,64,,,0
4019,'1496116',1010,,1241,64,,,0
4019,'1496117',1210,,1242,64,,,0
4019,'1496118',810,,1243,64,,,0
4019,'1496119',1610,,1244,64,,,0
4019,'1496120',1810,,1245,64,,,0
4019,'1496121',1410,,1246,64,,,0
4019,'1496122',1510,,1247,64,,,0
4019,'1496123',1310,,1248,64,,,0
4019,'1496124',610,,1249,30,,,0
4019,'1496355',710,,1250,64,,,0
4019,'1496356',2348,,1251,64,,,0
4019,'1496357',1110,,1252,64,,,0
4019,'1496358',910,,1253,64,,,0
4019,'1496359',2055,,1254,64,,,0
4019,'1496360',1710,,1255,64,,,0
4019,'1496361',1910,,1256,64,,,0
4019,'1496362',2155,,1257,64,,,0
4019,'1496363',1010,,1258,64,,,0
4019,'1496364',1210,,1259,64,,,0
4019,'1496365',1955,,1260,64,,,0
4019,'1496366',810,,1261,64,,,0
4019,'1496367',1610,,1262,64,,,0
4019,'1496368',1810,,1263,64,,,0
4019,'1496369',1410,,1264,64,,,0
4019,'1496370',1510,,1265,64,,,0
4019,'1496371',2255,,1266,64,,,0
4019,'1496372',1310,,1267,64,,,0
4019,'1496373',610,,1268,30,,,0
4019,'1496435',855,,1269,64,,,0
4019,'1496436',755,,1270,64,,,0
4019,'1496437',1655,,1271,64,,,0
4019,'1496438',2255,,1272,64,,,0
4019,'1496439',1755,,1273,64,,,0
4019,'1496440',1455,,1274,64,,,0
4019,'1496441',2155,,1275,64,,,0
4019,'1496442',1055,,1276,64,,,0
4019,'1496443',1955,,1277,64,,,0
4019,'1496444',1555,,1278,64,,,0
4019,'1496445',955,,1279,64,,,0
4019,'1496446',1855,,1280,64,,,0
4019,'1496447',1355,,1281,64,,,0
4019,'1496448',655,,1282,64,,,0
4019,'1496449',2055,,1283,64,,,0
4019,'1496450',1155,,1284,64,,,0
4019,'1496451',1255,,1285,64,,,0
4019,'1496452',2348,,1286,64,,,0
4019,'1496661',855,,1287,64,,,0
4019,'1496662',755,,1288,64,,,0
4019,'1496663',1655,,1289,64,,,0
4019,'1496664',2255,,1290,64,,,0
4019,'1496665',1755,,1291,64,,,0
4019,'1496666',1455,,1292,64,,,0
4019,'1496667',2155,,1293,64,,,0
4019,'1496668',1055,,1294,64,,,0
4019,'1496669',1955,,1295,64,,,0
4019,'1496670',1555,,1296,64,,,0
4019,'1496671',955,,1297,64,,,0
4019,'1496672',1855,,1298,64,,,0
4019,'1496673',1355,,1299,64,,,0
4019,'1496674',2055,,1300,64,,,0
4019,'1496675',1155,,1301,64,,,0
4019,'1496676',1255,,1302,64,,,0
4019,'1496677',2348,,1303,64,,,0
