2019,'1496174',1235,,878,50,,,0
2019,'1496175',1405,,879,50,,,0
2019,'1496179',1335,,880,50,,,0
2019,'1496181',1505,,881,50,,,0
2019,'1496183',1005,,882,50,,,0
2019,'1496184',1535,,883,50,,,0
2019,'1496185',935,,884,50,,,0
2019,'1496187',1135,,885,50,,,0
2019,'1496188',905,,886,50,,,0
2019,'1496189',835,,887,50,,,0
2019,'1496191',1035,,888,50,,,0
2019,'1496194',1605,,889,50,,,0
2019,'1496198',735,,890,50,,,0
2019,'1496200',1735,,891,50,,,0
2019,'1496204',1435,,892,50,,,0
2019,'1496206',1105,,893,50,,,0
2019,'1496208',1205,,894,50,,,0
2019,'1496209',1635,,895,50,,,0
2019,'1496210',1805,,896,50,,,0
2019,'1496211',1705,,897,50,,,0
2019,'1496215',805,,898,50,,,0
2019,'1496216',1305,,899,50,,,0
2019,'1496218',705,,900,50,,,0
2019,'1496220',605,,902,18,,,0
2019,'1496223',2250,,903,50,,,0
2019,'1496224',1235,,904,50,,,0
2019,'1496225',1405,,905,50,,,0
2019,'1496227',2150,,906,50,,,0
2019,'1496228',1850,,907,50,,,0
2019,'1496232',1335,,908,50,,,0
2019,'1496234',1505,,909,50,,,0
2019,'1496236',1005,,910,50,,,0
2019,'1496237',1535,,911,50,,,0
2019,'1496238',935,,912,50,,,0
2019,'1496240',1135,,913,50,,,0
2019,'1496242',905,,914,50,,,0
2019,'1496243',835,,915,50,,,0
2019,'1496245',1035,,916,50,,,0
2019,'1496248',1605,,917,50,,,0
2019,'1496253',2050,,918,50,,,0
2019,'1496255',735,,919,50,,,0
2019,'1496257',1735,,920,50,,,0
2019,'1496258',2348,,921,50,,,0
2019,'1496262',1435,,922,50,,,0
2019,'1496264',1105,,923,50,,,0
2019,'1496266',1205,,924,50,,,0
2019,'1496267',1635,,925,50,,,0
2019,'1496268',1805,,926,50,,,0
2019,'1496269',1705,,927,50,,,0
2019,'1496274',805,,928,50,,,0
2019,'1496275',1305,,929,50,,,0
2019,'1496277',705,,930,50,,,0
2019,'1496279',605,,932,28,,,0
2019,'1496280',1950,,933,50,,,0
2019,'1496490',1750,,934,50,,,0
2019,'1496491',2150,,935,50,,,0
2019,'1496492',1350,,936,50,,,0
2019,'1496494',1150,,937,50,,,0
2019,'1496495',1450,,938,50,,,0
2019,'1496498',2050,,939,50,,,0
2019,'1496499',750,,940,50,,,0
2019,'1496505',1250,,941,50,,,0
2019,'1496507',2250,,942,50,,,0
2019,'1496510',1550,,943,50,,,0
2019,'1496511',1850,,944,50,,,0
2019,'1496512',1050,,945,50,,,0
2019,'1496516',950,,946,50,,,0
2019,'1496518',850,,947,50,,,0
2019,'1496520',1650,,948,50,,,0
2019,'1496521',1950,,949,50,,,0
2019,'1496523',650,,950,50,,,0
2019,'1496524',620,,951,18,,,0
2019,'1496525',2348,,952,50,,,0
2019,'1496594',1750,,953,50,,,0
2019,'1496595',2150,,954,50,,,0
2019,'1496596',1350,,955,50,,,0
2019,'1496598',1150,,956,50,,,0
2019,'1496599',1450,,957,50,,,0
2019,'1496602',2050,,958,50,,,0
2019,'1496603',750,,959,50,,,0
2019,'1496609',1250,,960,50,,,0
2019,'1496613',1550,,961,50,,,0
2019,'1496614',1850,,962,50,,,0
2019,'1496615',1050,,963,50,,,0
2019,'1496619',950,,964,50,,,0
2019,'1496621',850,,965,50,,,0
2019,'1496623',1650,,966,50,,,0
2019,'1496624',1950,,967,50,,,0
2019,'1496625',720,,968,18,,,0
2019,'1496626',2348,,969,50,,,0
3019,'1496126',850,,1057,48,0,5,0
3019,'1496127',1050,,1058,48,0,5,0
3019,'1496132',1120,,1063,48,0,5,0
3019,'1496135',1650,,1066,48,0,5,0
3019,'1496137',1450,,1068,48,0,5,0
3019,'1496139',1220,,1070,48,0,5,0
3019,'1496140',750,,1071,48,0,5,0
3019,'1496143',720,,1074,48,0,5,0
3019,'1496145',1750,,1076,48,0,5,0
3019,'1496147',1320,,1078,48,0,5,0
3019,'1496148',1020,,1079,48,0,5,0
3019,'1496149',1250,,1080,48,0,5,0
3019,'1496150',1350,,1081,48,0,5,0
3019,'1496152',820,,1083,48,0,5,0
3019,'1496156',950,,1087,48,0,5,0
3019,'1496157',1620,,1088,48,0,5,0
3019,'1496158',1420,,1089,48,0,5,0
3019,'1496160',1720,,1091,48,0,5,0
3019,'1496161',1150,,1092,48,0,5,0
3019,'1496162',1520,,1093,48,0,5,0
3019,'1496166',1550,,1097,48,0,5,0
3019,'1496169',920,,1100,48,0,5,0
3019,'1496172',620,,1103,17,0,5,0
3019,'1496375',850,,1106,48,0,5,0
3019,'1496376',1050,,1107,48,0,5,0
3019,'1496379',2120,,1110,48,0,5,0
3019,'1496383',2220,,1114,48,0,5,0
3019,'1496384',1120,,1115,48,0,5,0
3019,'1496387',1650,,1118,48,0,5,0
3019,'1496389',2315,,1120,48,0,5,0
3019,'1496390',1450,,1121,48,0,5,0
3019,'1496391',1920,,1122,48,0,5,0
3019,'1496393',1220,,1124,48,0,5,0
3019,'1496394',750,,1125,48,0,5,0
3019,'1496397',2020,,1128,48,0,5,0
3019,'1496399',720,,1130,48,0,5,0
3019,'1496401',1750,,1132,48,0,5,0
3019,'1496403',1320,,1134,48,0,5,0
3019,'1496405',1820,,1136,48,0,5,0
3019,'1496406',1020,,1137,48,0,5,0
3019,'1496407',1250,,1138,48,0,5,0
3019,'1496408',1350,,1139,48,0,5,0
3019,'1496410',820,,1141,48,0,5,0
3019,'1496414',950,,1145,48,0,5,0
3019,'1496415',1620,,1146,48,0,5,0
3019,'1496416',1420,,1147,48,0,5,0
3019,'1496418',1720,,1149,48,0,5,0
3019,'1496419',1150,,1150,48,0,5,0
3019,'1496420',1520,,1151,48,0,5,0
3019,'1496424',1550,,1155,48,0,5,0
3019,'1496428',920,,1159,48,0,5,0
3019,'1496433',620,,1164,17,0,5,0
3019,'1496454',1720,,1167,48,0,5,0
3019,'1496456',2220,,1169,48,0,5,0
3019,'1496461',1920,,1174,48,0,5,0
3019,'1496462',1420,,1175,48,0,5,0
3019,'1496464',2020,,1177,48,0,5,0
3019,'1496466',2317,,1179,48,0,5,0
3019,'1496470',1820,,1183,48,0,5,0
3019,'1496471',720,,1184,48,0,5,0
3019,'1496472',920,,1185,48,0,5,0
3019,'1496476',1020,,1189,48,0,5,0
3019,'1496477',1320,,1190,48,0,5,0
3019,'1496478',1620,,1191,48,0,5,0
3019,'1496480',1120,,1193,48,0,5,0
3019,'1496481',1520,,1194,48,0,5,0
3019,'1496482',2120,,1195,48,0,5,0
3019,'1496483',820,,1196,48,0,5,0
3019,'1496485',1220,,1198,48,0,5,0
3019,'1496628',1720,,1204,48,0,5,0
3019,'1496630',2220,,1206,48,0,5,0
3019,'1496634',1920,,1210,48,0,5,0
3019,'1496635',1420,,1211,48,0,5,0
3019,'1496637',2020,,1213,48,0,5,0
3019,'1496639',2317,,1215,48,0,5,0
3019,'1496643',1820,,1219,48,0,5,0
3019,'1496644',920,,1220,48,0,5,0
3019,'1496648',1020,,1224,48,0,5,0
3019,'1496649',1320,,1225,48,0,5,0
3019,'1496650',1620,,1226,48,0,5,0
3019,'1496652',1120,,1228,48,0,5,0
3019,'1496653',1520,,1229,48,0,5,0
3019,'1496654',2120,,1230,48,0,5,0
3019,'1496655',820,,1231,48,0,5,0
3019,'1496657',1220,,1233,48,0,5,0
