2029,'1496221',618,,971,21,,,0
2029,'1496281',618,,972,21,,,0
2029,'1497044',919,,973,58,,,0
2029,'1497045',1419,,974,58,,,0
2029,'1497046',1219,,975,58,,,0
2029,'1497047',1249,,976,58,,,0
2029,'1497048',1549,,977,58,,,0
2029,'1497049',949,,978,58,,,0
2029,'1497050',819,,979,58,,,0
2029,'1497051',1619,,980,58,,,0
2029,'1497052',1449,,981,58,,,0
2029,'1497053',1049,,982,58,,,0
2029,'1497054',719,,983,58,,,0
2029,'1497055',1319,,984,58,,,0
2029,'1497056',1649,,985,58,,,0
2029,'1497057',1519,,986,58,,,0
2029,'1497058',1349,,987,58,,,0
2029,'1497059',749,,988,58,,,0
2029,'1497060',1719,,989,58,,,0
2029,'1497061',1019,,990,58,,,0
2029,'1497062',849,,991,58,,,0
2029,'1497063',1149,,992,58,,,0
2029,'1497064',1119,,993,58,,,0
2029,'1497065',1749,,994,58,,,0
2029,'1497066',2019,,995,58,,,0
2029,'1497067',919,,996,58,,,0
2029,'1497068',1419,,997,58,,,0
2029,'1497069',1219,,998,58,,,0
2029,'1497070',1819,,999,58,,,0
2029,'1497071',1249,,1000,58,,,0
2029,'1497072',1549,,1001,58,,,0
2029,'1497073',949,,1002,58,,,0
2029,'1497074',2219,,1003,58,,,0
2029,'1497075',819,,1004,58,,,0
2029,'1497076',1619,,1005,58,,,0
2029,'1497077',1449,,1006,58,,,0
2029,'1497078',2316,,1007,58,,,0
2029,'1497079',1049,,1008,58,,,0
2029,'1497080',719,,1009,58,,,0
2029,'1497081',1319,,1010,58,,,0
2029,'1497082',1919,,1011,58,,,0
2029,'1497083',1649,,1012,58,,,0
2029,'1497084',1519,,1013,58,,,0
2029,'1497085',1349,,1014,58,,,0
2029,'1497086',749,,1015,58,,,0
2029,'1497087',1719,,1016,58,,,0
2029,'1497088',1019,,1017,58,,,0
2029,'1497089',849,,1018,58,,,0
2029,'1497090',2119,,1019,58,,,0
2029,'1497091',1149,,1020,58,,,0
2029,'1497092',1119,,1021,58,,,0
2029,'1497093',1749,,1022,58,,,0
2029,'1497094',1719,,1023,58,,,0
2029,'1497095',1119,,1024,58,,,0
2029,'1497096',2219,,1025,58,,,0
2029,'1497097',2316,,1026,58,,,0
2029,'1497098',1019,,1027,58,,,0
2029,'1497099',2019,,1028,58,,,0
2029,'1497100',919,,1029,58,,,0
2029,'1497101',1519,,1030,58,,,0
2029,'1497102',2119,,1031,58,,,0
2029,'1497103',1819,,1032,58,,,0
2029,'1497104',1219,,1033,58,,,0
2029,'1497105',1419,,1034,58,,,0
2029,'1497106',819,,1035,58,,,0
2029,'1497107',1319,,1036,58,,,0
2029,'1497108',1919,,1037,58,,,0
2029,'1497109',1619,,1038,58,,,0
2029,'1497110',719,,1039,58,,,0
2029,'1497111',1719,,1040,58,,,0
2029,'1497112',1119,,1041,58,,,0
2029,'1497113',2219,,1042,58,,,0
2029,'1497114',2316,,1043,58,,,0
2029,'1497115',1019,,1044,58,,,0
2029,'1497116',2019,,1045,58,,,0
2029,'1497117',919,,1046,58,,,0
2029,'1497118',1519,,1047,58,,,0
2029,'1497119',2119,,1048,58,,,0
2029,'1497120',1819,,1049,58,,,0
2029,'1497121',1219,,1050,58,,,0
2029,'1497122',1419,,1051,58,,,0
2029,'1497123',819,,1052,58,,,0
2029,'1497124',1319,,1053,58,,,0
2029,'1497125',1919,,1054,58,,,0
2029,'1497126',1619,,1055,58,,,0
