8019,'1496053',1744,,1304,9,,,0
8019,'1496054',1044,,1305,9,,,0
8019,'1496055',1344,,1306,9,,,0
8019,'1496056',944,,1307,9,,,0
8019,'1496057',1444,,1308,9,,,0
8019,'1496058',744,,1309,9,,,0
8019,'1496059',1644,,1310,9,,,0
8019,'1496060',844,,1311,9,,,0
8019,'1496061',644,,1312,9,,,0
8019,'1496062',1544,,1313,9,,,0
8019,'1496063',1244,,1314,9,,,0
8019,'1496064',1144,,1315,9,,,0
8019,'1496282',1744,,1316,9,,,0
8019,'1496283',1044,,1317,9,,,0
8019,'1496284',1344,,1318,9,,,0
8019,'1496285',944,,1319,9,,,0
8019,'1496286',1444,,1320,9,,,0
8019,'1496287',744,,1321,9,,,0
8019,'1496288',1644,,1322,9,,,0
8019,'1496289',844,,1323,9,,,0
8019,'1496290',644,,1324,9,,,0
8019,'1496291',1544,,1325,9,,,0
8019,'1496292',1244,,1326,9,,,0
8019,'1496293',1144,,1327,9,,,0
