2029,'1496221',640,,971,54,,,0
2029,'1496281',640,,972,54,,,0
2029,'1497044',941,,973,91,,,0
2029,'1497045',1441,,974,91,,,0
2029,'1497046',1241,,975,91,,,0
2029,'1497047',1311,,976,91,,,0
2029,'1497048',1611,,977,91,,,0
2029,'1497049',1011,,978,91,,,0
2029,'1497050',841,,979,91,,,0
2029,'1497051',1641,,980,91,,,0
2029,'1497052',1511,,981,91,,,0
2029,'1497053',1111,,982,91,,,0
2029,'1497054',741,,983,91,,,0
2029,'1497055',1341,,984,91,,,0
2029,'1497056',1711,,985,91,,,0
2029,'1497057',1541,,986,91,,,0
2029,'1497058',1411,,987,91,,,0
2029,'1497059',811,,988,91,,,0
2029,'1497060',1741,,989,91,,,0
2029,'1497061',1041,,990,91,,,0
2029,'1497062',911,,991,91,,,0
2029,'1497063',1211,,992,91,,,0
2029,'1497064',1141,,993,91,,,0
2029,'1497065',1811,,994,91,,,0
2029,'1497066',2041,,995,91,,,0
2029,'1497067',941,,996,91,,,0
2029,'1497068',1441,,997,91,,,0
2029,'1497069',1241,,998,91,,,0
2029,'1497070',1841,,999,91,,,0
2029,'1497071',1311,,1000,91,,,0
2029,'1497072',1611,,1001,91,,,0
2029,'1497073',1011,,1002,91,,,0
2029,'1497074',2241,,1003,91,,,0
2029,'1497075',841,,1004,91,,,0
2029,'1497076',1641,,1005,91,,,0
2029,'1497077',1511,,1006,91,,,0
2029,'1497078',2336,,1007,91,,,0
2029,'1497079',1111,,1008,91,,,0
2029,'1497080',741,,1009,91,,,0
2029,'1497081',1341,,1010,91,,,0
2029,'1497082',1941,,1011,91,,,0
2029,'1497083',1711,,1012,91,,,0
2029,'1497084',1541,,1013,91,,,0
2029,'1497085',1411,,1014,91,,,0
2029,'1497086',811,,1015,91,,,0
2029,'1497087',1741,,1016,91,,,0
2029,'1497088',1041,,1017,91,,,0
2029,'1497089',911,,1018,91,,,0
2029,'1497090',2141,,1019,91,,,0
2029,'1497091',1211,,1020,91,,,0
2029,'1497092',1141,,1021,91,,,0
2029,'1497093',1811,,1022,91,,,0
2029,'1497094',1741,,1023,91,,,0
2029,'1497095',1141,,1024,91,,,0
2029,'1497096',2241,,1025,91,,,0
2029,'1497097',2336,,1026,91,,,0
2029,'1497098',1041,,1027,91,,,0
2029,'1497099',2041,,1028,91,,,0
2029,'1497100',941,,1029,91,,,0
2029,'1497101',1541,,1030,91,,,0
2029,'1497102',2141,,1031,91,,,0
2029,'1497103',1841,,1032,91,,,0
2029,'1497104',1241,,1033,91,,,0
2029,'1497105',1441,,1034,91,,,0
2029,'1497106',841,,1035,91,,,0
2029,'1497107',1341,,1036,91,,,0
2029,'1497108',1941,,1037,91,,,0
2029,'1497109',1641,,1038,91,,,0
2029,'1497110',741,,1039,91,,,0
2029,'1497111',1741,,1040,91,,,0
2029,'1497112',1141,,1041,91,,,0
2029,'1497113',2241,,1042,91,,,0
2029,'1497114',2336,,1043,91,,,0
2029,'1497115',1041,,1044,91,,,0
2029,'1497116',2041,,1045,91,,,0
2029,'1497117',941,,1046,91,,,0
2029,'1497118',1541,,1047,91,,,0
2029,'1497119',2141,,1048,91,,,0
2029,'1497120',1841,,1049,91,,,0
2029,'1497121',1241,,1050,91,,,0
2029,'1497122',1441,,1051,91,,,0
2029,'1497123',841,,1052,91,,,0
2029,'1497124',1341,,1053,91,,,0
2029,'1497125',1941,,1054,91,,,0
2029,'1497126',1641,,1055,91,,,0
