2019,'1496174',1304,,878,95,,,0
2019,'1496175',1434,,879,95,,,0
2019,'1496179',1404,,880,95,,,0
2019,'1496181',1534,,881,95,,,0
2019,'1496183',1034,,882,95,,,0
2019,'1496184',1604,,883,95,,,0
2019,'1496185',1004,,884,95,,,0
2019,'1496187',1204,,885,95,,,0
2019,'1496188',934,,886,95,,,0
2019,'1496189',904,,887,95,,,0
2019,'1496191',1104,,888,95,,,0
2019,'1496194',1634,,889,95,,,0
2019,'1496198',804,,890,95,,,0
2019,'1496200',1804,,891,95,,,0
2019,'1496204',1504,,892,95,,,0
2019,'1496206',1134,,893,95,,,0
2019,'1496208',1234,,894,95,,,0
2019,'1496209',1704,,895,95,,,0
2019,'1496210',1834,,896,95,,,0
2019,'1496211',1734,,897,95,,,0
2019,'1496215',834,,898,95,,,0
2019,'1496216',1334,,899,95,,,0
2019,'1496218',734,,900,95,,,0
2019,'1496219',604,,901,9,,,0
2019,'1496220',634,,902,63,,,0
2019,'1496223',2319,,903,95,,,0
2019,'1496224',1304,,904,95,,,0
2019,'1496225',1434,,905,95,,,0
2019,'1496227',2219,,906,95,,,0
2019,'1496228',1919,,907,95,,,0
2019,'1496232',1404,,908,95,,,0
2019,'1496234',1534,,909,95,,,0
2019,'1496236',1034,,910,95,,,0
2019,'1496237',1604,,911,95,,,0
2019,'1496238',1004,,912,95,,,0
2019,'1496240',1204,,913,95,,,0
2019,'1496242',934,,914,95,,,0
2019,'1496243',904,,915,95,,,0
2019,'1496245',1104,,916,95,,,0
2019,'1496248',1634,,917,95,,,0
2019,'1496253',2119,,918,95,,,0
2019,'1496255',804,,919,95,,,0
2019,'1496257',1804,,920,95,,,0
2019,'1496262',1504,,922,95,,,0
2019,'1496264',1134,,923,95,,,0
2019,'1496266',1234,,924,95,,,0
2019,'1496267',1704,,925,95,,,0
2019,'1496268',1834,,926,95,,,0
2019,'1496269',1734,,927,95,,,0
2019,'1496274',834,,928,95,,,0
2019,'1496275',1334,,929,95,,,0
2019,'1496277',734,,930,95,,,0
2019,'1496278',604,,931,9,,,0
2019,'1496279',634,,932,73,,,0
2019,'1496280',2019,,933,95,,,0
2019,'1496490',1819,,934,95,,,0
2019,'1496491',2219,,935,95,,,0
2019,'1496492',1419,,936,95,,,0
2019,'1496494',1219,,937,95,,,0
2019,'1496495',1519,,938,95,,,0
2019,'1496498',2119,,939,95,,,0
2019,'1496499',819,,940,95,,,0
2019,'1496505',1319,,941,95,,,0
2019,'1496507',2319,,942,95,,,0
2019,'1496510',1619,,943,95,,,0
2019,'1496511',1919,,944,95,,,0
2019,'1496512',1119,,945,95,,,0
2019,'1496516',1019,,946,95,,,0
2019,'1496518',919,,947,95,,,0
2019,'1496520',1719,,948,95,,,0
2019,'1496521',2019,,949,95,,,0
2019,'1496523',719,,950,95,,,0
2019,'1496524',649,,951,63,,,0
2019,'1496594',1819,,953,95,,,0
2019,'1496595',2219,,954,95,,,0
2019,'1496596',1419,,955,95,,,0
2019,'1496598',1219,,956,95,,,0
2019,'1496599',1519,,957,95,,,0
2019,'1496602',2119,,958,95,,,0
2019,'1496603',819,,959,95,,,0
2019,'1496609',1319,,960,95,,,0
2019,'1496613',1619,,961,95,,,0
2019,'1496614',1919,,962,95,,,0
2019,'1496615',1119,,963,95,,,0
2019,'1496619',1019,,964,95,,,0
2019,'1496621',919,,965,95,,,0
2019,'1496623',1719,,966,95,,,0
2019,'1496624',2019,,967,95,,,0
2019,'1496625',749,,968,63,,,0
