3019,'1496126',854,,1057,54,0,5,0
3019,'1496127',1054,,1058,54,0,5,0
3019,'1496132',1124,,1063,54,0,5,0
3019,'1496135',1654,,1066,54,0,5,0
3019,'1496137',1454,,1068,54,0,5,0
3019,'1496139',1224,,1070,54,0,5,0
3019,'1496140',754,,1071,54,0,5,0
3019,'1496143',724,,1074,54,0,5,0
3019,'1496145',1754,,1076,54,0,5,0
3019,'1496147',1324,,1078,54,0,5,0
3019,'1496148',1024,,1079,54,0,5,0
3019,'1496149',1254,,1080,54,0,5,0
3019,'1496150',1354,,1081,54,0,5,0
3019,'1496152',824,,1083,54,0,5,0
3019,'1496156',954,,1087,54,0,5,0
3019,'1496157',1624,,1088,54,0,5,0
3019,'1496158',1424,,1089,54,0,5,0
3019,'1496160',1724,,1091,54,0,5,0
3019,'1496161',1154,,1092,54,0,5,0
3019,'1496162',1524,,1093,54,0,5,0
3019,'1496166',1554,,1097,54,0,5,0
3019,'1496169',924,,1100,54,0,5,0
3019,'1496172',624,,1103,23,0,5,0
3019,'1496375',854,,1106,54,0,5,0
3019,'1496376',1054,,1107,54,0,5,0
3019,'1496379',2124,,1110,54,0,5,0
3019,'1496383',2224,,1114,54,0,5,0
3019,'1496384',1124,,1115,54,0,5,0
3019,'1496387',1654,,1118,54,0,5,0
3019,'1496389',2319,,1120,54,0,5,0
3019,'1496390',1454,,1121,54,0,5,0
3019,'1496391',1924,,1122,54,0,5,0
3019,'1496393',1224,,1124,54,0,5,0
3019,'1496394',754,,1125,54,0,5,0
3019,'1496397',2024,,1128,54,0,5,0
3019,'1496399',724,,1130,54,0,5,0
3019,'1496401',1754,,1132,54,0,5,0
3019,'1496403',1324,,1134,54,0,5,0
3019,'1496405',1824,,1136,54,0,5,0
3019,'1496406',1024,,1137,54,0,5,0
3019,'1496407',1254,,1138,54,0,5,0
3019,'1496408',1354,,1139,54,0,5,0
3019,'1496410',824,,1141,54,0,5,0
3019,'1496414',954,,1145,54,0,5,0
3019,'1496415',1624,,1146,54,0,5,0
3019,'1496416',1424,,1147,54,0,5,0
3019,'1496418',1724,,1149,54,0,5,0
3019,'1496419',1154,,1150,54,0,5,0
3019,'1496420',1524,,1151,54,0,5,0
3019,'1496424',1554,,1155,54,0,5,0
3019,'1496428',924,,1159,54,0,5,0
3019,'1496433',624,,1164,23,0,5,0
3019,'1496454',1724,,1167,54,0,5,0
3019,'1496456',2224,,1169,54,0,5,0
3019,'1496461',1924,,1174,54,0,5,0
3019,'1496462',1424,,1175,54,0,5,0
3019,'1496464',2024,,1177,54,0,5,0
3019,'1496466',2320,,1179,54,0,5,0
3019,'1496470',1824,,1183,54,0,5,0
3019,'1496471',724,,1184,54,0,5,0
3019,'1496472',924,,1185,54,0,5,0
3019,'1496476',1024,,1189,54,0,5,0
3019,'1496477',1324,,1190,54,0,5,0
3019,'1496478',1624,,1191,54,0,5,0
3019,'1496480',1124,,1193,54,0,5,0
3019,'1496481',1524,,1194,54,0,5,0
3019,'1496482',2124,,1195,54,0,5,0
3019,'1496483',824,,1196,54,0,5,0
3019,'1496485',1224,,1198,54,0,5,0
3019,'1496628',1724,,1204,54,0,5,0
3019,'1496630',2224,,1206,54,0,5,0
3019,'1496634',1924,,1210,54,0,5,0
3019,'1496635',1424,,1211,54,0,5,0
3019,'1496637',2024,,1213,54,0,5,0
3019,'1496639',2320,,1215,54,0,5,0
3019,'1496643',1824,,1219,54,0,5,0
3019,'1496644',924,,1220,54,0,5,0
3019,'1496648',1024,,1224,54,0,5,0
3019,'1496649',1324,,1225,54,0,5,0
3019,'1496650',1624,,1226,54,0,5,0
3019,'1496652',1124,,1228,54,0,5,0
3019,'1496653',1524,,1229,54,0,5,0
3019,'1496654',2124,,1230,54,0,5,0
3019,'1496655',824,,1231,54,0,5,0
3019,'1496657',1224,,1233,54,0,5,0
