2029,'1488850',626,,970,19,,,0
2029,'1496221',655,,971,79,,,0
2029,'1496281',655,,972,79,,,0
2029,'1497044',956,,973,116,,,0
2029,'1497045',1456,,974,116,,,0
2029,'1497046',1256,,975,116,,,0
2029,'1497047',1326,,976,116,,,0
2029,'1497048',1626,,977,116,,,0
2029,'1497049',1026,,978,116,,,0
2029,'1497050',856,,979,116,,,0
2029,'1497051',1656,,980,116,,,0
2029,'1497052',1526,,981,116,,,0
2029,'1497053',1126,,982,116,,,0
2029,'1497054',756,,983,116,,,0
2029,'1497055',1356,,984,116,,,0
2029,'1497056',1726,,985,116,,,0
2029,'1497057',1556,,986,116,,,0
2029,'1497058',1426,,987,116,,,0
2029,'1497059',826,,988,116,,,0
2029,'1497060',1756,,989,116,,,0
2029,'1497061',1056,,990,116,,,0
2029,'1497062',926,,991,116,,,0
2029,'1497063',1226,,992,116,,,0
2029,'1497064',1156,,993,116,,,0
2029,'1497065',1826,,994,116,,,0
2029,'1497066',2056,,995,116,,,0
2029,'1497067',956,,996,116,,,0
2029,'1497068',1456,,997,116,,,0
2029,'1497069',1256,,998,116,,,0
2029,'1497070',1856,,999,116,,,0
2029,'1497071',1326,,1000,116,,,0
2029,'1497072',1626,,1001,116,,,0
2029,'1497073',1026,,1002,116,,,0
2029,'1497074',2256,,1003,116,,,0
2029,'1497075',856,,1004,116,,,0
2029,'1497076',1656,,1005,116,,,0
2029,'1497077',1526,,1006,116,,,0
2029,'1497078',2349,,1007,116,,,0
2029,'1497079',1126,,1008,116,,,0
2029,'1497080',756,,1009,116,,,0
2029,'1497081',1356,,1010,116,,,0
2029,'1497082',1956,,1011,116,,,0
2029,'1497083',1726,,1012,116,,,0
2029,'1497084',1556,,1013,116,,,0
2029,'1497085',1426,,1014,116,,,0
2029,'1497086',826,,1015,116,,,0
2029,'1497087',1756,,1016,116,,,0
2029,'1497088',1056,,1017,116,,,0
2029,'1497089',926,,1018,116,,,0
2029,'1497090',2156,,1019,116,,,0
2029,'1497091',1226,,1020,116,,,0
2029,'1497092',1156,,1021,116,,,0
2029,'1497093',1826,,1022,116,,,0
2029,'1497094',1756,,1023,116,,,0
2029,'1497095',1156,,1024,116,,,0
2029,'1497096',2256,,1025,116,,,0
2029,'1497097',2349,,1026,116,,,0
2029,'1497098',1056,,1027,116,,,0
2029,'1497099',2056,,1028,116,,,0
2029,'1497100',956,,1029,116,,,0
2029,'1497101',1556,,1030,116,,,0
2029,'1497102',2156,,1031,116,,,0
2029,'1497103',1856,,1032,116,,,0
2029,'1497104',1256,,1033,116,,,0
2029,'1497105',1456,,1034,116,,,0
2029,'1497106',856,,1035,116,,,0
2029,'1497107',1356,,1036,116,,,0
2029,'1497108',1956,,1037,116,,,0
2029,'1497109',1656,,1038,116,,,0
2029,'1497110',756,,1039,116,,,0
2029,'1497111',1756,,1040,116,,,0
2029,'1497112',1156,,1041,116,,,0
2029,'1497113',2256,,1042,116,,,0
2029,'1497114',2349,,1043,116,,,0
2029,'1497115',1056,,1044,116,,,0
2029,'1497116',2056,,1045,116,,,0
2029,'1497117',956,,1046,116,,,0
2029,'1497118',1556,,1047,116,,,0
2029,'1497119',2156,,1048,116,,,0
2029,'1497120',1856,,1049,116,,,0
2029,'1497121',1256,,1050,116,,,0
2029,'1497122',1456,,1051,116,,,0
2029,'1497123',856,,1052,116,,,0
2029,'1497124',1356,,1053,116,,,0
2029,'1497125',1956,,1054,116,,,0
2029,'1497126',1656,,1055,116,,,0
