1029,'1496065',1509,,792,71,,,0
1029,'1496066',1609,,793,71,,,0
1029,'1496068',1709,,794,71,,,0
1029,'1496070',809,,795,71,,,0
1029,'1496073',1109,,796,71,,,0
1029,'1496077',939,,797,71,,,0
1029,'1496078',1739,,798,71,,,0
1029,'1496079',1639,,799,71,,,0
1029,'1496081',1239,,800,71,,,0
1029,'1496082',1309,,801,71,,,0
1029,'1496083',1439,,802,71,,,0
1029,'1496084',1039,,803,71,,,0
1029,'1496086',739,,804,71,,,0
1029,'1496088',1809,,805,71,,,0
1029,'1496092',1409,,806,71,,,0
1029,'1496094',1009,,807,71,,,0
1029,'1496096',1209,,808,71,,,0
1029,'1496098',909,,809,71,,,0
1029,'1496101',839,,810,71,,,0
1029,'1496105',1539,,811,71,,,0
1029,'1496106',1339,,812,71,,,0
1029,'1496108',1139,,813,71,,,0
1029,'1496111',641,,814,26,,,0
1029,'1496294',1509,,815,71,,,0
1029,'1496295',1609,,816,71,,,0
1029,'1496297',1709,,817,71,,,0
1029,'1496299',809,,818,71,,,0
1029,'1496300',2139,,819,71,,,0
1029,'1496304',1109,,820,71,,,0
1029,'1496309',2039,,821,71,,,0
1029,'1496310',939,,822,71,,,0
1029,'1496311',1739,,823,71,,,0
1029,'1496312',1639,,824,71,,,0
1029,'1496316',1839,,825,71,,,0
1029,'1496317',1239,,826,71,,,0
1029,'1496318',1309,,827,71,,,0
1029,'1496319',1439,,828,71,,,0
1029,'1496320',1039,,829,71,,,0
1029,'1496322',739,,830,71,,,0
1029,'1496324',1909,,831,71,,,0
1029,'1496325',1809,,832,71,,,0
1029,'1496329',1409,,833,71,,,0
1029,'1496332',1009,,834,71,,,0
1029,'1496333',2239,,835,71,,,0
1029,'1496335',1209,,836,71,,,0
1029,'1496337',2339,,837,71,,,0
1029,'1496339',909,,838,71,,,0
1029,'1496342',839,,839,71,,,0
1029,'1496346',1539,,840,71,,,0
1029,'1496347',1339,,841,71,,,0
1029,'1496349',1139,,842,71,,,0
1029,'1496352',641,,843,26,,,0
1029,'1496354',1939,,844,71,,,0
1029,'1496527',1939,,845,71,,,0
1029,'1496528',2139,,846,71,,,0
1029,'1496533',1839,,847,71,,,0
1029,'1496534',2239,,848,71,,,0
1029,'1496535',1339,,849,71,,,0
1029,'1496537',1139,,850,71,,,0
1029,'1496539',1039,,851,71,,,0
1029,'1496540',2039,,852,71,,,0
1029,'1496542',739,,853,71,,,0
1029,'1496544',2339,,854,71,,,0
1029,'1496545',1539,,855,71,,,0
1029,'1496547',1639,,856,71,,,0
1029,'1496550',839,,857,71,,,0
1029,'1496551',1239,,858,71,,,0
1029,'1496552',939,,859,71,,,0
1029,'1496555',1739,,860,71,,,0
1029,'1496556',1439,,861,71,,,0
1029,'1496562',1939,,862,71,,,0
1029,'1496563',2139,,863,71,,,0
1029,'1496567',1839,,864,71,,,0
1029,'1496568',2239,,865,71,,,0
1029,'1496569',1339,,866,71,,,0
1029,'1496571',1139,,867,71,,,0
1029,'1496573',1039,,868,71,,,0
1029,'1496574',2039,,869,71,,,0
1029,'1496577',2339,,870,71,,,0
1029,'1496578',1539,,871,71,,,0
1029,'1496580',1639,,872,71,,,0
1029,'1496583',839,,873,71,,,0
1029,'1496584',1239,,874,71,,,0
1029,'1496585',939,,875,71,,,0
1029,'1496588',1739,,876,71,,,0
1029,'1496589',1439,,877,71,,,0
4019,'1496112',724,,1237,79,,,0
4019,'1496113',1124,,1238,79,,,0
4019,'1496114',924,,1239,79,,,0
4019,'1496115',1724,,1240,79,,,0
4019,'1496116',1024,,1241,79,,,0
4019,'1496117',1224,,1242,79,,,0
4019,'1496118',824,,1243,79,,,0
4019,'1496119',1624,,1244,79,,,0
4019,'1496120',1824,,1245,79,,,0
4019,'1496121',1424,,1246,79,,,0
4019,'1496122',1524,,1247,79,,,0
4019,'1496123',1324,,1248,79,,,0
4019,'1496124',624,,1249,45,,,0
4019,'1496355',724,,1250,79,,,0
4019,'1496356',2359,,1251,79,,,0
4019,'1496357',1124,,1252,79,,,0
4019,'1496358',924,,1253,79,,,0
4019,'1496359',2109,,1254,79,,,0
4019,'1496360',1724,,1255,79,,,0
4019,'1496361',1924,,1256,79,,,0
4019,'1496362',2209,,1257,79,,,0
4019,'1496363',1024,,1258,79,,,0
4019,'1496364',1224,,1259,79,,,0
4019,'1496365',2009,,1260,79,,,0
4019,'1496366',824,,1261,79,,,0
4019,'1496367',1624,,1262,79,,,0
4019,'1496368',1824,,1263,79,,,0
4019,'1496369',1424,,1264,79,,,0
4019,'1496370',1524,,1265,79,,,0
4019,'1496371',2309,,1266,79,,,0
4019,'1496372',1324,,1267,79,,,0
4019,'1496373',624,,1268,45,,,0
4019,'1496435',909,,1269,79,,,0
4019,'1496436',809,,1270,79,,,0
4019,'1496437',1709,,1271,79,,,0
4019,'1496438',2309,,1272,79,,,0
4019,'1496439',1809,,1273,79,,,0
4019,'1496440',1509,,1274,79,,,0
4019,'1496441',2209,,1275,79,,,0
4019,'1496442',1109,,1276,79,,,0
4019,'1496443',2009,,1277,79,,,0
4019,'1496444',1609,,1278,79,,,0
4019,'1496445',1009,,1279,79,,,0
4019,'1496446',1909,,1280,79,,,0
4019,'1496447',1409,,1281,79,,,0
4019,'1496448',709,,1282,79,,,0
4019,'1496449',2109,,1283,79,,,0
4019,'1496450',1209,,1284,79,,,0
4019,'1496451',1309,,1285,79,,,0
4019,'1496452',2359,,1286,79,,,0
4019,'1496661',909,,1287,79,,,0
4019,'1496662',809,,1288,79,,,0
4019,'1496663',1709,,1289,79,,,0
4019,'1496664',2309,,1290,79,,,0
4019,'1496665',1809,,1291,79,,,0
4019,'1496666',1509,,1292,79,,,0
4019,'1496667',2209,,1293,79,,,0
4019,'1496668',1109,,1294,79,,,0
4019,'1496669',2009,,1295,79,,,0
4019,'1496670',1609,,1296,79,,,0
4019,'1496671',1009,,1297,79,,,0
4019,'1496672',1909,,1298,79,,,0
4019,'1496673',1409,,1299,79,,,0
4019,'1496674',2109,,1300,79,,,0
4019,'1496675',1209,,1301,79,,,0
4019,'1496676',1309,,1302,79,,,0
4019,'1496677',2359,,1303,79,,,0
