2029,'1488850',621,,970,8,,,0
2029,'1496221',650,,971,68,,,0
2029,'1496281',650,,972,68,,,0
2029,'1497044',951,,973,105,,,0
2029,'1497045',1451,,974,105,,,0
2029,'1497046',1251,,975,105,,,0
2029,'1497047',1321,,976,105,,,0
2029,'1497048',1621,,977,105,,,0
2029,'1497049',1021,,978,105,,,0
2029,'1497050',851,,979,105,,,0
2029,'1497051',1651,,980,105,,,0
2029,'1497052',1521,,981,105,,,0
2029,'1497053',1121,,982,105,,,0
2029,'1497054',751,,983,105,,,0
2029,'1497055',1351,,984,105,,,0
2029,'1497056',1721,,985,105,,,0
2029,'1497057',1551,,986,105,,,0
2029,'1497058',1421,,987,105,,,0
2029,'1497059',821,,988,105,,,0
2029,'1497060',1751,,989,105,,,0
2029,'1497061',1051,,990,105,,,0
2029,'1497062',921,,991,105,,,0
2029,'1497063',1221,,992,105,,,0
2029,'1497064',1151,,993,105,,,0
2029,'1497065',1821,,994,105,,,0
2029,'1497066',2051,,995,105,,,0
2029,'1497067',951,,996,105,,,0
2029,'1497068',1451,,997,105,,,0
2029,'1497069',1251,,998,105,,,0
2029,'1497070',1851,,999,105,,,0
2029,'1497071',1321,,1000,105,,,0
2029,'1497072',1621,,1001,105,,,0
2029,'1497073',1021,,1002,105,,,0
2029,'1497074',2251,,1003,105,,,0
2029,'1497075',851,,1004,105,,,0
2029,'1497076',1651,,1005,105,,,0
2029,'1497077',1521,,1006,105,,,0
2029,'1497078',2345,,1007,105,,,0
2029,'1497079',1121,,1008,105,,,0
2029,'1497080',751,,1009,105,,,0
2029,'1497081',1351,,1010,105,,,0
2029,'1497082',1951,,1011,105,,,0
2029,'1497083',1721,,1012,105,,,0
2029,'1497084',1551,,1013,105,,,0
2029,'1497085',1421,,1014,105,,,0
2029,'1497086',821,,1015,105,,,0
2029,'1497087',1751,,1016,105,,,0
2029,'1497088',1051,,1017,105,,,0
2029,'1497089',921,,1018,105,,,0
2029,'1497090',2151,,1019,105,,,0
2029,'1497091',1221,,1020,105,,,0
2029,'1497092',1151,,1021,105,,,0
2029,'1497093',1821,,1022,105,,,0
2029,'1497094',1751,,1023,105,,,0
2029,'1497095',1151,,1024,105,,,0
2029,'1497096',2251,,1025,105,,,0
2029,'1497097',2345,,1026,105,,,0
2029,'1497098',1051,,1027,105,,,0
2029,'1497099',2051,,1028,105,,,0
2029,'1497100',951,,1029,105,,,0
2029,'1497101',1551,,1030,105,,,0
2029,'1497102',2151,,1031,105,,,0
2029,'1497103',1851,,1032,105,,,0
2029,'1497104',1251,,1033,105,,,0
2029,'1497105',1451,,1034,105,,,0
2029,'1497106',851,,1035,105,,,0
2029,'1497107',1351,,1036,105,,,0
2029,'1497108',1951,,1037,105,,,0
2029,'1497109',1651,,1038,105,,,0
2029,'1497110',751,,1039,105,,,0
2029,'1497111',1751,,1040,105,,,0
2029,'1497112',1151,,1041,105,,,0
2029,'1497113',2251,,1042,105,,,0
2029,'1497114',2345,,1043,105,,,0
2029,'1497115',1051,,1044,105,,,0
2029,'1497116',2051,,1045,105,,,0
2029,'1497117',951,,1046,105,,,0
2029,'1497118',1551,,1047,105,,,0
2029,'1497119',2151,,1048,105,,,0
2029,'1497120',1851,,1049,105,,,0
2029,'1497121',1251,,1050,105,,,0
2029,'1497122',1451,,1051,105,,,0
2029,'1497123',851,,1052,105,,,0
2029,'1497124',1351,,1053,105,,,0
2029,'1497125',1951,,1054,105,,,0
2029,'1497126',1651,,1055,105,,,0
