3019,'1496126',929,,1057,112,0,5,0
3019,'1496127',1129,,1058,112,0,5,0
3019,'1496132',1159,,1063,112,0,5,0
3019,'1496135',1729,,1066,112,0,5,0
3019,'1496137',1529,,1068,112,0,5,0
3019,'1496139',1259,,1070,112,0,5,0
3019,'1496140',829,,1071,112,0,5,0
3019,'1496143',759,,1074,112,0,5,0
3019,'1496145',1829,,1076,112,0,5,0
3019,'1496147',1359,,1078,112,0,5,0
3019,'1496148',1059,,1079,112,0,5,0
3019,'1496149',1329,,1080,112,0,5,0
3019,'1496150',1429,,1081,112,0,5,0
3019,'1496152',859,,1083,112,0,5,0
3019,'1496156',1029,,1087,112,0,5,0
3019,'1496157',1659,,1088,112,0,5,0
3019,'1496158',1459,,1089,112,0,5,0
3019,'1496160',1759,,1091,112,0,5,0
3019,'1496161',1229,,1092,112,0,5,0
3019,'1496162',1559,,1093,112,0,5,0
3019,'1496163',629,,1094,34,0,5,0
3019,'1496166',1629,,1097,112,0,5,0
3019,'1496169',959,,1100,112,0,5,0
3019,'1496172',659,,1103,81,0,5,0
3019,'1496375',929,,1106,112,0,5,0
3019,'1496376',1129,,1107,112,0,5,0
3019,'1496379',2159,,1110,112,0,5,0
3019,'1496383',2259,,1114,112,0,5,0
3019,'1496384',1159,,1115,112,0,5,0
3019,'1496387',1729,,1118,112,0,5,0
3019,'1496389',2349,,1120,112,0,5,0
3019,'1496390',1529,,1121,112,0,5,0
3019,'1496391',1959,,1122,112,0,5,0
3019,'1496393',1259,,1124,112,0,5,0
3019,'1496394',829,,1125,112,0,5,0
3019,'1496397',2059,,1128,112,0,5,0
3019,'1496399',759,,1130,112,0,5,0
3019,'1496401',1829,,1132,112,0,5,0
3019,'1496403',1359,,1134,112,0,5,0
3019,'1496405',1859,,1136,112,0,5,0
3019,'1496406',1059,,1137,112,0,5,0
3019,'1496407',1329,,1138,112,0,5,0
3019,'1496408',1429,,1139,112,0,5,0
3019,'1496410',859,,1141,112,0,5,0
3019,'1496414',1029,,1145,112,0,5,0
3019,'1496415',1659,,1146,112,0,5,0
3019,'1496416',1459,,1147,112,0,5,0
3019,'1496418',1759,,1149,112,0,5,0
3019,'1496419',1229,,1150,112,0,5,0
3019,'1496420',1559,,1151,112,0,5,0
3019,'1496421',629,,1152,34,0,5,0
3019,'1496424',1629,,1155,112,0,5,0
3019,'1496428',959,,1159,112,0,5,0
3019,'1496433',659,,1164,81,0,5,0
3019,'1496454',1759,,1167,112,0,5,0
3019,'1496456',2259,,1169,112,0,5,0
3019,'1496461',1959,,1174,112,0,5,0
3019,'1496462',1459,,1175,112,0,5,0
3019,'1496464',2059,,1177,112,0,5,0
3019,'1496466',2349,,1179,112,0,5,0
3019,'1496470',1859,,1183,112,0,5,0
3019,'1496471',759,,1184,112,0,5,0
3019,'1496472',959,,1185,112,0,5,0
3019,'1496476',1059,,1189,112,0,5,0
3019,'1496477',1359,,1190,112,0,5,0
3019,'1496478',1659,,1191,112,0,5,0
3019,'1496480',1159,,1193,112,0,5,0
3019,'1496481',1559,,1194,112,0,5,0
3019,'1496482',2159,,1195,112,0,5,0
3019,'1496483',859,,1196,112,0,5,0
3019,'1496485',1259,,1198,112,0,5,0
3019,'1496489',629,,1202,34,0,5,0
3019,'1496628',1759,,1204,112,0,5,0
3019,'1496630',2259,,1206,112,0,5,0
3019,'1496634',1959,,1210,112,0,5,0
3019,'1496635',1459,,1211,112,0,5,0
3019,'1496637',2059,,1213,112,0,5,0
3019,'1496639',2349,,1215,112,0,5,0
3019,'1496643',1859,,1219,112,0,5,0
3019,'1496644',959,,1220,112,0,5,0
3019,'1496648',1059,,1224,112,0,5,0
3019,'1496649',1359,,1225,112,0,5,0
3019,'1496650',1659,,1226,112,0,5,0
3019,'1496652',1159,,1228,112,0,5,0
3019,'1496653',1559,,1229,112,0,5,0
3019,'1496654',2159,,1230,112,0,5,0
3019,'1496655',859,,1231,112,0,5,0
3019,'1496657',1259,,1233,112,0,5,0
3019,'1496660',729,,1236,34,0,5,0
