4019,'1496112',704,,1237,53,,,0
4019,'1496113',1104,,1238,53,,,0
4019,'1496114',904,,1239,53,,,0
4019,'1496115',1704,,1240,53,,,0
4019,'1496116',1004,,1241,53,,,0
4019,'1496117',1204,,1242,53,,,0
4019,'1496118',804,,1243,53,,,0
4019,'1496119',1604,,1244,53,,,0
4019,'1496120',1804,,1245,53,,,0
4019,'1496121',1404,,1246,53,,,0
4019,'1496122',1504,,1247,53,,,0
4019,'1496123',1304,,1248,53,,,0
4019,'1496124',604,,1249,19,,,0
4019,'1496355',704,,1250,53,,,0
4019,'1496356',2344,,1251,53,,,0
4019,'1496357',1104,,1252,53,,,0
4019,'1496358',904,,1253,53,,,0
4019,'1496359',2049,,1254,53,,,0
4019,'1496360',1704,,1255,53,,,0
4019,'1496361',1904,,1256,53,,,0
4019,'1496362',2149,,1257,53,,,0
4019,'1496363',1004,,1258,53,,,0
4019,'1496364',1204,,1259,53,,,0
4019,'1496365',1949,,1260,53,,,0
4019,'1496366',804,,1261,53,,,0
4019,'1496367',1604,,1262,53,,,0
4019,'1496368',1804,,1263,53,,,0
4019,'1496369',1404,,1264,53,,,0
4019,'1496370',1504,,1265,53,,,0
4019,'1496371',2249,,1266,53,,,0
4019,'1496372',1304,,1267,53,,,0
4019,'1496373',604,,1268,19,,,0
4019,'1496435',849,,1269,53,,,0
4019,'1496436',749,,1270,53,,,0
4019,'1496437',1649,,1271,53,,,0
4019,'1496438',2249,,1272,53,,,0
4019,'1496439',1749,,1273,53,,,0
4019,'1496440',1449,,1274,53,,,0
4019,'1496441',2149,,1275,53,,,0
4019,'1496442',1049,,1276,53,,,0
4019,'1496443',1949,,1277,53,,,0
4019,'1496444',1549,,1278,53,,,0
4019,'1496445',949,,1279,53,,,0
4019,'1496446',1849,,1280,53,,,0
4019,'1496447',1349,,1281,53,,,0
4019,'1496448',649,,1282,53,,,0
4019,'1496449',2049,,1283,53,,,0
4019,'1496450',1149,,1284,53,,,0
4019,'1496451',1249,,1285,53,,,0
4019,'1496452',2344,,1286,53,,,0
4019,'1496661',849,,1287,53,,,0
4019,'1496662',749,,1288,53,,,0
4019,'1496663',1649,,1289,53,,,0
4019,'1496664',2249,,1290,53,,,0
4019,'1496665',1749,,1291,53,,,0
4019,'1496666',1449,,1292,53,,,0
4019,'1496667',2149,,1293,53,,,0
4019,'1496668',1049,,1294,53,,,0
4019,'1496669',1949,,1295,53,,,0
4019,'1496670',1549,,1296,53,,,0
4019,'1496671',949,,1297,53,,,0
4019,'1496672',1849,,1298,53,,,0
4019,'1496673',1349,,1299,53,,,0
4019,'1496674',2049,,1300,53,,,0
4019,'1496675',1149,,1301,53,,,0
4019,'1496676',1249,,1302,53,,,0
4019,'1496677',2344,,1303,53,,,0
