2019,'1496174',1252,,878,74,,,0
2019,'1496175',1422,,879,74,,,0
2019,'1496179',1352,,880,74,,,0
2019,'1496181',1522,,881,74,,,0
2019,'1496183',1022,,882,74,,,0
2019,'1496184',1552,,883,74,,,0
2019,'1496185',952,,884,74,,,0
2019,'1496187',1152,,885,74,,,0
2019,'1496188',922,,886,74,,,0
2019,'1496189',852,,887,74,,,0
2019,'1496191',1052,,888,74,,,0
2019,'1496194',1622,,889,74,,,0
2019,'1496198',752,,890,74,,,0
2019,'1496200',1752,,891,74,,,0
2019,'1496204',1452,,892,74,,,0
2019,'1496206',1122,,893,74,,,0
2019,'1496208',1222,,894,74,,,0
2019,'1496209',1652,,895,74,,,0
2019,'1496210',1822,,896,74,,,0
2019,'1496211',1722,,897,74,,,0
2019,'1496215',822,,898,74,,,0
2019,'1496216',1322,,899,74,,,0
2019,'1496218',722,,900,74,,,0
2019,'1496220',622,,902,42,,,0
2019,'1496223',2307,,903,74,,,0
2019,'1496224',1252,,904,74,,,0
2019,'1496225',1422,,905,74,,,0
2019,'1496227',2207,,906,74,,,0
2019,'1496228',1907,,907,74,,,0
2019,'1496232',1352,,908,74,,,0
2019,'1496234',1522,,909,74,,,0
2019,'1496236',1022,,910,74,,,0
2019,'1496237',1552,,911,74,,,0
2019,'1496238',952,,912,74,,,0
2019,'1496240',1152,,913,74,,,0
2019,'1496242',922,,914,74,,,0
2019,'1496243',852,,915,74,,,0
2019,'1496245',1052,,916,74,,,0
2019,'1496248',1622,,917,74,,,0
2019,'1496253',2107,,918,74,,,0
2019,'1496255',752,,919,74,,,0
2019,'1496257',1752,,920,74,,,0
2019,'1496262',1452,,922,74,,,0
2019,'1496264',1122,,923,74,,,0
2019,'1496266',1222,,924,74,,,0
2019,'1496267',1652,,925,74,,,0
2019,'1496268',1822,,926,74,,,0
2019,'1496269',1722,,927,74,,,0
2019,'1496274',822,,928,74,,,0
2019,'1496275',1322,,929,74,,,0
2019,'1496277',722,,930,74,,,0
2019,'1496279',622,,932,52,,,0
2019,'1496280',2007,,933,74,,,0
2019,'1496490',1807,,934,74,,,0
2019,'1496491',2207,,935,74,,,0
2019,'1496492',1407,,936,74,,,0
2019,'1496494',1207,,937,74,,,0
2019,'1496495',1507,,938,74,,,0
2019,'1496498',2107,,939,74,,,0
2019,'1496499',807,,940,74,,,0
2019,'1496505',1307,,941,74,,,0
2019,'1496507',2307,,942,74,,,0
2019,'1496510',1607,,943,74,,,0
2019,'1496511',1907,,944,74,,,0
2019,'1496512',1107,,945,74,,,0
2019,'1496516',1007,,946,74,,,0
2019,'1496518',907,,947,74,,,0
2019,'1496520',1707,,948,74,,,0
2019,'1496521',2007,,949,74,,,0
2019,'1496523',707,,950,74,,,0
2019,'1496524',637,,951,42,,,0
2019,'1496594',1807,,953,74,,,0
2019,'1496595',2207,,954,74,,,0
2019,'1496596',1407,,955,74,,,0
2019,'1496598',1207,,956,74,,,0
2019,'1496599',1507,,957,74,,,0
2019,'1496602',2107,,958,74,,,0
2019,'1496603',807,,959,74,,,0
2019,'1496609',1307,,960,74,,,0
2019,'1496613',1607,,961,74,,,0
2019,'1496614',1907,,962,74,,,0
2019,'1496615',1107,,963,74,,,0
2019,'1496619',1007,,964,74,,,0
2019,'1496621',907,,965,74,,,0
2019,'1496623',1707,,966,74,,,0
2019,'1496624',2007,,967,74,,,0
2019,'1496625',737,,968,42,,,0
