3019,'1496125',1648,,1056,117,,,0
3019,'1496128',1818,,1059,117,,,0
3019,'1496129',948,,1060,117,,,0
3019,'1496130',818,,1061,117,,,0
3019,'1496131',1718,,1062,117,,,0
3019,'1496133',1248,,1064,117,,,0
3019,'1496134',1218,,1065,117,,,0
3019,'1496136',848,,1067,117,,,0
3019,'1496138',1018,,1069,117,,,0
3019,'1496141',1448,,1072,117,,,0
3019,'1496142',1418,,1073,117,,,0
3019,'1496144',1548,,1075,117,,,0
3019,'1496146',1348,,1077,117,,,0
3019,'1496151',918,,1082,117,,,0
3019,'1496153',1848,,1084,117,,,0
3019,'1496154',1518,,1085,117,,,0
3019,'1496155',1118,,1086,117,,,0
3019,'1496159',1148,,1090,117,,,0
3019,'1496164',1318,,1095,117,,,0
3019,'1496165',1748,,1096,117,,,0
3019,'1496167',1048,,1098,117,,,0
3019,'1496168',1618,,1099,117,,,0
3019,'1496170',618,,1101,27,,,0
3019,'1496171',648,,1102,61,,,0
3019,'1496173',748,,1104,117,,,0
3019,'1496374',1648,,1105,117,,,0
3019,'1496377',1818,,1108,117,,,0
3019,'1496378',2133,,1109,117,,,0
3019,'1496380',948,,1111,117,,,0
3019,'1496381',818,,1112,117,,,0
3019,'1496382',1718,,1113,117,,,0
3019,'1496385',1248,,1116,117,,,0
3019,'1496386',1218,,1117,117,,,0
3019,'1496388',848,,1119,117,,,0
3019,'1496392',1018,,1123,117,,,0
3019,'1496395',2333,,1126,117,,,0
3019,'1496396',1448,,1127,117,,,0
3019,'1496398',1418,,1129,117,,,0
3019,'1496400',1548,,1131,117,,,0
3019,'1496402',1348,,1133,117,,,0
3019,'1496404',2233,,1135,117,,,0
3019,'1496409',918,,1140,117,,,0
3019,'1496411',1848,,1142,117,,,0
3019,'1496412',1518,,1143,117,,,0
3019,'1496413',1118,,1144,117,,,0
3019,'1496417',1148,,1148,117,,,0
3019,'1496422',1318,,1153,117,,,0
3019,'1496423',1748,,1154,117,,,0
3019,'1496425',1048,,1156,117,,,0
3019,'1496426',1618,,1157,117,,,0
3019,'1496427',1933,,1158,117,,,0
3019,'1496430',618,,1161,27,,,0
3019,'1496431',648,,1162,61,,,0
3019,'1496432',2033,,1163,117,,,0
3019,'1496434',748,,1165,117,,,0
3019,'1496453',833,,1166,117,,,0
3019,'1496455',1533,,1168,117,,,0
3019,'1496457',933,,1170,117,,,0
3019,'1496458',1233,,1171,117,,,0
3019,'1496459',2333,,1172,117,,,0
3019,'1496460',1933,,1173,117,,,0
3019,'1496463',1433,,1176,117,,,0
3019,'1496465',2033,,1178,117,,,0
3019,'1496467',1733,,1180,117,,,0
3019,'1496468',1033,,1181,117,,,0
3019,'1496469',1333,,1182,117,,,0
3019,'1496473',2233,,1186,117,,,0
3019,'1496474',1833,,1187,117,,,0
3019,'1496475',1133,,1188,117,,,0
3019,'1496479',1633,,1192,117,,,0
3019,'1496484',2133,,1197,117,,,0
3019,'1496486',703,,1199,61,,,0
3019,'1496488',733,,1201,117,,,0
3019,'1496627',833,,1203,117,,,0
3019,'1496629',1533,,1205,117,,,0
3019,'1496631',933,,1207,117,,,0
3019,'1496632',1233,,1208,117,,,0
3019,'1496633',1933,,1209,117,,,0
3019,'1496636',1433,,1212,117,,,0
3019,'1496638',2033,,1214,117,,,0
3019,'1496640',1733,,1216,117,,,0
3019,'1496641',1033,,1217,117,,,0
3019,'1496642',1333,,1218,117,,,0
3019,'1496645',2233,,1221,117,,,0
3019,'1496646',1833,,1222,117,,,0
3019,'1496647',1133,,1223,117,,,0
3019,'1496651',1633,,1227,117,,,0
3019,'1496656',2133,,1232,117,,,0
3019,'1496658',803,,1234,61,,,0
