4019,'1496112',651,,1237,32,,,0
4019,'1496113',1051,,1238,32,,,0
4019,'1496114',851,,1239,32,,,0
4019,'1496115',1651,,1240,32,,,0
4019,'1496116',951,,1241,32,,,0
4019,'1496117',1151,,1242,32,,,0
4019,'1496118',751,,1243,32,,,0
4019,'1496119',1551,,1244,32,,,0
4019,'1496120',1751,,1245,32,,,0
4019,'1496121',1351,,1246,32,,,0
4019,'1496122',1451,,1247,32,,,0
4019,'1496123',1251,,1248,32,,,0
4019,'1496355',651,,1250,32,,,0
4019,'1496356',2333,,1251,32,,,0
4019,'1496357',1051,,1252,32,,,0
4019,'1496358',851,,1253,32,,,0
4019,'1496359',2036,,1254,32,,,0
4019,'1496360',1651,,1255,32,,,0
4019,'1496361',1851,,1256,32,,,0
4019,'1496362',2136,,1257,32,,,0
4019,'1496363',951,,1258,32,,,0
4019,'1496364',1151,,1259,32,,,0
4019,'1496365',1936,,1260,32,,,0
4019,'1496366',751,,1261,32,,,0
4019,'1496367',1551,,1262,32,,,0
4019,'1496368',1751,,1263,32,,,0
4019,'1496369',1351,,1264,32,,,0
4019,'1496370',1451,,1265,32,,,0
4019,'1496371',2236,,1266,32,,,0
4019,'1496372',1251,,1267,32,,,0
4019,'1496435',836,,1269,32,,,0
4019,'1496436',736,,1270,32,,,0
4019,'1496437',1636,,1271,32,,,0
4019,'1496438',2236,,1272,32,,,0
4019,'1496439',1736,,1273,32,,,0
4019,'1496440',1436,,1274,32,,,0
4019,'1496441',2136,,1275,32,,,0
4019,'1496442',1036,,1276,32,,,0
4019,'1496443',1936,,1277,32,,,0
4019,'1496444',1536,,1278,32,,,0
4019,'1496445',936,,1279,32,,,0
4019,'1496446',1836,,1280,32,,,0
4019,'1496447',1336,,1281,32,,,0
4019,'1496448',636,,1282,32,,,0
4019,'1496449',2036,,1283,32,,,0
4019,'1496450',1136,,1284,32,,,0
4019,'1496451',1236,,1285,32,,,0
4019,'1496452',2333,,1286,32,,,0
4019,'1496661',836,,1287,32,,,0
4019,'1496662',736,,1288,32,,,0
4019,'1496663',1636,,1289,32,,,0
4019,'1496664',2236,,1290,32,,,0
4019,'1496665',1736,,1291,32,,,0
4019,'1496666',1436,,1292,32,,,0
4019,'1496667',2136,,1293,32,,,0
4019,'1496668',1036,,1294,32,,,0
4019,'1496669',1936,,1295,32,,,0
4019,'1496670',1536,,1296,32,,,0
4019,'1496671',936,,1297,32,,,0
4019,'1496672',1836,,1298,32,,,0
4019,'1496673',1336,,1299,32,,,0
4019,'1496674',2036,,1300,32,,,0
4019,'1496675',1136,,1301,32,,,0
4019,'1496676',1236,,1302,32,,,0
4019,'1496677',2333,,1303,32,,,0
