2019,'1496174',1320,,878,119,,,0
2019,'1496175',1450,,879,119,,,0
2019,'1496179',1420,,880,119,,,0
2019,'1496181',1550,,881,119,,,0
2019,'1496183',1050,,882,119,,,0
2019,'1496184',1620,,883,119,,,0
2019,'1496185',1020,,884,119,,,0
2019,'1496187',1220,,885,119,,,0
2019,'1496188',950,,886,119,,,0
2019,'1496189',920,,887,119,,,0
2019,'1496191',1120,,888,119,,,0
2019,'1496194',1650,,889,119,,,0
2019,'1496198',820,,890,119,,,0
2019,'1496200',1820,,891,119,,,0
2019,'1496204',1520,,892,119,,,0
2019,'1496206',1150,,893,119,,,0
2019,'1496208',1250,,894,119,,,0
2019,'1496209',1720,,895,119,,,0
2019,'1496210',1850,,896,119,,,0
2019,'1496211',1750,,897,119,,,0
2019,'1496215',850,,898,119,,,0
2019,'1496216',1350,,899,119,,,0
2019,'1496218',750,,900,119,,,0
2019,'1496219',620,,901,33,,,0
2019,'1496220',650,,902,87,,,0
2019,'1496223',2335,,903,119,,,0
2019,'1496224',1320,,904,119,,,0
2019,'1496225',1450,,905,119,,,0
2019,'1496227',2235,,906,119,,,0
2019,'1496228',1935,,907,119,,,0
2019,'1496232',1420,,908,119,,,0
2019,'1496234',1550,,909,119,,,0
2019,'1496236',1050,,910,119,,,0
2019,'1496237',1620,,911,119,,,0
2019,'1496238',1020,,912,119,,,0
2019,'1496240',1220,,913,119,,,0
2019,'1496242',950,,914,119,,,0
2019,'1496243',920,,915,119,,,0
2019,'1496245',1120,,916,119,,,0
2019,'1496248',1650,,917,119,,,0
2019,'1496253',2135,,918,119,,,0
2019,'1496255',820,,919,119,,,0
2019,'1496257',1820,,920,119,,,0
2019,'1496262',1520,,922,119,,,0
2019,'1496264',1150,,923,119,,,0
2019,'1496266',1250,,924,119,,,0
2019,'1496267',1720,,925,119,,,0
2019,'1496268',1850,,926,119,,,0
2019,'1496269',1750,,927,119,,,0
2019,'1496274',850,,928,119,,,0
2019,'1496275',1350,,929,119,,,0
2019,'1496277',750,,930,119,,,0
2019,'1496278',620,,931,33,,,0
2019,'1496279',650,,932,97,,,0
2019,'1496280',2035,,933,119,,,0
2019,'1496490',1835,,934,119,,,0
2019,'1496491',2235,,935,119,,,0
2019,'1496492',1435,,936,119,,,0
2019,'1496494',1235,,937,119,,,0
2019,'1496495',1535,,938,119,,,0
2019,'1496498',2135,,939,119,,,0
2019,'1496499',835,,940,119,,,0
2019,'1496505',1335,,941,119,,,0
2019,'1496507',2335,,942,119,,,0
2019,'1496510',1635,,943,119,,,0
2019,'1496511',1935,,944,119,,,0
2019,'1496512',1135,,945,119,,,0
2019,'1496516',1035,,946,119,,,0
2019,'1496518',935,,947,119,,,0
2019,'1496520',1735,,948,119,,,0
2019,'1496521',2035,,949,119,,,0
2019,'1496523',735,,950,119,,,0
2019,'1496524',705,,951,87,,,0
2019,'1496594',1835,,953,119,,,0
2019,'1496595',2235,,954,119,,,0
2019,'1496596',1435,,955,119,,,0
2019,'1496598',1235,,956,119,,,0
2019,'1496599',1535,,957,119,,,0
2019,'1496602',2135,,958,119,,,0
2019,'1496603',835,,959,119,,,0
2019,'1496609',1335,,960,119,,,0
2019,'1496613',1635,,961,119,,,0
2019,'1496614',1935,,962,119,,,0
2019,'1496615',1135,,963,119,,,0
2019,'1496619',1035,,964,119,,,0
2019,'1496621',935,,965,119,,,0
2019,'1496623',1735,,966,119,,,0
2019,'1496624',2035,,967,119,,,0
2019,'1496625',805,,968,87,,,0
3019,'1496125',1650,,1056,121,,,0
3019,'1496128',1820,,1059,121,,,0
3019,'1496129',950,,1060,121,,,0
3019,'1496130',820,,1061,121,,,0
3019,'1496131',1720,,1062,121,,,0
3019,'1496133',1250,,1064,121,,,0
3019,'1496134',1220,,1065,121,,,0
3019,'1496136',850,,1067,121,,,0
3019,'1496138',1020,,1069,121,,,0
3019,'1496141',1450,,1072,121,,,0
3019,'1496142',1420,,1073,121,,,0
3019,'1496144',1550,,1075,121,,,0
3019,'1496146',1350,,1077,121,,,0
3019,'1496151',920,,1082,121,,,0
3019,'1496153',1850,,1084,121,,,0
3019,'1496154',1520,,1085,121,,,0
3019,'1496155',1120,,1086,121,,,0
3019,'1496159',1150,,1090,121,,,0
3019,'1496164',1320,,1095,121,,,0
3019,'1496165',1750,,1096,121,,,0
3019,'1496167',1050,,1098,121,,,0
3019,'1496168',1620,,1099,121,,,0
3019,'1496170',620,,1101,31,,,0
3019,'1496171',650,,1102,65,,,0
3019,'1496173',750,,1104,121,,,0
3019,'1496374',1650,,1105,121,,,0
3019,'1496377',1820,,1108,121,,,0
3019,'1496378',2135,,1109,121,,,0
3019,'1496380',950,,1111,121,,,0
3019,'1496381',820,,1112,121,,,0
3019,'1496382',1720,,1113,121,,,0
3019,'1496385',1250,,1116,121,,,0
3019,'1496386',1220,,1117,121,,,0
3019,'1496388',850,,1119,121,,,0
3019,'1496392',1020,,1123,121,,,0
3019,'1496395',2335,,1126,121,,,0
3019,'1496396',1450,,1127,121,,,0
3019,'1496398',1420,,1129,121,,,0
3019,'1496400',1550,,1131,121,,,0
3019,'1496402',1350,,1133,121,,,0
3019,'1496404',2235,,1135,121,,,0
3019,'1496409',920,,1140,121,,,0
3019,'1496411',1850,,1142,121,,,0
3019,'1496412',1520,,1143,121,,,0
3019,'1496413',1120,,1144,121,,,0
3019,'1496417',1150,,1148,121,,,0
3019,'1496422',1320,,1153,121,,,0
3019,'1496423',1750,,1154,121,,,0
3019,'1496425',1050,,1156,121,,,0
3019,'1496426',1620,,1157,121,,,0
3019,'1496427',1935,,1158,121,,,0
3019,'1496430',620,,1161,31,,,0
3019,'1496431',650,,1162,65,,,0
3019,'1496432',2035,,1163,121,,,0
3019,'1496434',750,,1165,121,,,0
3019,'1496453',835,,1166,121,,,0
3019,'1496455',1535,,1168,121,,,0
3019,'1496457',935,,1170,121,,,0
3019,'1496458',1235,,1171,121,,,0
3019,'1496459',2335,,1172,121,,,0
3019,'1496460',1935,,1173,121,,,0
3019,'1496463',1435,,1176,121,,,0
3019,'1496465',2035,,1178,121,,,0
3019,'1496467',1735,,1180,121,,,0
3019,'1496468',1035,,1181,121,,,0
3019,'1496469',1335,,1182,121,,,0
3019,'1496473',2235,,1186,121,,,0
3019,'1496474',1835,,1187,121,,,0
3019,'1496475',1135,,1188,121,,,0
3019,'1496479',1635,,1192,121,,,0
3019,'1496484',2135,,1197,121,,,0
3019,'1496486',705,,1199,65,,,0
3019,'1496488',735,,1201,121,,,0
3019,'1496627',835,,1203,121,,,0
3019,'1496629',1535,,1205,121,,,0
3019,'1496631',935,,1207,121,,,0
3019,'1496632',1235,,1208,121,,,0
3019,'1496633',1935,,1209,121,,,0
3019,'1496636',1435,,1212,121,,,0
3019,'1496638',2035,,1214,121,,,0
3019,'1496640',1735,,1216,121,,,0
3019,'1496641',1035,,1217,121,,,0
3019,'1496642',1335,,1218,121,,,0
3019,'1496645',2235,,1221,121,,,0
3019,'1496646',1835,,1222,121,,,0
3019,'1496647',1135,,1223,121,,,0
3019,'1496651',1635,,1227,121,,,0
3019,'1496656',2135,,1232,121,,,0
3019,'1496658',805,,1234,65,,,0
