3019,'1496126',906,,1057,72,0,5,0
3019,'1496127',1106,,1058,72,0,5,0
3019,'1496132',1136,,1063,72,0,5,0
3019,'1496135',1706,,1066,72,0,5,0
3019,'1496137',1506,,1068,72,0,5,0
3019,'1496139',1236,,1070,72,0,5,0
3019,'1496140',806,,1071,72,0,5,0
3019,'1496143',736,,1074,72,0,5,0
3019,'1496145',1806,,1076,72,0,5,0
3019,'1496147',1336,,1078,72,0,5,0
3019,'1496148',1036,,1079,72,0,5,0
3019,'1496149',1306,,1080,72,0,5,0
3019,'1496150',1406,,1081,72,0,5,0
3019,'1496152',836,,1083,72,0,5,0
3019,'1496156',1006,,1087,72,0,5,0
3019,'1496157',1636,,1088,72,0,5,0
3019,'1496158',1436,,1089,72,0,5,0
3019,'1496160',1736,,1091,72,0,5,0
3019,'1496161',1206,,1092,72,0,5,0
3019,'1496162',1536,,1093,72,0,5,0
3019,'1496166',1606,,1097,72,0,5,0
3019,'1496169',936,,1100,72,0,5,0
3019,'1496172',636,,1103,41,0,5,0
3019,'1496375',906,,1106,72,0,5,0
3019,'1496376',1106,,1107,72,0,5,0
3019,'1496379',2136,,1110,72,0,5,0
3019,'1496383',2236,,1114,72,0,5,0
3019,'1496384',1136,,1115,72,0,5,0
3019,'1496387',1706,,1118,72,0,5,0
3019,'1496389',2329,,1120,72,0,5,0
3019,'1496390',1506,,1121,72,0,5,0
3019,'1496391',1936,,1122,72,0,5,0
3019,'1496393',1236,,1124,72,0,5,0
3019,'1496394',806,,1125,72,0,5,0
3019,'1496397',2036,,1128,72,0,5,0
3019,'1496399',736,,1130,72,0,5,0
3019,'1496401',1806,,1132,72,0,5,0
3019,'1496403',1336,,1134,72,0,5,0
3019,'1496405',1836,,1136,72,0,5,0
3019,'1496406',1036,,1137,72,0,5,0
3019,'1496407',1306,,1138,72,0,5,0
3019,'1496408',1406,,1139,72,0,5,0
3019,'1496410',836,,1141,72,0,5,0
3019,'1496414',1006,,1145,72,0,5,0
3019,'1496415',1636,,1146,72,0,5,0
3019,'1496416',1436,,1147,72,0,5,0
3019,'1496418',1736,,1149,72,0,5,0
3019,'1496419',1206,,1150,72,0,5,0
3019,'1496420',1536,,1151,72,0,5,0
3019,'1496424',1606,,1155,72,0,5,0
3019,'1496428',936,,1159,72,0,5,0
3019,'1496433',636,,1164,41,0,5,0
3019,'1496454',1736,,1167,72,0,5,0
3019,'1496456',2236,,1169,72,0,5,0
3019,'1496461',1936,,1174,72,0,5,0
3019,'1496462',1436,,1175,72,0,5,0
3019,'1496464',2036,,1177,72,0,5,0
3019,'1496466',2329,,1179,72,0,5,0
3019,'1496470',1836,,1183,72,0,5,0
3019,'1496471',736,,1184,72,0,5,0
3019,'1496472',936,,1185,72,0,5,0
3019,'1496476',1036,,1189,72,0,5,0
3019,'1496477',1336,,1190,72,0,5,0
3019,'1496478',1636,,1191,72,0,5,0
3019,'1496480',1136,,1193,72,0,5,0
3019,'1496481',1536,,1194,72,0,5,0
3019,'1496482',2136,,1195,72,0,5,0
3019,'1496483',836,,1196,72,0,5,0
3019,'1496485',1236,,1198,72,0,5,0
3019,'1496628',1736,,1204,72,0,5,0
3019,'1496630',2236,,1206,72,0,5,0
3019,'1496634',1936,,1210,72,0,5,0
3019,'1496635',1436,,1211,72,0,5,0
3019,'1496637',2036,,1213,72,0,5,0
3019,'1496639',2329,,1215,72,0,5,0
3019,'1496643',1836,,1219,72,0,5,0
3019,'1496644',936,,1220,72,0,5,0
3019,'1496648',1036,,1224,72,0,5,0
3019,'1496649',1336,,1225,72,0,5,0
3019,'1496650',1636,,1226,72,0,5,0
3019,'1496652',1136,,1228,72,0,5,0
3019,'1496653',1536,,1229,72,0,5,0
3019,'1496654',2136,,1230,72,0,5,0
3019,'1496655',836,,1231,72,0,5,0
3019,'1496657',1236,,1233,72,0,5,0
