1019,'1496067',724,,702,28,,,0
1019,'1496069',824,,703,28,,,0
1019,'1496071',1554,,704,28,,,0
1019,'1496072',1654,,705,28,,,0
1019,'1496074',754,,706,28,,,0
1019,'1496075',1454,,707,28,,,0
1019,'1496076',1254,,708,28,,,0
1019,'1496080',1354,,709,28,,,0
1019,'1496085',1054,,710,28,,,0
1019,'1496087',1324,,711,28,,,0
1019,'1496089',854,,712,28,,,0
1019,'1496090',1154,,713,28,,,0
1019,'1496091',954,,714,28,,,0
1019,'1496093',1754,,715,28,,,0
1019,'1496095',1024,,716,28,,,0
1019,'1496097',924,,717,28,,,0
1019,'1496099',1424,,718,28,,,0
1019,'1496100',1524,,719,28,,,0
1019,'1496102',654,,720,28,,,0
1019,'1496103',1224,,721,28,,,0
1019,'1496104',1124,,722,28,,,0
1019,'1496107',1724,,723,28,,,0
1019,'1496109',1624,,724,28,,,0
1019,'1496296',724,,726,28,,,0
1019,'1496298',824,,727,28,,,0
1019,'1496301',1554,,728,28,,,0
1019,'1496302',2139,,729,28,,,0
1019,'1496303',1654,,730,28,,,0
1019,'1496305',754,,731,28,,,0
1019,'1496306',1454,,732,28,,,0
1019,'1496307',1254,,733,28,,,0
1019,'1496308',1824,,734,28,,,0
1019,'1496313',1354,,735,28,,,0
1019,'1496314',1939,,736,28,,,0
1019,'1496315',2039,,737,28,,,0
1019,'1496321',1054,,738,28,,,0
1019,'1496323',1324,,739,28,,,0
1019,'1496326',854,,740,28,,,0
1019,'1496327',1154,,741,28,,,0
1019,'1496328',954,,742,28,,,0
1019,'1496330',2337,,743,28,,,0
1019,'1496331',1754,,744,28,,,0
1019,'1496334',1024,,745,28,,,0
1019,'1496336',924,,746,28,,,0
1019,'1496338',2239,,747,28,,,0
1019,'1496340',1424,,748,28,,,0
1019,'1496341',1524,,749,28,,,0
1019,'1496343',654,,750,28,,,0
1019,'1496344',1224,,751,28,,,0
1019,'1496345',1124,,752,28,,,0
1019,'1496348',1724,,753,28,,,0
1019,'1496350',1624,,754,28,,,0
1019,'1496353',1854,,756,28,,,0
1019,'1496526',1339,,757,28,,,0
1019,'1496529',1939,,758,28,,,0
1019,'1496530',739,,759,28,,,0
1019,'1496531',639,,760,28,,,0
1019,'1496532',2039,,761,28,,,0
1019,'1496536',1039,,762,28,,,0
1019,'1496538',1439,,763,28,,,0
1019,'1496541',1639,,764,28,,,0
1019,'1496543',1139,,765,28,,,0
1019,'1496546',2139,,766,28,,,0
1019,'1496548',1539,,767,28,,,0
1019,'1496549',1739,,768,28,,,0
1019,'1496553',939,,769,28,,,0
1019,'1496554',839,,770,28,,,0
1019,'1496557',1239,,771,28,,,0
1019,'1496558',1839,,772,28,,,0
1019,'1496559',2337,,773,28,,,0
1019,'1496560',2239,,774,28,,,0
1019,'1496561',1339,,775,28,,,0
1019,'1496564',1939,,776,28,,,0
1019,'1496565',739,,777,28,,,0
1019,'1496566',2039,,778,28,,,0
1019,'1496570',1039,,779,28,,,0
1019,'1496572',1439,,780,28,,,0
1019,'1496575',1639,,781,28,,,0
1019,'1496576',1139,,782,28,,,0
1019,'1496579',2139,,783,28,,,0
1019,'1496581',1539,,784,28,,,0
1019,'1496582',1739,,785,28,,,0
1019,'1496586',939,,786,28,,,0
1019,'1496587',839,,787,28,,,0
1019,'1496590',1239,,788,28,,,0
1019,'1496591',1839,,789,28,,,0
1019,'1496592',2337,,790,28,,,0
1019,'1496593',2239,,791,28,,,0
4019,'1496112',643,,1237,22,,,0
4019,'1496113',1043,,1238,22,,,0
4019,'1496114',843,,1239,22,,,0
4019,'1496115',1643,,1240,22,,,0
4019,'1496116',943,,1241,22,,,0
4019,'1496117',1143,,1242,22,,,0
4019,'1496118',743,,1243,22,,,0
4019,'1496119',1543,,1244,22,,,0
4019,'1496120',1743,,1245,22,,,0
4019,'1496121',1343,,1246,22,,,0
4019,'1496122',1443,,1247,22,,,0
4019,'1496123',1243,,1248,22,,,0
4019,'1496355',643,,1250,22,,,0
4019,'1496356',2326,,1251,22,,,0
4019,'1496357',1043,,1252,22,,,0
4019,'1496358',843,,1253,22,,,0
4019,'1496359',2028,,1254,22,,,0
4019,'1496360',1643,,1255,22,,,0
4019,'1496361',1843,,1256,22,,,0
4019,'1496362',2128,,1257,22,,,0
4019,'1496363',943,,1258,22,,,0
4019,'1496364',1143,,1259,22,,,0
4019,'1496365',1928,,1260,22,,,0
4019,'1496366',743,,1261,22,,,0
4019,'1496367',1543,,1262,22,,,0
4019,'1496368',1743,,1263,22,,,0
4019,'1496369',1343,,1264,22,,,0
4019,'1496370',1443,,1265,22,,,0
4019,'1496371',2228,,1266,22,,,0
4019,'1496372',1243,,1267,22,,,0
4019,'1496435',828,,1269,22,,,0
4019,'1496436',728,,1270,22,,,0
4019,'1496437',1628,,1271,22,,,0
4019,'1496438',2228,,1272,22,,,0
4019,'1496439',1728,,1273,22,,,0
4019,'1496440',1428,,1274,22,,,0
4019,'1496441',2128,,1275,22,,,0
4019,'1496442',1028,,1276,22,,,0
4019,'1496443',1928,,1277,22,,,0
4019,'1496444',1528,,1278,22,,,0
4019,'1496445',928,,1279,22,,,0
4019,'1496446',1828,,1280,22,,,0
4019,'1496447',1328,,1281,22,,,0
4019,'1496448',628,,1282,22,,,0
4019,'1496449',2028,,1283,22,,,0
4019,'1496450',1128,,1284,22,,,0
4019,'1496451',1228,,1285,22,,,0
4019,'1496452',2326,,1286,22,,,0
4019,'1496661',828,,1287,22,,,0
4019,'1496662',728,,1288,22,,,0
4019,'1496663',1628,,1289,22,,,0
4019,'1496664',2228,,1290,22,,,0
4019,'1496665',1728,,1291,22,,,0
4019,'1496666',1428,,1292,22,,,0
4019,'1496667',2128,,1293,22,,,0
4019,'1496668',1028,,1294,22,,,0
4019,'1496669',1928,,1295,22,,,0
4019,'1496670',1528,,1296,22,,,0
4019,'1496671',928,,1297,22,,,0
4019,'1496672',1828,,1298,22,,,0
4019,'1496673',1328,,1299,22,,,0
4019,'1496674',2028,,1300,22,,,0
4019,'1496675',1128,,1301,22,,,0
4019,'1496676',1228,,1302,22,,,0
4019,'1496677',2326,,1303,22,,,0
