1029,'1496065',1419,,792,5,,,0
1029,'1496066',1519,,793,5,,,0
1029,'1496068',1619,,794,5,,,0
1029,'1496070',719,,795,5,,,0
1029,'1496073',1019,,796,5,,,0
1029,'1496077',849,,797,5,,,0
1029,'1496078',1649,,798,5,,,0
1029,'1496079',1549,,799,5,,,0
1029,'1496081',1149,,800,5,,,0
1029,'1496082',1219,,801,5,,,0
1029,'1496083',1349,,802,5,,,0
1029,'1496084',949,,803,5,,,0
1029,'1496086',649,,804,5,,,0
1029,'1496088',1719,,805,5,,,0
1029,'1496092',1319,,806,5,,,0
1029,'1496094',919,,807,5,,,0
1029,'1496096',1119,,808,5,,,0
1029,'1496098',819,,809,5,,,0
1029,'1496101',749,,810,5,,,0
1029,'1496105',1449,,811,5,,,0
1029,'1496106',1249,,812,5,,,0
1029,'1496108',1049,,813,5,,,0
1029,'1496294',1419,,815,5,,,0
1029,'1496295',1519,,816,5,,,0
1029,'1496297',1619,,817,5,,,0
1029,'1496299',719,,818,5,,,0
1029,'1496300',2049,,819,5,,,0
1029,'1496304',1019,,820,5,,,0
1029,'1496309',1949,,821,5,,,0
1029,'1496310',849,,822,5,,,0
1029,'1496311',1649,,823,5,,,0
1029,'1496312',1549,,824,5,,,0
1029,'1496316',1749,,825,5,,,0
1029,'1496317',1149,,826,5,,,0
1029,'1496318',1219,,827,5,,,0
1029,'1496319',1349,,828,5,,,0
1029,'1496320',949,,829,5,,,0
1029,'1496322',649,,830,5,,,0
1029,'1496324',1819,,831,5,,,0
1029,'1496325',1719,,832,5,,,0
1029,'1496329',1319,,833,5,,,0
1029,'1496332',919,,834,5,,,0
1029,'1496333',2149,,835,5,,,0
1029,'1496335',1119,,836,5,,,0
1029,'1496337',2249,,837,5,,,0
1029,'1496339',819,,838,5,,,0
1029,'1496342',749,,839,5,,,0
1029,'1496346',1449,,840,5,,,0
1029,'1496347',1249,,841,5,,,0
1029,'1496349',1049,,842,5,,,0
1029,'1496354',1849,,844,5,,,0
1029,'1496527',1849,,845,5,,,0
1029,'1496528',2049,,846,5,,,0
1029,'1496533',1749,,847,5,,,0
1029,'1496534',2149,,848,5,,,0
1029,'1496535',1249,,849,5,,,0
1029,'1496537',1049,,850,5,,,0
1029,'1496539',949,,851,5,,,0
1029,'1496540',1949,,852,5,,,0
1029,'1496542',649,,853,5,,,0
1029,'1496544',2249,,854,5,,,0
1029,'1496545',1449,,855,5,,,0
1029,'1496547',1549,,856,5,,,0
1029,'1496550',749,,857,5,,,0
1029,'1496551',1149,,858,5,,,0
1029,'1496552',849,,859,5,,,0
1029,'1496555',1649,,860,5,,,0
1029,'1496556',1349,,861,5,,,0
1029,'1496562',1849,,862,5,,,0
1029,'1496563',2049,,863,5,,,0
1029,'1496567',1749,,864,5,,,0
1029,'1496568',2149,,865,5,,,0
1029,'1496569',1249,,866,5,,,0
1029,'1496571',1049,,867,5,,,0
1029,'1496573',949,,868,5,,,0
1029,'1496574',1949,,869,5,,,0
1029,'1496577',2249,,870,5,,,0
1029,'1496578',1449,,871,5,,,0
1029,'1496580',1549,,872,5,,,0
1029,'1496583',749,,873,5,,,0
1029,'1496584',1149,,874,5,,,0
1029,'1496585',849,,875,5,,,0
1029,'1496588',1649,,876,5,,,0
1029,'1496589',1349,,877,5,,,0
3019,'1496126',819,,1057,9,0,5,0
3019,'1496127',1019,,1058,9,0,5,0
3019,'1496132',1049,,1063,9,0,5,0
3019,'1496135',1619,,1066,9,0,5,0
3019,'1496137',1419,,1068,9,0,5,0
3019,'1496139',1149,,1070,9,0,5,0
3019,'1496140',719,,1071,9,0,5,0
3019,'1496143',649,,1074,9,0,5,0
3019,'1496145',1719,,1076,9,0,5,0
3019,'1496147',1249,,1078,9,0,5,0
3019,'1496148',949,,1079,9,0,5,0
3019,'1496149',1219,,1080,9,0,5,0
3019,'1496150',1319,,1081,9,0,5,0
3019,'1496152',749,,1083,9,0,5,0
3019,'1496156',919,,1087,9,0,5,0
3019,'1496157',1549,,1088,9,0,5,0
3019,'1496158',1349,,1089,9,0,5,0
3019,'1496160',1649,,1091,9,0,5,0
3019,'1496161',1119,,1092,9,0,5,0
3019,'1496162',1449,,1093,9,0,5,0
3019,'1496166',1519,,1097,9,0,5,0
3019,'1496169',849,,1100,9,0,5,0
3019,'1496375',819,,1106,9,0,5,0
3019,'1496376',1019,,1107,9,0,5,0
3019,'1496379',2049,,1110,9,0,5,0
3019,'1496383',2149,,1114,9,0,5,0
3019,'1496384',1049,,1115,9,0,5,0
3019,'1496387',1619,,1118,9,0,5,0
3019,'1496389',2249,,1120,9,0,5,0
3019,'1496390',1419,,1121,9,0,5,0
3019,'1496391',1849,,1122,9,0,5,0
3019,'1496393',1149,,1124,9,0,5,0
3019,'1496394',719,,1125,9,0,5,0
3019,'1496397',1949,,1128,9,0,5,0
3019,'1496399',649,,1130,9,0,5,0
3019,'1496401',1719,,1132,9,0,5,0
3019,'1496403',1249,,1134,9,0,5,0
3019,'1496405',1749,,1136,9,0,5,0
3019,'1496406',949,,1137,9,0,5,0
3019,'1496407',1219,,1138,9,0,5,0
3019,'1496408',1319,,1139,9,0,5,0
3019,'1496410',749,,1141,9,0,5,0
3019,'1496414',919,,1145,9,0,5,0
3019,'1496415',1549,,1146,9,0,5,0
3019,'1496416',1349,,1147,9,0,5,0
3019,'1496418',1649,,1149,9,0,5,0
3019,'1496419',1119,,1150,9,0,5,0
3019,'1496420',1449,,1151,9,0,5,0
3019,'1496424',1519,,1155,9,0,5,0
3019,'1496428',849,,1159,9,0,5,0
3019,'1496454',1649,,1167,9,0,5,0
3019,'1496456',2149,,1169,9,0,5,0
3019,'1496461',1849,,1174,9,0,5,0
3019,'1496462',1349,,1175,9,0,5,0
3019,'1496464',1949,,1177,9,0,5,0
3019,'1496466',2249,,1179,9,0,5,0
3019,'1496470',1749,,1183,9,0,5,0
3019,'1496471',649,,1184,9,0,5,0
3019,'1496472',849,,1185,9,0,5,0
3019,'1496476',949,,1189,9,0,5,0
3019,'1496477',1249,,1190,9,0,5,0
3019,'1496478',1549,,1191,9,0,5,0
3019,'1496480',1049,,1193,9,0,5,0
3019,'1496481',1449,,1194,9,0,5,0
3019,'1496482',2049,,1195,9,0,5,0
3019,'1496483',749,,1196,9,0,5,0
3019,'1496485',1149,,1198,9,0,5,0
3019,'1496628',1649,,1204,9,0,5,0
3019,'1496630',2149,,1206,9,0,5,0
3019,'1496634',1849,,1210,9,0,5,0
3019,'1496635',1349,,1211,9,0,5,0
3019,'1496637',1949,,1213,9,0,5,0
3019,'1496639',2249,,1215,9,0,5,0
3019,'1496643',1749,,1219,9,0,5,0
3019,'1496644',849,,1220,9,0,5,0
3019,'1496648',949,,1224,9,0,5,0
3019,'1496649',1249,,1225,9,0,5,0
3019,'1496650',1549,,1226,9,0,5,0
3019,'1496652',1049,,1228,9,0,5,0
3019,'1496653',1449,,1229,9,0,5,0
3019,'1496654',2049,,1230,9,0,5,0
3019,'1496655',749,,1231,9,0,5,0
3019,'1496657',1149,,1233,9,0,5,0
