2019,'1496174',1204,,878,7,,,0
2019,'1496175',1334,,879,7,,,0
2019,'1496179',1304,,880,7,,,0
2019,'1496181',1434,,881,7,,,0
2019,'1496183',934,,882,7,,,0
2019,'1496184',1504,,883,7,,,0
2019,'1496185',904,,884,7,,,0
2019,'1496187',1104,,885,7,,,0
2019,'1496188',834,,886,7,,,0
2019,'1496189',804,,887,7,,,0
2019,'1496191',1004,,888,7,,,0
2019,'1496194',1534,,889,7,,,0
2019,'1496198',704,,890,7,,,0
2019,'1496200',1704,,891,7,,,0
2019,'1496204',1404,,892,7,,,0
2019,'1496206',1034,,893,7,,,0
2019,'1496208',1134,,894,7,,,0
2019,'1496209',1604,,895,7,,,0
2019,'1496210',1734,,896,7,,,0
2019,'1496211',1634,,897,7,,,0
2019,'1496215',734,,898,7,,,0
2019,'1496216',1234,,899,7,,,0
2019,'1496218',634,,900,7,,,0
2019,'1496223',2219,,903,7,,,0
2019,'1496224',1204,,904,7,,,0
2019,'1496225',1334,,905,7,,,0
2019,'1496227',2119,,906,7,,,0
2019,'1496228',1819,,907,7,,,0
2019,'1496232',1304,,908,7,,,0
2019,'1496234',1434,,909,7,,,0
2019,'1496236',934,,910,7,,,0
2019,'1496237',1504,,911,7,,,0
2019,'1496238',904,,912,7,,,0
2019,'1496240',1104,,913,7,,,0
2019,'1496242',834,,914,7,,,0
2019,'1496243',804,,915,7,,,0
2019,'1496245',1004,,916,7,,,0
2019,'1496248',1534,,917,7,,,0
2019,'1496253',2019,,918,7,,,0
2019,'1496255',704,,919,7,,,0
2019,'1496257',1704,,920,7,,,0
2019,'1496258',2318,,921,7,,,0
2019,'1496262',1404,,922,7,,,0
2019,'1496264',1034,,923,7,,,0
2019,'1496266',1134,,924,7,,,0
2019,'1496267',1604,,925,7,,,0
2019,'1496268',1734,,926,7,,,0
2019,'1496269',1634,,927,7,,,0
2019,'1496274',734,,928,7,,,0
2019,'1496275',1234,,929,7,,,0
2019,'1496277',634,,930,7,,,0
2019,'1496280',1919,,933,7,,,0
2019,'1496490',1719,,934,7,,,0
2019,'1496491',2119,,935,7,,,0
2019,'1496492',1319,,936,7,,,0
2019,'1496494',1119,,937,7,,,0
2019,'1496495',1419,,938,7,,,0
2019,'1496498',2019,,939,7,,,0
2019,'1496499',719,,940,7,,,0
2019,'1496505',1219,,941,7,,,0
2019,'1496507',2219,,942,7,,,0
2019,'1496510',1519,,943,7,,,0
2019,'1496511',1819,,944,7,,,0
2019,'1496512',1019,,945,7,,,0
2019,'1496516',919,,946,7,,,0
2019,'1496518',819,,947,7,,,0
2019,'1496520',1619,,948,7,,,0
2019,'1496521',1919,,949,7,,,0
2019,'1496523',619,,950,7,,,0
2019,'1496525',2318,,952,7,,,0
2019,'1496594',1719,,953,7,,,0
2019,'1496595',2119,,954,7,,,0
2019,'1496596',1319,,955,7,,,0
2019,'1496598',1119,,956,7,,,0
2019,'1496599',1419,,957,7,,,0
2019,'1496602',2019,,958,7,,,0
2019,'1496603',719,,959,7,,,0
2019,'1496609',1219,,960,7,,,0
2019,'1496613',1519,,961,7,,,0
2019,'1496614',1819,,962,7,,,0
2019,'1496615',1019,,963,7,,,0
2019,'1496619',919,,964,7,,,0
2019,'1496621',819,,965,7,,,0
2019,'1496623',1619,,966,7,,,0
2019,'1496624',1919,,967,7,,,0
2019,'1496626',2318,,969,7,,,0
