1019,'1496067',704,,702,8,,,0
1019,'1496069',804,,703,8,,,0
1019,'1496071',1534,,704,8,,,0
1019,'1496072',1634,,705,8,,,0
1019,'1496074',734,,706,8,,,0
1019,'1496075',1434,,707,8,,,0
1019,'1496076',1234,,708,8,,,0
1019,'1496080',1334,,709,8,,,0
1019,'1496085',1034,,710,8,,,0
1019,'1496087',1304,,711,8,,,0
1019,'1496089',834,,712,8,,,0
1019,'1496090',1134,,713,8,,,0
1019,'1496091',934,,714,8,,,0
1019,'1496093',1734,,715,8,,,0
1019,'1496095',1004,,716,8,,,0
1019,'1496097',904,,717,8,,,0
1019,'1496099',1404,,718,8,,,0
1019,'1496100',1504,,719,8,,,0
1019,'1496102',634,,720,8,,,0
1019,'1496103',1204,,721,8,,,0
1019,'1496104',1104,,722,8,,,0
1019,'1496107',1704,,723,8,,,0
1019,'1496109',1604,,724,8,,,0
1019,'1496296',704,,726,8,,,0
1019,'1496298',804,,727,8,,,0
1019,'1496301',1534,,728,8,,,0
1019,'1496302',2119,,729,8,,,0
1019,'1496303',1634,,730,8,,,0
1019,'1496305',734,,731,8,,,0
1019,'1496306',1434,,732,8,,,0
1019,'1496307',1234,,733,8,,,0
1019,'1496308',1804,,734,8,,,0
1019,'1496313',1334,,735,8,,,0
1019,'1496314',1919,,736,8,,,0
1019,'1496315',2019,,737,8,,,0
1019,'1496321',1034,,738,8,,,0
1019,'1496323',1304,,739,8,,,0
1019,'1496326',834,,740,8,,,0
1019,'1496327',1134,,741,8,,,0
1019,'1496328',934,,742,8,,,0
1019,'1496330',2319,,743,8,,,0
1019,'1496331',1734,,744,8,,,0
1019,'1496334',1004,,745,8,,,0
1019,'1496336',904,,746,8,,,0
1019,'1496338',2219,,747,8,,,0
1019,'1496340',1404,,748,8,,,0
1019,'1496341',1504,,749,8,,,0
1019,'1496343',634,,750,8,,,0
1019,'1496344',1204,,751,8,,,0
1019,'1496345',1104,,752,8,,,0
1019,'1496348',1704,,753,8,,,0
1019,'1496350',1604,,754,8,,,0
1019,'1496353',1834,,756,8,,,0
1019,'1496526',1319,,757,8,,,0
1019,'1496529',1919,,758,8,,,0
1019,'1496530',719,,759,8,,,0
1019,'1496531',619,,760,8,,,0
1019,'1496532',2019,,761,8,,,0
1019,'1496536',1019,,762,8,,,0
1019,'1496538',1419,,763,8,,,0
1019,'1496541',1619,,764,8,,,0
1019,'1496543',1119,,765,8,,,0
1019,'1496546',2119,,766,8,,,0
1019,'1496548',1519,,767,8,,,0
1019,'1496549',1719,,768,8,,,0
1019,'1496553',919,,769,8,,,0
1019,'1496554',819,,770,8,,,0
1019,'1496557',1219,,771,8,,,0
1019,'1496558',1819,,772,8,,,0
1019,'1496559',2319,,773,8,,,0
1019,'1496560',2219,,774,8,,,0
1019,'1496561',1319,,775,8,,,0
1019,'1496564',1919,,776,8,,,0
1019,'1496565',719,,777,8,,,0
1019,'1496566',2019,,778,8,,,0
1019,'1496570',1019,,779,8,,,0
1019,'1496572',1419,,780,8,,,0
1019,'1496575',1619,,781,8,,,0
1019,'1496576',1119,,782,8,,,0
1019,'1496579',2119,,783,8,,,0
1019,'1496581',1519,,784,8,,,0
1019,'1496582',1719,,785,8,,,0
1019,'1496586',919,,786,8,,,0
1019,'1496587',819,,787,8,,,0
1019,'1496590',1219,,788,8,,,0
1019,'1496591',1819,,789,8,,,0
1019,'1496592',2319,,790,8,,,0
1019,'1496593',2219,,791,8,,,0
