4019,'1496112',702,,1237,47,,,0
4019,'1496113',1102,,1238,47,,,0
4019,'1496114',902,,1239,47,,,0
4019,'1496115',1702,,1240,47,,,0
4019,'1496116',1002,,1241,47,,,0
4019,'1496117',1202,,1242,47,,,0
4019,'1496118',802,,1243,47,,,0
4019,'1496119',1602,,1244,47,,,0
4019,'1496120',1802,,1245,47,,,0
4019,'1496121',1402,,1246,47,,,0
4019,'1496122',1502,,1247,47,,,0
4019,'1496123',1302,,1248,47,,,0
4019,'1496124',603,,1249,13,,,0
4019,'1496355',702,,1250,47,,,0
4019,'1496356',2342,,1251,47,,,0
4019,'1496357',1102,,1252,47,,,0
4019,'1496358',902,,1253,47,,,0
4019,'1496359',2047,,1254,47,,,0
4019,'1496360',1702,,1255,47,,,0
4019,'1496361',1902,,1256,47,,,0
4019,'1496362',2147,,1257,47,,,0
4019,'1496363',1002,,1258,47,,,0
4019,'1496364',1202,,1259,47,,,0
4019,'1496365',1947,,1260,47,,,0
4019,'1496366',802,,1261,47,,,0
4019,'1496367',1602,,1262,47,,,0
4019,'1496368',1802,,1263,47,,,0
4019,'1496369',1402,,1264,47,,,0
4019,'1496370',1502,,1265,47,,,0
4019,'1496371',2247,,1266,47,,,0
4019,'1496372',1302,,1267,47,,,0
4019,'1496373',603,,1268,13,,,0
4019,'1496435',847,,1269,47,,,0
4019,'1496436',747,,1270,47,,,0
4019,'1496437',1647,,1271,47,,,0
4019,'1496438',2247,,1272,47,,,0
4019,'1496439',1747,,1273,47,,,0
4019,'1496440',1447,,1274,47,,,0
4019,'1496441',2147,,1275,47,,,0
4019,'1496442',1047,,1276,47,,,0
4019,'1496443',1947,,1277,47,,,0
4019,'1496444',1547,,1278,47,,,0
4019,'1496445',947,,1279,47,,,0
4019,'1496446',1847,,1280,47,,,0
4019,'1496447',1347,,1281,47,,,0
4019,'1496448',647,,1282,47,,,0
4019,'1496449',2047,,1283,47,,,0
4019,'1496450',1147,,1284,47,,,0
4019,'1496451',1247,,1285,47,,,0
4019,'1496452',2342,,1286,47,,,0
4019,'1496661',847,,1287,47,,,0
4019,'1496662',747,,1288,47,,,0
4019,'1496663',1647,,1289,47,,,0
4019,'1496664',2247,,1290,47,,,0
4019,'1496665',1747,,1291,47,,,0
4019,'1496666',1447,,1292,47,,,0
4019,'1496667',2147,,1293,47,,,0
4019,'1496668',1047,,1294,47,,,0
4019,'1496669',1947,,1295,47,,,0
4019,'1496670',1547,,1296,47,,,0
4019,'1496671',947,,1297,47,,,0
4019,'1496672',1847,,1298,47,,,0
4019,'1496673',1347,,1299,47,,,0
4019,'1496674',2047,,1300,47,,,0
4019,'1496675',1147,,1301,47,,,0
4019,'1496676',1247,,1302,47,,,0
4019,'1496677',2342,,1303,47,,,0
