2019,'1496174',1258,,878,84,,,0
2019,'1496175',1428,,879,84,,,0
2019,'1496179',1358,,880,84,,,0
2019,'1496181',1528,,881,84,,,0
2019,'1496183',1028,,882,84,,,0
2019,'1496184',1558,,883,84,,,0
2019,'1496185',958,,884,84,,,0
2019,'1496187',1158,,885,84,,,0
2019,'1496188',928,,886,84,,,0
2019,'1496189',858,,887,84,,,0
2019,'1496191',1058,,888,84,,,0
2019,'1496194',1628,,889,84,,,0
2019,'1496198',758,,890,84,,,0
2019,'1496200',1758,,891,84,,,0
2019,'1496204',1458,,892,84,,,0
2019,'1496206',1128,,893,84,,,0
2019,'1496208',1228,,894,84,,,0
2019,'1496209',1658,,895,84,,,0
2019,'1496210',1828,,896,84,,,0
2019,'1496211',1728,,897,84,,,0
2019,'1496215',828,,898,84,,,0
2019,'1496216',1328,,899,84,,,0
2019,'1496218',728,,900,84,,,0
2019,'1496220',628,,902,52,,,0
2019,'1496223',2313,,903,84,,,0
2019,'1496224',1258,,904,84,,,0
2019,'1496225',1428,,905,84,,,0
2019,'1496227',2213,,906,84,,,0
2019,'1496228',1913,,907,84,,,0
2019,'1496232',1358,,908,84,,,0
2019,'1496234',1528,,909,84,,,0
2019,'1496236',1028,,910,84,,,0
2019,'1496237',1558,,911,84,,,0
2019,'1496238',958,,912,84,,,0
2019,'1496240',1158,,913,84,,,0
2019,'1496242',928,,914,84,,,0
2019,'1496243',858,,915,84,,,0
2019,'1496245',1058,,916,84,,,0
2019,'1496248',1628,,917,84,,,0
2019,'1496253',2113,,918,84,,,0
2019,'1496255',758,,919,84,,,0
2019,'1496257',1758,,920,84,,,0
2019,'1496262',1458,,922,84,,,0
2019,'1496264',1128,,923,84,,,0
2019,'1496266',1228,,924,84,,,0
2019,'1496267',1658,,925,84,,,0
2019,'1496268',1828,,926,84,,,0
2019,'1496269',1728,,927,84,,,0
2019,'1496274',828,,928,84,,,0
2019,'1496275',1328,,929,84,,,0
2019,'1496277',728,,930,84,,,0
2019,'1496279',628,,932,62,,,0
2019,'1496280',2013,,933,84,,,0
2019,'1496490',1813,,934,84,,,0
2019,'1496491',2213,,935,84,,,0
2019,'1496492',1413,,936,84,,,0
2019,'1496494',1213,,937,84,,,0
2019,'1496495',1513,,938,84,,,0
2019,'1496498',2113,,939,84,,,0
2019,'1496499',813,,940,84,,,0
2019,'1496505',1313,,941,84,,,0
2019,'1496507',2313,,942,84,,,0
2019,'1496510',1613,,943,84,,,0
2019,'1496511',1913,,944,84,,,0
2019,'1496512',1113,,945,84,,,0
2019,'1496516',1013,,946,84,,,0
2019,'1496518',913,,947,84,,,0
2019,'1496520',1713,,948,84,,,0
2019,'1496521',2013,,949,84,,,0
2019,'1496523',713,,950,84,,,0
2019,'1496524',643,,951,52,,,0
2019,'1496594',1813,,953,84,,,0
2019,'1496595',2213,,954,84,,,0
2019,'1496596',1413,,955,84,,,0
2019,'1496598',1213,,956,84,,,0
2019,'1496599',1513,,957,84,,,0
2019,'1496602',2113,,958,84,,,0
2019,'1496603',813,,959,84,,,0
2019,'1496609',1313,,960,84,,,0
2019,'1496613',1613,,961,84,,,0
2019,'1496614',1913,,962,84,,,0
2019,'1496615',1113,,963,84,,,0
2019,'1496619',1013,,964,84,,,0
2019,'1496621',913,,965,84,,,0
2019,'1496623',1713,,966,84,,,0
2019,'1496624',2013,,967,84,,,0
2019,'1496625',743,,968,52,,,0
