3019,'1496126',909,,1057,80,0,5,0
3019,'1496127',1109,,1058,80,0,5,0
3019,'1496132',1139,,1063,80,0,5,0
3019,'1496135',1709,,1066,80,0,5,0
3019,'1496137',1509,,1068,80,0,5,0
3019,'1496139',1239,,1070,80,0,5,0
3019,'1496140',809,,1071,80,0,5,0
3019,'1496143',739,,1074,80,0,5,0
3019,'1496145',1809,,1076,80,0,5,0
3019,'1496147',1339,,1078,80,0,5,0
3019,'1496148',1039,,1079,80,0,5,0
3019,'1496149',1309,,1080,80,0,5,0
3019,'1496150',1409,,1081,80,0,5,0
3019,'1496152',839,,1083,80,0,5,0
3019,'1496156',1009,,1087,80,0,5,0
3019,'1496157',1639,,1088,80,0,5,0
3019,'1496158',1439,,1089,80,0,5,0
3019,'1496160',1739,,1091,80,0,5,0
3019,'1496161',1209,,1092,80,0,5,0
3019,'1496162',1539,,1093,80,0,5,0
3019,'1496163',609,,1094,2,0,5,0
3019,'1496166',1609,,1097,80,0,5,0
3019,'1496169',939,,1100,80,0,5,0
3019,'1496172',639,,1103,49,0,5,0
3019,'1496375',909,,1106,80,0,5,0
3019,'1496376',1109,,1107,80,0,5,0
3019,'1496379',2139,,1110,80,0,5,0
3019,'1496383',2239,,1114,80,0,5,0
3019,'1496384',1139,,1115,80,0,5,0
3019,'1496387',1709,,1118,80,0,5,0
3019,'1496389',2332,,1120,80,0,5,0
3019,'1496390',1509,,1121,80,0,5,0
3019,'1496391',1939,,1122,80,0,5,0
3019,'1496393',1239,,1124,80,0,5,0
3019,'1496394',809,,1125,80,0,5,0
3019,'1496397',2039,,1128,80,0,5,0
3019,'1496399',739,,1130,80,0,5,0
3019,'1496401',1809,,1132,80,0,5,0
3019,'1496403',1339,,1134,80,0,5,0
3019,'1496405',1839,,1136,80,0,5,0
3019,'1496406',1039,,1137,80,0,5,0
3019,'1496407',1309,,1138,80,0,5,0
3019,'1496408',1409,,1139,80,0,5,0
3019,'1496410',839,,1141,80,0,5,0
3019,'1496414',1009,,1145,80,0,5,0
3019,'1496415',1639,,1146,80,0,5,0
3019,'1496416',1439,,1147,80,0,5,0
3019,'1496418',1739,,1149,80,0,5,0
3019,'1496419',1209,,1150,80,0,5,0
3019,'1496420',1539,,1151,80,0,5,0
3019,'1496421',609,,1152,2,0,5,0
3019,'1496424',1609,,1155,80,0,5,0
3019,'1496428',939,,1159,80,0,5,0
3019,'1496433',639,,1164,49,0,5,0
3019,'1496454',1739,,1167,80,0,5,0
3019,'1496456',2239,,1169,80,0,5,0
3019,'1496461',1939,,1174,80,0,5,0
3019,'1496462',1439,,1175,80,0,5,0
3019,'1496464',2039,,1177,80,0,5,0
3019,'1496466',2332,,1179,80,0,5,0
3019,'1496470',1839,,1183,80,0,5,0
3019,'1496471',739,,1184,80,0,5,0
3019,'1496472',939,,1185,80,0,5,0
3019,'1496476',1039,,1189,80,0,5,0
3019,'1496477',1339,,1190,80,0,5,0
3019,'1496478',1639,,1191,80,0,5,0
3019,'1496480',1139,,1193,80,0,5,0
3019,'1496481',1539,,1194,80,0,5,0
3019,'1496482',2139,,1195,80,0,5,0
3019,'1496483',839,,1196,80,0,5,0
3019,'1496485',1239,,1198,80,0,5,0
3019,'1496489',615,,1202,2,0,5,0
3019,'1496628',1739,,1204,80,0,5,0
3019,'1496630',2239,,1206,80,0,5,0
3019,'1496634',1939,,1210,80,0,5,0
3019,'1496635',1439,,1211,80,0,5,0
3019,'1496637',2039,,1213,80,0,5,0
3019,'1496639',2332,,1215,80,0,5,0
3019,'1496643',1839,,1219,80,0,5,0
3019,'1496644',939,,1220,80,0,5,0
3019,'1496648',1039,,1224,80,0,5,0
3019,'1496649',1339,,1225,80,0,5,0
3019,'1496650',1639,,1226,80,0,5,0
3019,'1496652',1139,,1228,80,0,5,0
3019,'1496653',1539,,1229,80,0,5,0
3019,'1496654',2139,,1230,80,0,5,0
3019,'1496655',839,,1231,80,0,5,0
3019,'1496657',1239,,1233,80,0,5,0
3019,'1496660',709,,1236,2,0,5,0
