2019,'1496174',1230,,878,45,,,0
2019,'1496175',1400,,879,45,,,0
2019,'1496179',1330,,880,45,,,0
2019,'1496181',1500,,881,45,,,0
2019,'1496183',1000,,882,45,,,0
2019,'1496184',1530,,883,45,,,0
2019,'1496185',930,,884,45,,,0
2019,'1496187',1130,,885,45,,,0
2019,'1496188',900,,886,45,,,0
2019,'1496189',830,,887,45,,,0
2019,'1496191',1030,,888,45,,,0
2019,'1496194',1600,,889,45,,,0
2019,'1496198',730,,890,45,,,0
2019,'1496200',1730,,891,45,,,0
2019,'1496204',1430,,892,45,,,0
2019,'1496206',1100,,893,45,,,0
2019,'1496208',1200,,894,45,,,0
2019,'1496209',1630,,895,45,,,0
2019,'1496210',1800,,896,45,,,0
2019,'1496211',1700,,897,45,,,0
2019,'1496215',800,,898,45,,,0
2019,'1496216',1300,,899,45,,,0
2019,'1496218',700,,900,45,,,0
2019,'1496220',600,,902,13,,,0
2019,'1496223',2245,,903,45,,,0
2019,'1496224',1230,,904,45,,,0
2019,'1496225',1400,,905,45,,,0
2019,'1496227',2145,,906,45,,,0
2019,'1496228',1845,,907,45,,,0
2019,'1496232',1330,,908,45,,,0
2019,'1496234',1500,,909,45,,,0
2019,'1496236',1000,,910,45,,,0
2019,'1496237',1530,,911,45,,,0
2019,'1496238',930,,912,45,,,0
2019,'1496240',1130,,913,45,,,0
2019,'1496242',900,,914,45,,,0
2019,'1496243',830,,915,45,,,0
2019,'1496245',1030,,916,45,,,0
2019,'1496248',1600,,917,45,,,0
2019,'1496253',2045,,918,45,,,0
2019,'1496255',730,,919,45,,,0
2019,'1496257',1730,,920,45,,,0
2019,'1496258',2344,,921,45,,,0
2019,'1496262',1430,,922,45,,,0
2019,'1496264',1100,,923,45,,,0
2019,'1496266',1200,,924,45,,,0
2019,'1496267',1630,,925,45,,,0
2019,'1496268',1800,,926,45,,,0
2019,'1496269',1700,,927,45,,,0
2019,'1496274',800,,928,45,,,0
2019,'1496275',1300,,929,45,,,0
2019,'1496277',700,,930,45,,,0
2019,'1496279',600,,932,23,,,0
2019,'1496280',1945,,933,45,,,0
2019,'1496490',1745,,934,45,,,0
2019,'1496491',2145,,935,45,,,0
2019,'1496492',1345,,936,45,,,0
2019,'1496494',1145,,937,45,,,0
2019,'1496495',1445,,938,45,,,0
2019,'1496498',2045,,939,45,,,0
2019,'1496499',745,,940,45,,,0
2019,'1496505',1245,,941,45,,,0
2019,'1496507',2245,,942,45,,,0
2019,'1496510',1545,,943,45,,,0
2019,'1496511',1845,,944,45,,,0
2019,'1496512',1045,,945,45,,,0
2019,'1496516',945,,946,45,,,0
2019,'1496518',845,,947,45,,,0
2019,'1496520',1645,,948,45,,,0
2019,'1496521',1945,,949,45,,,0
2019,'1496523',645,,950,45,,,0
2019,'1496524',615,,951,13,,,0
2019,'1496525',2344,,952,45,,,0
2019,'1496594',1745,,953,45,,,0
2019,'1496595',2145,,954,45,,,0
2019,'1496596',1345,,955,45,,,0
2019,'1496598',1145,,956,45,,,0
2019,'1496599',1445,,957,45,,,0
2019,'1496602',2045,,958,45,,,0
2019,'1496603',745,,959,45,,,0
2019,'1496609',1245,,960,45,,,0
2019,'1496613',1545,,961,45,,,0
2019,'1496614',1845,,962,45,,,0
2019,'1496615',1045,,963,45,,,0
2019,'1496619',945,,964,45,,,0
2019,'1496621',845,,965,45,,,0
2019,'1496623',1645,,966,45,,,0
2019,'1496624',1945,,967,45,,,0
2019,'1496625',715,,968,13,,,0
2019,'1496626',2344,,969,45,,,0
2029,'1496221',634,,971,46,,,0
2029,'1496281',634,,972,46,,,0
2029,'1497044',935,,973,83,,,0
2029,'1497045',1435,,974,83,,,0
2029,'1497046',1235,,975,83,,,0
2029,'1497047',1305,,976,83,,,0
2029,'1497048',1605,,977,83,,,0
2029,'1497049',1005,,978,83,,,0
2029,'1497050',835,,979,83,,,0
2029,'1497051',1635,,980,83,,,0
2029,'1497052',1505,,981,83,,,0
2029,'1497053',1105,,982,83,,,0
2029,'1497054',735,,983,83,,,0
2029,'1497055',1335,,984,83,,,0
2029,'1497056',1705,,985,83,,,0
2029,'1497057',1535,,986,83,,,0
2029,'1497058',1405,,987,83,,,0
2029,'1497059',805,,988,83,,,0
2029,'1497060',1735,,989,83,,,0
2029,'1497061',1035,,990,83,,,0
2029,'1497062',905,,991,83,,,0
2029,'1497063',1205,,992,83,,,0
2029,'1497064',1135,,993,83,,,0
2029,'1497065',1805,,994,83,,,0
2029,'1497066',2035,,995,83,,,0
2029,'1497067',935,,996,83,,,0
2029,'1497068',1435,,997,83,,,0
2029,'1497069',1235,,998,83,,,0
2029,'1497070',1835,,999,83,,,0
2029,'1497071',1305,,1000,83,,,0
2029,'1497072',1605,,1001,83,,,0
2029,'1497073',1005,,1002,83,,,0
2029,'1497074',2235,,1003,83,,,0
2029,'1497075',835,,1004,83,,,0
2029,'1497076',1635,,1005,83,,,0
2029,'1497077',1505,,1006,83,,,0
2029,'1497078',2331,,1007,83,,,0
2029,'1497079',1105,,1008,83,,,0
2029,'1497080',735,,1009,83,,,0
2029,'1497081',1335,,1010,83,,,0
2029,'1497082',1935,,1011,83,,,0
2029,'1497083',1705,,1012,83,,,0
2029,'1497084',1535,,1013,83,,,0
2029,'1497085',1405,,1014,83,,,0
2029,'1497086',805,,1015,83,,,0
2029,'1497087',1735,,1016,83,,,0
2029,'1497088',1035,,1017,83,,,0
2029,'1497089',905,,1018,83,,,0
2029,'1497090',2135,,1019,83,,,0
2029,'1497091',1205,,1020,83,,,0
2029,'1497092',1135,,1021,83,,,0
2029,'1497093',1805,,1022,83,,,0
2029,'1497094',1735,,1023,83,,,0
2029,'1497095',1135,,1024,83,,,0
2029,'1497096',2235,,1025,83,,,0
2029,'1497097',2331,,1026,83,,,0
2029,'1497098',1035,,1027,83,,,0
2029,'1497099',2035,,1028,83,,,0
2029,'1497100',935,,1029,83,,,0
2029,'1497101',1535,,1030,83,,,0
2029,'1497102',2135,,1031,83,,,0
2029,'1497103',1835,,1032,83,,,0
2029,'1497104',1235,,1033,83,,,0
2029,'1497105',1435,,1034,83,,,0
2029,'1497106',835,,1035,83,,,0
2029,'1497107',1335,,1036,83,,,0
2029,'1497108',1935,,1037,83,,,0
2029,'1497109',1635,,1038,83,,,0
2029,'1497110',735,,1039,83,,,0
2029,'1497111',1735,,1040,83,,,0
2029,'1497112',1135,,1041,83,,,0
2029,'1497113',2235,,1042,83,,,0
2029,'1497114',2331,,1043,83,,,0
2029,'1497115',1035,,1044,83,,,0
2029,'1497116',2035,,1045,83,,,0
2029,'1497117',935,,1046,83,,,0
2029,'1497118',1535,,1047,83,,,0
2029,'1497119',2135,,1048,83,,,0
2029,'1497120',1835,,1049,83,,,0
2029,'1497121',1235,,1050,83,,,0
2029,'1497122',1435,,1051,83,,,0
2029,'1497123',835,,1052,83,,,0
2029,'1497124',1335,,1053,83,,,0
2029,'1497125',1935,,1054,83,,,0
2029,'1497126',1635,,1055,83,,,0
