1019,'1496067',755,,702,75,,,0
1019,'1496069',855,,703,75,,,0
1019,'1496071',1625,,704,75,,,0
1019,'1496072',1725,,705,75,,,0
1019,'1496074',825,,706,75,,,0
1019,'1496075',1525,,707,75,,,0
1019,'1496076',1325,,708,75,,,0
1019,'1496080',1425,,709,75,,,0
1019,'1496085',1125,,710,75,,,0
1019,'1496087',1355,,711,75,,,0
1019,'1496089',925,,712,75,,,0
1019,'1496090',1225,,713,75,,,0
1019,'1496091',1025,,714,75,,,0
1019,'1496093',1825,,715,75,,,0
1019,'1496095',1055,,716,75,,,0
1019,'1496097',955,,717,75,,,0
1019,'1496099',1455,,718,75,,,0
1019,'1496100',1555,,719,75,,,0
1019,'1496102',725,,720,75,,,0
1019,'1496103',1255,,721,75,,,0
1019,'1496104',1155,,722,75,,,0
1019,'1496107',1755,,723,75,,,0
1019,'1496109',1655,,724,75,,,0
1019,'1496110',625,,725,44,,,0
1019,'1496296',755,,726,75,,,0
1019,'1496298',855,,727,75,,,0
1019,'1496301',1625,,728,75,,,0
1019,'1496302',2210,,729,75,,,0
1019,'1496303',1725,,730,75,,,0
1019,'1496305',825,,731,75,,,0
1019,'1496306',1525,,732,75,,,0
1019,'1496307',1325,,733,75,,,0
1019,'1496308',1855,,734,75,,,0
1019,'1496313',1425,,735,75,,,0
1019,'1496314',2010,,736,75,,,0
1019,'1496315',2110,,737,75,,,0
1019,'1496321',1125,,738,75,,,0
1019,'1496323',1355,,739,75,,,0
1019,'1496326',925,,740,75,,,0
1019,'1496327',1225,,741,75,,,0
1019,'1496328',1025,,742,75,,,0
1019,'1496330',2400,,743,75,,,0
1019,'1496331',1825,,744,75,,,0
1019,'1496334',1055,,745,75,,,0
1019,'1496336',955,,746,75,,,0
1019,'1496338',2310,,747,75,,,0
1019,'1496340',1455,,748,75,,,0
1019,'1496341',1555,,749,75,,,0
1019,'1496343',725,,750,75,,,0
1019,'1496344',1255,,751,75,,,0
1019,'1496345',1155,,752,75,,,0
1019,'1496348',1755,,753,75,,,0
1019,'1496350',1655,,754,75,,,0
1019,'1496351',625,,755,44,,,0
1019,'1496353',1925,,756,75,,,0
1019,'1496526',1410,,757,75,,,0
1019,'1496529',2010,,758,75,,,0
1019,'1496530',810,,759,75,,,0
1019,'1496531',710,,760,75,,,0
1019,'1496532',2110,,761,75,,,0
1019,'1496536',1110,,762,75,,,0
1019,'1496538',1510,,763,75,,,0
1019,'1496541',1710,,764,75,,,0
1019,'1496543',1210,,765,75,,,0
1019,'1496546',2210,,766,75,,,0
1019,'1496548',1610,,767,75,,,0
1019,'1496549',1810,,768,75,,,0
1019,'1496553',1010,,769,75,,,0
1019,'1496554',910,,770,75,,,0
1019,'1496557',1310,,771,75,,,0
1019,'1496558',1910,,772,75,,,0
1019,'1496559',2359,,773,75,,,0
1019,'1496560',2310,,774,75,,,0
1019,'1496561',1410,,775,75,,,0
1019,'1496564',2010,,776,75,,,0
1019,'1496565',810,,777,75,,,0
1019,'1496566',2110,,778,75,,,0
1019,'1496570',1110,,779,75,,,0
1019,'1496572',1510,,780,75,,,0
1019,'1496575',1710,,781,75,,,0
1019,'1496576',1210,,782,75,,,0
1019,'1496579',2210,,783,75,,,0
1019,'1496581',1610,,784,75,,,0
1019,'1496582',1810,,785,75,,,0
1019,'1496586',1010,,786,75,,,0
1019,'1496587',910,,787,75,,,0
1019,'1496590',1310,,788,75,,,0
1019,'1496591',1910,,789,75,,,0
1019,'1496592',2359,,790,75,,,0
1019,'1496593',2310,,791,75,,,0
3019,'1496126',939,,1057,134,0,5,0
3019,'1496127',1139,,1058,134,0,5,0
3019,'1496132',1209,,1063,134,0,5,0
3019,'1496135',1739,,1066,134,0,5,0
3019,'1496137',1539,,1068,134,0,5,0
3019,'1496139',1309,,1070,134,0,5,0
3019,'1496140',839,,1071,134,0,5,0
3019,'1496143',809,,1074,134,0,5,0
3019,'1496145',1839,,1076,134,0,5,0
3019,'1496147',1409,,1078,134,0,5,0
3019,'1496148',1109,,1079,134,0,5,0
3019,'1496149',1339,,1080,134,0,5,0
3019,'1496150',1439,,1081,134,0,5,0
3019,'1496152',909,,1083,134,0,5,0
3019,'1496156',1039,,1087,134,0,5,0
3019,'1496157',1709,,1088,134,0,5,0
3019,'1496158',1509,,1089,134,0,5,0
3019,'1496160',1809,,1091,134,0,5,0
3019,'1496161',1239,,1092,134,0,5,0
3019,'1496162',1609,,1093,134,0,5,0
3019,'1496163',639,,1094,56,0,5,0
3019,'1496166',1639,,1097,134,0,5,0
3019,'1496169',1009,,1100,134,0,5,0
3019,'1496172',709,,1103,103,0,5,0
3019,'1496375',939,,1106,134,0,5,0
3019,'1496376',1139,,1107,134,0,5,0
3019,'1496379',2209,,1110,134,0,5,0
3019,'1496383',2309,,1114,134,0,5,0
3019,'1496384',1209,,1115,134,0,5,0
3019,'1496387',1739,,1118,134,0,5,0
3019,'1496389',2359,,1120,134,0,5,0
3019,'1496390',1539,,1121,134,0,5,0
3019,'1496391',2009,,1122,134,0,5,0
3019,'1496393',1309,,1124,134,0,5,0
3019,'1496394',839,,1125,134,0,5,0
3019,'1496397',2109,,1128,134,0,5,0
3019,'1496399',809,,1130,134,0,5,0
3019,'1496401',1839,,1132,134,0,5,0
3019,'1496403',1409,,1134,134,0,5,0
3019,'1496405',1909,,1136,134,0,5,0
3019,'1496406',1109,,1137,134,0,5,0
3019,'1496407',1339,,1138,134,0,5,0
3019,'1496408',1439,,1139,134,0,5,0
3019,'1496410',909,,1141,134,0,5,0
3019,'1496414',1039,,1145,134,0,5,0
3019,'1496415',1709,,1146,134,0,5,0
3019,'1496416',1509,,1147,134,0,5,0
3019,'1496418',1809,,1149,134,0,5,0
3019,'1496419',1239,,1150,134,0,5,0
3019,'1496420',1609,,1151,134,0,5,0
3019,'1496421',639,,1152,56,0,5,0
3019,'1496424',1639,,1155,134,0,5,0
3019,'1496428',1009,,1159,134,0,5,0
3019,'1496433',709,,1164,103,0,5,0
3019,'1496454',1809,,1167,134,0,5,0
3019,'1496456',2309,,1169,134,0,5,0
3019,'1496461',2009,,1174,134,0,5,0
3019,'1496462',1509,,1175,134,0,5,0
3019,'1496464',2109,,1177,134,0,5,0
3019,'1496466',2359,,1179,134,0,5,0
3019,'1496470',1909,,1183,134,0,5,0
3019,'1496471',809,,1184,134,0,5,0
3019,'1496472',1009,,1185,134,0,5,0
3019,'1496476',1109,,1189,134,0,5,0
3019,'1496477',1409,,1190,134,0,5,0
3019,'1496478',1709,,1191,134,0,5,0
3019,'1496480',1209,,1193,134,0,5,0
3019,'1496481',1609,,1194,134,0,5,0
3019,'1496482',2209,,1195,134,0,5,0
3019,'1496483',909,,1196,134,0,5,0
3019,'1496485',1309,,1198,134,0,5,0
3019,'1496489',639,,1202,56,0,5,0
3019,'1496628',1809,,1204,134,0,5,0
3019,'1496630',2309,,1206,134,0,5,0
3019,'1496634',2009,,1210,134,0,5,0
3019,'1496635',1509,,1211,134,0,5,0
3019,'1496637',2109,,1213,134,0,5,0
3019,'1496639',2359,,1215,134,0,5,0
3019,'1496643',1909,,1219,134,0,5,0
3019,'1496644',1009,,1220,134,0,5,0
3019,'1496648',1109,,1224,134,0,5,0
3019,'1496649',1409,,1225,134,0,5,0
3019,'1496650',1709,,1226,134,0,5,0
3019,'1496652',1209,,1228,134,0,5,0
3019,'1496653',1609,,1229,134,0,5,0
3019,'1496654',2209,,1230,134,0,5,0
3019,'1496655',909,,1231,134,0,5,0
3019,'1496657',1309,,1233,134,0,5,0
3019,'1496660',739,,1236,56,0,5,0
8019,'1496053',1731,,1304,2,,,0
8019,'1496054',1031,,1305,2,,,0
8019,'1496055',1331,,1306,2,,,0
8019,'1496056',931,,1307,2,,,0
8019,'1496057',1431,,1308,2,,,0
8019,'1496058',731,,1309,2,,,0
8019,'1496059',1631,,1310,2,,,0
8019,'1496060',831,,1311,2,,,0
8019,'1496061',631,,1312,2,,,0
8019,'1496062',1531,,1313,2,,,0
8019,'1496063',1231,,1314,2,,,0
8019,'1496064',1131,,1315,2,,,0
8019,'1496282',1731,,1316,2,,,0
8019,'1496283',1031,,1317,2,,,0
8019,'1496284',1331,,1318,2,,,0
8019,'1496285',931,,1319,2,,,0
8019,'1496286',1431,,1320,2,,,0
8019,'1496287',731,,1321,2,,,0
8019,'1496288',1631,,1322,2,,,0
8019,'1496289',831,,1323,2,,,0
8019,'1496290',631,,1324,2,,,0
8019,'1496291',1531,,1325,2,,,0
8019,'1496292',1231,,1326,2,,,0
8019,'1496293',1131,,1327,2,,,0
