2029,'1496221',610,,971,5,,,0
2029,'1496281',610,,972,5,,,0
2029,'1497044',911,,973,42,,,0
2029,'1497045',1411,,974,42,,,0
2029,'1497046',1211,,975,42,,,0
2029,'1497047',1241,,976,42,,,0
2029,'1497048',1541,,977,42,,,0
2029,'1497049',941,,978,42,,,0
2029,'1497050',811,,979,42,,,0
2029,'1497051',1611,,980,42,,,0
2029,'1497052',1441,,981,42,,,0
2029,'1497053',1041,,982,42,,,0
2029,'1497054',711,,983,42,,,0
2029,'1497055',1311,,984,42,,,0
2029,'1497056',1641,,985,42,,,0
2029,'1497057',1511,,986,42,,,0
2029,'1497058',1341,,987,42,,,0
2029,'1497059',741,,988,42,,,0
2029,'1497060',1711,,989,42,,,0
2029,'1497061',1011,,990,42,,,0
2029,'1497062',841,,991,42,,,0
2029,'1497063',1141,,992,42,,,0
2029,'1497064',1111,,993,42,,,0
2029,'1497065',1741,,994,42,,,0
2029,'1497066',2011,,995,42,,,0
2029,'1497067',911,,996,42,,,0
2029,'1497068',1411,,997,42,,,0
2029,'1497069',1211,,998,42,,,0
2029,'1497070',1811,,999,42,,,0
2029,'1497071',1241,,1000,42,,,0
2029,'1497072',1541,,1001,42,,,0
2029,'1497073',941,,1002,42,,,0
2029,'1497074',2211,,1003,42,,,0
2029,'1497075',811,,1004,42,,,0
2029,'1497076',1611,,1005,42,,,0
2029,'1497077',1441,,1006,42,,,0
2029,'1497078',2308,,1007,42,,,0
2029,'1497079',1041,,1008,42,,,0
2029,'1497080',711,,1009,42,,,0
2029,'1497081',1311,,1010,42,,,0
2029,'1497082',1911,,1011,42,,,0
2029,'1497083',1641,,1012,42,,,0
2029,'1497084',1511,,1013,42,,,0
2029,'1497085',1341,,1014,42,,,0
2029,'1497086',741,,1015,42,,,0
2029,'1497087',1711,,1016,42,,,0
2029,'1497088',1011,,1017,42,,,0
2029,'1497089',841,,1018,42,,,0
2029,'1497090',2111,,1019,42,,,0
2029,'1497091',1141,,1020,42,,,0
2029,'1497092',1111,,1021,42,,,0
2029,'1497093',1741,,1022,42,,,0
2029,'1497094',1711,,1023,42,,,0
2029,'1497095',1111,,1024,42,,,0
2029,'1497096',2211,,1025,42,,,0
2029,'1497097',2308,,1026,42,,,0
2029,'1497098',1011,,1027,42,,,0
2029,'1497099',2011,,1028,42,,,0
2029,'1497100',911,,1029,42,,,0
2029,'1497101',1511,,1030,42,,,0
2029,'1497102',2111,,1031,42,,,0
2029,'1497103',1811,,1032,42,,,0
2029,'1497104',1211,,1033,42,,,0
2029,'1497105',1411,,1034,42,,,0
2029,'1497106',811,,1035,42,,,0
2029,'1497107',1311,,1036,42,,,0
2029,'1497108',1911,,1037,42,,,0
2029,'1497109',1611,,1038,42,,,0
2029,'1497110',711,,1039,42,,,0
2029,'1497111',1711,,1040,42,,,0
2029,'1497112',1111,,1041,42,,,0
2029,'1497113',2211,,1042,42,,,0
2029,'1497114',2308,,1043,42,,,0
2029,'1497115',1011,,1044,42,,,0
2029,'1497116',2011,,1045,42,,,0
2029,'1497117',911,,1046,42,,,0
2029,'1497118',1511,,1047,42,,,0
2029,'1497119',2111,,1048,42,,,0
2029,'1497120',1811,,1049,42,,,0
2029,'1497121',1211,,1050,42,,,0
2029,'1497122',1411,,1051,42,,,0
2029,'1497123',811,,1052,42,,,0
2029,'1497124',1311,,1053,42,,,0
2029,'1497125',1911,,1054,42,,,0
2029,'1497126',1611,,1055,42,,,0
