4019,'1496112',633,,1237,5,,,0
4019,'1496113',1033,,1238,5,,,0
4019,'1496114',833,,1239,5,,,0
4019,'1496115',1633,,1240,5,,,0
4019,'1496116',933,,1241,5,,,0
4019,'1496117',1133,,1242,5,,,0
4019,'1496118',733,,1243,5,,,0
4019,'1496119',1533,,1244,5,,,0
4019,'1496120',1733,,1245,5,,,0
4019,'1496121',1333,,1246,5,,,0
4019,'1496122',1433,,1247,5,,,0
4019,'1496123',1233,,1248,5,,,0
4019,'1496355',633,,1250,5,,,0
4019,'1496356',2318,,1251,5,,,0
4019,'1496357',1033,,1252,5,,,0
4019,'1496358',833,,1253,5,,,0
4019,'1496359',2018,,1254,5,,,0
4019,'1496360',1633,,1255,5,,,0
4019,'1496361',1833,,1256,5,,,0
4019,'1496362',2118,,1257,5,,,0
4019,'1496363',933,,1258,5,,,0
4019,'1496364',1133,,1259,5,,,0
4019,'1496365',1918,,1260,5,,,0
4019,'1496366',733,,1261,5,,,0
4019,'1496367',1533,,1262,5,,,0
4019,'1496368',1733,,1263,5,,,0
4019,'1496369',1333,,1264,5,,,0
4019,'1496370',1433,,1265,5,,,0
4019,'1496371',2218,,1266,5,,,0
4019,'1496372',1233,,1267,5,,,0
4019,'1496435',818,,1269,5,,,0
4019,'1496436',718,,1270,5,,,0
4019,'1496437',1618,,1271,5,,,0
4019,'1496438',2218,,1272,5,,,0
4019,'1496439',1718,,1273,5,,,0
4019,'1496440',1418,,1274,5,,,0
4019,'1496441',2118,,1275,5,,,0
4019,'1496442',1018,,1276,5,,,0
4019,'1496443',1918,,1277,5,,,0
4019,'1496444',1518,,1278,5,,,0
4019,'1496445',918,,1279,5,,,0
4019,'1496446',1818,,1280,5,,,0
4019,'1496447',1318,,1281,5,,,0
4019,'1496448',618,,1282,5,,,0
4019,'1496449',2018,,1283,5,,,0
4019,'1496450',1118,,1284,5,,,0
4019,'1496451',1218,,1285,5,,,0
4019,'1496452',2318,,1286,5,,,0
4019,'1496661',818,,1287,5,,,0
4019,'1496662',718,,1288,5,,,0
4019,'1496663',1618,,1289,5,,,0
4019,'1496664',2218,,1290,5,,,0
4019,'1496665',1718,,1291,5,,,0
4019,'1496666',1418,,1292,5,,,0
4019,'1496667',2118,,1293,5,,,0
4019,'1496668',1018,,1294,5,,,0
4019,'1496669',1918,,1295,5,,,0
4019,'1496670',1518,,1296,5,,,0
4019,'1496671',918,,1297,5,,,0
4019,'1496672',1818,,1298,5,,,0
4019,'1496673',1318,,1299,5,,,0
4019,'1496674',2018,,1300,5,,,0
4019,'1496675',1118,,1301,5,,,0
4019,'1496676',1218,,1302,5,,,0
4019,'1496677',2318,,1303,5,,,0
