1029,'1496065',1422,,792,12,,,0
1029,'1496066',1522,,793,12,,,0
1029,'1496068',1622,,794,12,,,0
1029,'1496070',722,,795,12,,,0
1029,'1496073',1022,,796,12,,,0
1029,'1496077',852,,797,12,,,0
1029,'1496078',1652,,798,12,,,0
1029,'1496079',1552,,799,12,,,0
1029,'1496081',1152,,800,12,,,0
1029,'1496082',1222,,801,12,,,0
1029,'1496083',1352,,802,12,,,0
1029,'1496084',952,,803,12,,,0
1029,'1496086',652,,804,12,,,0
1029,'1496088',1722,,805,12,,,0
1029,'1496092',1322,,806,12,,,0
1029,'1496094',922,,807,12,,,0
1029,'1496096',1122,,808,12,,,0
1029,'1496098',822,,809,12,,,0
1029,'1496101',752,,810,12,,,0
1029,'1496105',1452,,811,12,,,0
1029,'1496106',1252,,812,12,,,0
1029,'1496108',1052,,813,12,,,0
1029,'1496294',1422,,815,12,,,0
1029,'1496295',1522,,816,12,,,0
1029,'1496297',1622,,817,12,,,0
1029,'1496299',722,,818,12,,,0
1029,'1496300',2052,,819,12,,,0
1029,'1496304',1022,,820,12,,,0
1029,'1496309',1952,,821,12,,,0
1029,'1496310',852,,822,12,,,0
1029,'1496311',1652,,823,12,,,0
1029,'1496312',1552,,824,12,,,0
1029,'1496316',1752,,825,12,,,0
1029,'1496317',1152,,826,12,,,0
1029,'1496318',1222,,827,12,,,0
1029,'1496319',1352,,828,12,,,0
1029,'1496320',952,,829,12,,,0
1029,'1496322',652,,830,12,,,0
1029,'1496324',1822,,831,12,,,0
1029,'1496325',1722,,832,12,,,0
1029,'1496329',1322,,833,12,,,0
1029,'1496332',922,,834,12,,,0
1029,'1496333',2152,,835,12,,,0
1029,'1496335',1122,,836,12,,,0
1029,'1496337',2252,,837,12,,,0
1029,'1496339',822,,838,12,,,0
1029,'1496342',752,,839,12,,,0
1029,'1496346',1452,,840,12,,,0
1029,'1496347',1252,,841,12,,,0
1029,'1496349',1052,,842,12,,,0
1029,'1496354',1852,,844,12,,,0
1029,'1496527',1852,,845,12,,,0
1029,'1496528',2052,,846,12,,,0
1029,'1496533',1752,,847,12,,,0
1029,'1496534',2152,,848,12,,,0
1029,'1496535',1252,,849,12,,,0
1029,'1496537',1052,,850,12,,,0
1029,'1496539',952,,851,12,,,0
1029,'1496540',1952,,852,12,,,0
1029,'1496542',652,,853,12,,,0
1029,'1496544',2252,,854,12,,,0
1029,'1496545',1452,,855,12,,,0
1029,'1496547',1552,,856,12,,,0
1029,'1496550',752,,857,12,,,0
1029,'1496551',1152,,858,12,,,0
1029,'1496552',852,,859,12,,,0
1029,'1496555',1652,,860,12,,,0
1029,'1496556',1352,,861,12,,,0
1029,'1496562',1852,,862,12,,,0
1029,'1496563',2052,,863,12,,,0
1029,'1496567',1752,,864,12,,,0
1029,'1496568',2152,,865,12,,,0
1029,'1496569',1252,,866,12,,,0
1029,'1496571',1052,,867,12,,,0
1029,'1496573',952,,868,12,,,0
1029,'1496574',1952,,869,12,,,0
1029,'1496577',2252,,870,12,,,0
1029,'1496578',1452,,871,12,,,0
1029,'1496580',1552,,872,12,,,0
1029,'1496583',752,,873,12,,,0
1029,'1496584',1152,,874,12,,,0
1029,'1496585',852,,875,12,,,0
1029,'1496588',1652,,876,12,,,0
1029,'1496589',1352,,877,12,,,0
