2029,'1496221',613,,971,14,,,0
2029,'1496281',613,,972,14,,,0
2029,'1497044',914,,973,51,,,0
2029,'1497045',1414,,974,51,,,0
2029,'1497046',1214,,975,51,,,0
2029,'1497047',1244,,976,51,,,0
2029,'1497048',1544,,977,51,,,0
2029,'1497049',944,,978,51,,,0
2029,'1497050',814,,979,51,,,0
2029,'1497051',1614,,980,51,,,0
2029,'1497052',1444,,981,51,,,0
2029,'1497053',1044,,982,51,,,0
2029,'1497054',714,,983,51,,,0
2029,'1497055',1314,,984,51,,,0
2029,'1497056',1644,,985,51,,,0
2029,'1497057',1514,,986,51,,,0
2029,'1497058',1344,,987,51,,,0
2029,'1497059',744,,988,51,,,0
2029,'1497060',1714,,989,51,,,0
2029,'1497061',1014,,990,51,,,0
2029,'1497062',844,,991,51,,,0
2029,'1497063',1144,,992,51,,,0
2029,'1497064',1114,,993,51,,,0
2029,'1497065',1744,,994,51,,,0
2029,'1497066',2014,,995,51,,,0
2029,'1497067',914,,996,51,,,0
2029,'1497068',1414,,997,51,,,0
2029,'1497069',1214,,998,51,,,0
2029,'1497070',1814,,999,51,,,0
2029,'1497071',1244,,1000,51,,,0
2029,'1497072',1544,,1001,51,,,0
2029,'1497073',944,,1002,51,,,0
2029,'1497074',2214,,1003,51,,,0
2029,'1497075',814,,1004,51,,,0
2029,'1497076',1614,,1005,51,,,0
2029,'1497077',1444,,1006,51,,,0
2029,'1497078',2311,,1007,51,,,0
2029,'1497079',1044,,1008,51,,,0
2029,'1497080',714,,1009,51,,,0
2029,'1497081',1314,,1010,51,,,0
2029,'1497082',1914,,1011,51,,,0
2029,'1497083',1644,,1012,51,,,0
2029,'1497084',1514,,1013,51,,,0
2029,'1497085',1344,,1014,51,,,0
2029,'1497086',744,,1015,51,,,0
2029,'1497087',1714,,1016,51,,,0
2029,'1497088',1014,,1017,51,,,0
2029,'1497089',844,,1018,51,,,0
2029,'1497090',2114,,1019,51,,,0
2029,'1497091',1144,,1020,51,,,0
2029,'1497092',1114,,1021,51,,,0
2029,'1497093',1744,,1022,51,,,0
2029,'1497094',1714,,1023,51,,,0
2029,'1497095',1114,,1024,51,,,0
2029,'1497096',2214,,1025,51,,,0
2029,'1497097',2311,,1026,51,,,0
2029,'1497098',1014,,1027,51,,,0
2029,'1497099',2014,,1028,51,,,0
2029,'1497100',914,,1029,51,,,0
2029,'1497101',1514,,1030,51,,,0
2029,'1497102',2114,,1031,51,,,0
2029,'1497103',1814,,1032,51,,,0
2029,'1497104',1214,,1033,51,,,0
2029,'1497105',1414,,1034,51,,,0
2029,'1497106',814,,1035,51,,,0
2029,'1497107',1314,,1036,51,,,0
2029,'1497108',1914,,1037,51,,,0
2029,'1497109',1614,,1038,51,,,0
2029,'1497110',714,,1039,51,,,0
2029,'1497111',1714,,1040,51,,,0
2029,'1497112',1114,,1041,51,,,0
2029,'1497113',2214,,1042,51,,,0
2029,'1497114',2311,,1043,51,,,0
2029,'1497115',1014,,1044,51,,,0
2029,'1497116',2014,,1045,51,,,0
2029,'1497117',914,,1046,51,,,0
2029,'1497118',1514,,1047,51,,,0
2029,'1497119',2114,,1048,51,,,0
2029,'1497120',1814,,1049,51,,,0
2029,'1497121',1214,,1050,51,,,0
2029,'1497122',1414,,1051,51,,,0
2029,'1497123',814,,1052,51,,,0
2029,'1497124',1314,,1053,51,,,0
2029,'1497125',1914,,1054,51,,,0
2029,'1497126',1614,,1055,51,,,0
