3019,'1496126',907,,1057,75,0,5,0
3019,'1496127',1107,,1058,75,0,5,0
3019,'1496132',1137,,1063,75,0,5,0
3019,'1496135',1707,,1066,75,0,5,0
3019,'1496137',1507,,1068,75,0,5,0
3019,'1496139',1237,,1070,75,0,5,0
3019,'1496140',807,,1071,75,0,5,0
3019,'1496143',737,,1074,75,0,5,0
3019,'1496145',1807,,1076,75,0,5,0
3019,'1496147',1337,,1078,75,0,5,0
3019,'1496148',1037,,1079,75,0,5,0
3019,'1496149',1307,,1080,75,0,5,0
3019,'1496150',1407,,1081,75,0,5,0
3019,'1496152',837,,1083,75,0,5,0
3019,'1496156',1007,,1087,75,0,5,0
3019,'1496157',1637,,1088,75,0,5,0
3019,'1496158',1437,,1089,75,0,5,0
3019,'1496160',1737,,1091,75,0,5,0
3019,'1496161',1207,,1092,75,0,5,0
3019,'1496162',1537,,1093,75,0,5,0
3019,'1496166',1607,,1097,75,0,5,0
3019,'1496169',937,,1100,75,0,5,0
3019,'1496172',637,,1103,44,0,5,0
3019,'1496375',907,,1106,75,0,5,0
3019,'1496376',1107,,1107,75,0,5,0
3019,'1496379',2137,,1110,75,0,5,0
3019,'1496383',2237,,1114,75,0,5,0
3019,'1496384',1137,,1115,75,0,5,0
3019,'1496387',1707,,1118,75,0,5,0
3019,'1496389',2330,,1120,75,0,5,0
3019,'1496390',1507,,1121,75,0,5,0
3019,'1496391',1937,,1122,75,0,5,0
3019,'1496393',1237,,1124,75,0,5,0
3019,'1496394',807,,1125,75,0,5,0
3019,'1496397',2037,,1128,75,0,5,0
3019,'1496399',737,,1130,75,0,5,0
3019,'1496401',1807,,1132,75,0,5,0
3019,'1496403',1337,,1134,75,0,5,0
3019,'1496405',1837,,1136,75,0,5,0
3019,'1496406',1037,,1137,75,0,5,0
3019,'1496407',1307,,1138,75,0,5,0
3019,'1496408',1407,,1139,75,0,5,0
3019,'1496410',837,,1141,75,0,5,0
3019,'1496414',1007,,1145,75,0,5,0
3019,'1496415',1637,,1146,75,0,5,0
3019,'1496416',1437,,1147,75,0,5,0
3019,'1496418',1737,,1149,75,0,5,0
3019,'1496419',1207,,1150,75,0,5,0
3019,'1496420',1537,,1151,75,0,5,0
3019,'1496424',1607,,1155,75,0,5,0
3019,'1496428',937,,1159,75,0,5,0
3019,'1496433',637,,1164,44,0,5,0
3019,'1496454',1737,,1167,75,0,5,0
3019,'1496456',2237,,1169,75,0,5,0
3019,'1496461',1937,,1174,75,0,5,0
3019,'1496462',1437,,1175,75,0,5,0
3019,'1496464',2037,,1177,75,0,5,0
3019,'1496466',2330,,1179,75,0,5,0
3019,'1496470',1837,,1183,75,0,5,0
3019,'1496471',737,,1184,75,0,5,0
3019,'1496472',937,,1185,75,0,5,0
3019,'1496476',1037,,1189,75,0,5,0
3019,'1496477',1337,,1190,75,0,5,0
3019,'1496478',1637,,1191,75,0,5,0
3019,'1496480',1137,,1193,75,0,5,0
3019,'1496481',1537,,1194,75,0,5,0
3019,'1496482',2137,,1195,75,0,5,0
3019,'1496483',837,,1196,75,0,5,0
3019,'1496485',1237,,1198,75,0,5,0
3019,'1496628',1737,,1204,75,0,5,0
3019,'1496630',2237,,1206,75,0,5,0
3019,'1496634',1937,,1210,75,0,5,0
3019,'1496635',1437,,1211,75,0,5,0
3019,'1496637',2037,,1213,75,0,5,0
3019,'1496639',2330,,1215,75,0,5,0
3019,'1496643',1837,,1219,75,0,5,0
3019,'1496644',937,,1220,75,0,5,0
3019,'1496648',1037,,1224,75,0,5,0
3019,'1496649',1337,,1225,75,0,5,0
3019,'1496650',1637,,1226,75,0,5,0
3019,'1496652',1137,,1228,75,0,5,0
3019,'1496653',1537,,1229,75,0,5,0
3019,'1496654',2137,,1230,75,0,5,0
3019,'1496655',837,,1231,75,0,5,0
3019,'1496657',1237,,1233,75,0,5,0
