3019,'1496126',918,,1057,93,0,5,0
3019,'1496127',1118,,1058,93,0,5,0
3019,'1496132',1148,,1063,93,0,5,0
3019,'1496135',1718,,1066,93,0,5,0
3019,'1496137',1518,,1068,93,0,5,0
3019,'1496139',1248,,1070,93,0,5,0
3019,'1496140',818,,1071,93,0,5,0
3019,'1496143',748,,1074,93,0,5,0
3019,'1496145',1818,,1076,93,0,5,0
3019,'1496147',1348,,1078,93,0,5,0
3019,'1496148',1048,,1079,93,0,5,0
3019,'1496149',1318,,1080,93,0,5,0
3019,'1496150',1418,,1081,93,0,5,0
3019,'1496152',848,,1083,93,0,5,0
3019,'1496156',1018,,1087,93,0,5,0
3019,'1496157',1648,,1088,93,0,5,0
3019,'1496158',1448,,1089,93,0,5,0
3019,'1496160',1748,,1091,93,0,5,0
3019,'1496161',1218,,1092,93,0,5,0
3019,'1496162',1548,,1093,93,0,5,0
3019,'1496163',618,,1094,15,0,5,0
3019,'1496166',1618,,1097,93,0,5,0
3019,'1496169',948,,1100,93,0,5,0
3019,'1496172',648,,1103,62,0,5,0
3019,'1496375',918,,1106,93,0,5,0
3019,'1496376',1118,,1107,93,0,5,0
3019,'1496379',2148,,1110,93,0,5,0
3019,'1496383',2248,,1114,93,0,5,0
3019,'1496384',1148,,1115,93,0,5,0
3019,'1496387',1718,,1118,93,0,5,0
3019,'1496389',2339,,1120,93,0,5,0
3019,'1496390',1518,,1121,93,0,5,0
3019,'1496391',1948,,1122,93,0,5,0
3019,'1496393',1248,,1124,93,0,5,0
3019,'1496394',818,,1125,93,0,5,0
3019,'1496397',2048,,1128,93,0,5,0
3019,'1496399',748,,1130,93,0,5,0
3019,'1496401',1818,,1132,93,0,5,0
3019,'1496403',1348,,1134,93,0,5,0
3019,'1496405',1848,,1136,93,0,5,0
3019,'1496406',1048,,1137,93,0,5,0
3019,'1496407',1318,,1138,93,0,5,0
3019,'1496408',1418,,1139,93,0,5,0
3019,'1496410',848,,1141,93,0,5,0
3019,'1496414',1018,,1145,93,0,5,0
3019,'1496415',1648,,1146,93,0,5,0
3019,'1496416',1448,,1147,93,0,5,0
3019,'1496418',1748,,1149,93,0,5,0
3019,'1496419',1218,,1150,93,0,5,0
3019,'1496420',1548,,1151,93,0,5,0
3019,'1496421',618,,1152,15,0,5,0
3019,'1496424',1618,,1155,93,0,5,0
3019,'1496428',948,,1159,93,0,5,0
3019,'1496433',648,,1164,62,0,5,0
3019,'1496454',1748,,1167,93,0,5,0
3019,'1496456',2248,,1169,93,0,5,0
3019,'1496461',1948,,1174,93,0,5,0
3019,'1496462',1448,,1175,93,0,5,0
3019,'1496464',2048,,1177,93,0,5,0
3019,'1496466',2339,,1179,93,0,5,0
3019,'1496470',1848,,1183,93,0,5,0
3019,'1496471',748,,1184,93,0,5,0
3019,'1496472',948,,1185,93,0,5,0
3019,'1496476',1048,,1189,93,0,5,0
3019,'1496477',1348,,1190,93,0,5,0
3019,'1496478',1648,,1191,93,0,5,0
3019,'1496480',1148,,1193,93,0,5,0
3019,'1496481',1548,,1194,93,0,5,0
3019,'1496482',2148,,1195,93,0,5,0
3019,'1496483',848,,1196,93,0,5,0
3019,'1496485',1248,,1198,93,0,5,0
3019,'1496489',621,,1202,15,0,5,0
3019,'1496628',1748,,1204,93,0,5,0
3019,'1496630',2248,,1206,93,0,5,0
3019,'1496634',1948,,1210,93,0,5,0
3019,'1496635',1448,,1211,93,0,5,0
3019,'1496637',2048,,1213,93,0,5,0
3019,'1496639',2339,,1215,93,0,5,0
3019,'1496643',1848,,1219,93,0,5,0
3019,'1496644',948,,1220,93,0,5,0
3019,'1496648',1048,,1224,93,0,5,0
3019,'1496649',1348,,1225,93,0,5,0
3019,'1496650',1648,,1226,93,0,5,0
3019,'1496652',1148,,1228,93,0,5,0
3019,'1496653',1548,,1229,93,0,5,0
3019,'1496654',2148,,1230,93,0,5,0
3019,'1496655',848,,1231,93,0,5,0
3019,'1496657',1248,,1233,93,0,5,0
3019,'1496660',718,,1236,15,0,5,0
