3019,'1496125',1534,,1056,6,,,0
3019,'1496128',1704,,1059,6,,,0
3019,'1496129',834,,1060,6,,,0
3019,'1496130',704,,1061,6,,,0
3019,'1496131',1604,,1062,6,,,0
3019,'1496133',1134,,1064,6,,,0
3019,'1496134',1104,,1065,6,,,0
3019,'1496136',734,,1067,6,,,0
3019,'1496138',904,,1069,6,,,0
3019,'1496141',1334,,1072,6,,,0
3019,'1496142',1304,,1073,6,,,0
3019,'1496144',1434,,1075,6,,,0
3019,'1496146',1234,,1077,6,,,0
3019,'1496151',804,,1082,6,,,0
3019,'1496153',1734,,1084,6,,,0
3019,'1496154',1404,,1085,6,,,0
3019,'1496155',1004,,1086,6,,,0
3019,'1496159',1034,,1090,6,,,0
3019,'1496164',1204,,1095,6,,,0
3019,'1496165',1634,,1096,6,,,0
3019,'1496167',934,,1098,6,,,0
3019,'1496168',1504,,1099,6,,,0
3019,'1496173',634,,1104,6,,,0
3019,'1496374',1534,,1105,6,,,0
3019,'1496377',1704,,1108,6,,,0
3019,'1496378',2019,,1109,6,,,0
3019,'1496380',834,,1111,6,,,0
3019,'1496381',704,,1112,6,,,0
3019,'1496382',1604,,1113,6,,,0
3019,'1496385',1134,,1116,6,,,0
3019,'1496386',1104,,1117,6,,,0
3019,'1496388',734,,1119,6,,,0
3019,'1496392',904,,1123,6,,,0
3019,'1496395',2219,,1126,6,,,0
3019,'1496396',1334,,1127,6,,,0
3019,'1496398',1304,,1129,6,,,0
3019,'1496400',1434,,1131,6,,,0
3019,'1496402',1234,,1133,6,,,0
3019,'1496404',2119,,1135,6,,,0
3019,'1496409',804,,1140,6,,,0
3019,'1496411',1734,,1142,6,,,0
3019,'1496412',1404,,1143,6,,,0
3019,'1496413',1004,,1144,6,,,0
3019,'1496417',1034,,1148,6,,,0
3019,'1496422',1204,,1153,6,,,0
3019,'1496423',1634,,1154,6,,,0
3019,'1496425',934,,1156,6,,,0
3019,'1496426',1504,,1157,6,,,0
3019,'1496427',1819,,1158,6,,,0
3019,'1496429',2318,,1160,6,,,0
3019,'1496432',1919,,1163,6,,,0
3019,'1496434',634,,1165,6,,,0
3019,'1496453',719,,1166,6,,,0
3019,'1496455',1419,,1168,6,,,0
3019,'1496457',819,,1170,6,,,0
3019,'1496458',1119,,1171,6,,,0
3019,'1496459',2219,,1172,6,,,0
3019,'1496460',1819,,1173,6,,,0
3019,'1496463',1319,,1176,6,,,0
3019,'1496465',1919,,1178,6,,,0
3019,'1496467',1619,,1180,6,,,0
3019,'1496468',919,,1181,6,,,0
3019,'1496469',1219,,1182,6,,,0
3019,'1496473',2119,,1186,6,,,0
3019,'1496474',1719,,1187,6,,,0
3019,'1496475',1019,,1188,6,,,0
3019,'1496479',1519,,1192,6,,,0
3019,'1496484',2019,,1197,6,,,0
3019,'1496487',2318,,1200,6,,,0
3019,'1496488',619,,1201,6,,,0
3019,'1496627',719,,1203,6,,,0
3019,'1496629',1419,,1205,6,,,0
3019,'1496631',819,,1207,6,,,0
3019,'1496632',1119,,1208,6,,,0
3019,'1496633',1819,,1209,6,,,0
3019,'1496636',1319,,1212,6,,,0
3019,'1496638',1919,,1214,6,,,0
3019,'1496640',1619,,1216,6,,,0
3019,'1496641',919,,1217,6,,,0
3019,'1496642',1219,,1218,6,,,0
3019,'1496645',2119,,1221,6,,,0
3019,'1496646',1719,,1222,6,,,0
3019,'1496647',1019,,1223,6,,,0
3019,'1496651',1519,,1227,6,,,0
3019,'1496656',2019,,1232,6,,,0
3019,'1496659',2318,,1235,6,,,0
