4019,'1496112',706,,1237,58,,,0
4019,'1496113',1106,,1238,58,,,0
4019,'1496114',906,,1239,58,,,0
4019,'1496115',1706,,1240,58,,,0
4019,'1496116',1006,,1241,58,,,0
4019,'1496117',1206,,1242,58,,,0
4019,'1496118',806,,1243,58,,,0
4019,'1496119',1606,,1244,58,,,0
4019,'1496120',1806,,1245,58,,,0
4019,'1496121',1406,,1246,58,,,0
4019,'1496122',1506,,1247,58,,,0
4019,'1496123',1306,,1248,58,,,0
4019,'1496124',606,,1249,24,,,0
4019,'1496355',706,,1250,58,,,0
4019,'1496356',2346,,1251,58,,,0
4019,'1496357',1106,,1252,58,,,0
4019,'1496358',906,,1253,58,,,0
4019,'1496359',2051,,1254,58,,,0
4019,'1496360',1706,,1255,58,,,0
4019,'1496361',1906,,1256,58,,,0
4019,'1496362',2151,,1257,58,,,0
4019,'1496363',1006,,1258,58,,,0
4019,'1496364',1206,,1259,58,,,0
4019,'1496365',1951,,1260,58,,,0
4019,'1496366',806,,1261,58,,,0
4019,'1496367',1606,,1262,58,,,0
4019,'1496368',1806,,1263,58,,,0
4019,'1496369',1406,,1264,58,,,0
4019,'1496370',1506,,1265,58,,,0
4019,'1496371',2251,,1266,58,,,0
4019,'1496372',1306,,1267,58,,,0
4019,'1496373',606,,1268,24,,,0
4019,'1496435',852,,1269,58,,,0
4019,'1496436',752,,1270,58,,,0
4019,'1496437',1652,,1271,58,,,0
4019,'1496438',2252,,1272,58,,,0
4019,'1496439',1752,,1273,58,,,0
4019,'1496440',1452,,1274,58,,,0
4019,'1496441',2152,,1275,58,,,0
4019,'1496442',1052,,1276,58,,,0
4019,'1496443',1952,,1277,58,,,0
4019,'1496444',1552,,1278,58,,,0
4019,'1496445',952,,1279,58,,,0
4019,'1496446',1852,,1280,58,,,0
4019,'1496447',1352,,1281,58,,,0
4019,'1496448',652,,1282,58,,,0
4019,'1496449',2052,,1283,58,,,0
4019,'1496450',1152,,1284,58,,,0
4019,'1496451',1252,,1285,58,,,0
4019,'1496452',2346,,1286,58,,,0
4019,'1496661',852,,1287,58,,,0
4019,'1496662',752,,1288,58,,,0
4019,'1496663',1652,,1289,58,,,0
4019,'1496664',2252,,1290,58,,,0
4019,'1496665',1752,,1291,58,,,0
4019,'1496666',1452,,1292,58,,,0
4019,'1496667',2152,,1293,58,,,0
4019,'1496668',1052,,1294,58,,,0
4019,'1496669',1952,,1295,58,,,0
4019,'1496670',1552,,1296,58,,,0
4019,'1496671',952,,1297,58,,,0
4019,'1496672',1852,,1298,58,,,0
4019,'1496673',1352,,1299,58,,,0
4019,'1496674',2052,,1300,58,,,0
4019,'1496675',1152,,1301,58,,,0
4019,'1496676',1252,,1302,58,,,0
4019,'1496677',2346,,1303,58,,,0
