3019,'1496126',853,,1057,52,0,5,0
3019,'1496127',1053,,1058,52,0,5,0
3019,'1496132',1123,,1063,52,0,5,0
3019,'1496135',1653,,1066,52,0,5,0
3019,'1496137',1453,,1068,52,0,5,0
3019,'1496139',1223,,1070,52,0,5,0
3019,'1496140',753,,1071,52,0,5,0
3019,'1496143',723,,1074,52,0,5,0
3019,'1496145',1753,,1076,52,0,5,0
3019,'1496147',1323,,1078,52,0,5,0
3019,'1496148',1023,,1079,52,0,5,0
3019,'1496149',1253,,1080,52,0,5,0
3019,'1496150',1353,,1081,52,0,5,0
3019,'1496152',823,,1083,52,0,5,0
3019,'1496156',953,,1087,52,0,5,0
3019,'1496157',1623,,1088,52,0,5,0
3019,'1496158',1423,,1089,52,0,5,0
3019,'1496160',1723,,1091,52,0,5,0
3019,'1496161',1153,,1092,52,0,5,0
3019,'1496162',1523,,1093,52,0,5,0
3019,'1496166',1553,,1097,52,0,5,0
3019,'1496169',923,,1100,52,0,5,0
3019,'1496172',623,,1103,21,0,5,0
3019,'1496375',853,,1106,52,0,5,0
3019,'1496376',1053,,1107,52,0,5,0
3019,'1496379',2123,,1110,52,0,5,0
3019,'1496383',2223,,1114,52,0,5,0
3019,'1496384',1123,,1115,52,0,5,0
3019,'1496387',1653,,1118,52,0,5,0
3019,'1496389',2318,,1120,52,0,5,0
3019,'1496390',1453,,1121,52,0,5,0
3019,'1496391',1923,,1122,52,0,5,0
3019,'1496393',1223,,1124,52,0,5,0
3019,'1496394',753,,1125,52,0,5,0
3019,'1496397',2023,,1128,52,0,5,0
3019,'1496399',723,,1130,52,0,5,0
3019,'1496401',1753,,1132,52,0,5,0
3019,'1496403',1323,,1134,52,0,5,0
3019,'1496405',1823,,1136,52,0,5,0
3019,'1496406',1023,,1137,52,0,5,0
3019,'1496407',1253,,1138,52,0,5,0
3019,'1496408',1353,,1139,52,0,5,0
3019,'1496410',823,,1141,52,0,5,0
3019,'1496414',953,,1145,52,0,5,0
3019,'1496415',1623,,1146,52,0,5,0
3019,'1496416',1423,,1147,52,0,5,0
3019,'1496418',1723,,1149,52,0,5,0
3019,'1496419',1153,,1150,52,0,5,0
3019,'1496420',1523,,1151,52,0,5,0
3019,'1496424',1553,,1155,52,0,5,0
3019,'1496428',923,,1159,52,0,5,0
3019,'1496433',623,,1164,21,0,5,0
3019,'1496454',1723,,1167,52,0,5,0
3019,'1496456',2223,,1169,52,0,5,0
3019,'1496461',1923,,1174,52,0,5,0
3019,'1496462',1423,,1175,52,0,5,0
3019,'1496464',2023,,1177,52,0,5,0
3019,'1496466',2319,,1179,52,0,5,0
3019,'1496470',1823,,1183,52,0,5,0
3019,'1496471',723,,1184,52,0,5,0
3019,'1496472',923,,1185,52,0,5,0
3019,'1496476',1023,,1189,52,0,5,0
3019,'1496477',1323,,1190,52,0,5,0
3019,'1496478',1623,,1191,52,0,5,0
3019,'1496480',1123,,1193,52,0,5,0
3019,'1496481',1523,,1194,52,0,5,0
3019,'1496482',2123,,1195,52,0,5,0
3019,'1496483',823,,1196,52,0,5,0
3019,'1496485',1223,,1198,52,0,5,0
3019,'1496628',1723,,1204,52,0,5,0
3019,'1496630',2223,,1206,52,0,5,0
3019,'1496634',1923,,1210,52,0,5,0
3019,'1496635',1423,,1211,52,0,5,0
3019,'1496637',2023,,1213,52,0,5,0
3019,'1496639',2319,,1215,52,0,5,0
3019,'1496643',1823,,1219,52,0,5,0
3019,'1496644',923,,1220,52,0,5,0
3019,'1496648',1023,,1224,52,0,5,0
3019,'1496649',1323,,1225,52,0,5,0
3019,'1496650',1623,,1226,52,0,5,0
3019,'1496652',1123,,1228,52,0,5,0
3019,'1496653',1523,,1229,52,0,5,0
3019,'1496654',2123,,1230,52,0,5,0
3019,'1496655',823,,1231,52,0,5,0
3019,'1496657',1223,,1233,52,0,5,0
