2029,'1488850',623,,970,12,,,0
2029,'1496221',652,,971,72,,,0
2029,'1496281',652,,972,72,,,0
2029,'1497044',953,,973,109,,,0
2029,'1497045',1453,,974,109,,,0
2029,'1497046',1253,,975,109,,,0
2029,'1497047',1323,,976,109,,,0
2029,'1497048',1623,,977,109,,,0
2029,'1497049',1023,,978,109,,,0
2029,'1497050',853,,979,109,,,0
2029,'1497051',1653,,980,109,,,0
2029,'1497052',1523,,981,109,,,0
2029,'1497053',1123,,982,109,,,0
2029,'1497054',753,,983,109,,,0
2029,'1497055',1353,,984,109,,,0
2029,'1497056',1723,,985,109,,,0
2029,'1497057',1553,,986,109,,,0
2029,'1497058',1423,,987,109,,,0
2029,'1497059',823,,988,109,,,0
2029,'1497060',1753,,989,109,,,0
2029,'1497061',1053,,990,109,,,0
2029,'1497062',923,,991,109,,,0
2029,'1497063',1223,,992,109,,,0
2029,'1497064',1153,,993,109,,,0
2029,'1497065',1823,,994,109,,,0
2029,'1497066',2053,,995,109,,,0
2029,'1497067',953,,996,109,,,0
2029,'1497068',1453,,997,109,,,0
2029,'1497069',1253,,998,109,,,0
2029,'1497070',1853,,999,109,,,0
2029,'1497071',1323,,1000,109,,,0
2029,'1497072',1623,,1001,109,,,0
2029,'1497073',1023,,1002,109,,,0
2029,'1497074',2253,,1003,109,,,0
2029,'1497075',853,,1004,109,,,0
2029,'1497076',1653,,1005,109,,,0
2029,'1497077',1523,,1006,109,,,0
2029,'1497078',2346,,1007,109,,,0
2029,'1497079',1123,,1008,109,,,0
2029,'1497080',753,,1009,109,,,0
2029,'1497081',1353,,1010,109,,,0
2029,'1497082',1953,,1011,109,,,0
2029,'1497083',1723,,1012,109,,,0
2029,'1497084',1553,,1013,109,,,0
2029,'1497085',1423,,1014,109,,,0
2029,'1497086',823,,1015,109,,,0
2029,'1497087',1753,,1016,109,,,0
2029,'1497088',1053,,1017,109,,,0
2029,'1497089',923,,1018,109,,,0
2029,'1497090',2153,,1019,109,,,0
2029,'1497091',1223,,1020,109,,,0
2029,'1497092',1153,,1021,109,,,0
2029,'1497093',1823,,1022,109,,,0
2029,'1497094',1753,,1023,109,,,0
2029,'1497095',1153,,1024,109,,,0
2029,'1497096',2253,,1025,109,,,0
2029,'1497097',2346,,1026,109,,,0
2029,'1497098',1053,,1027,109,,,0
2029,'1497099',2053,,1028,109,,,0
2029,'1497100',953,,1029,109,,,0
2029,'1497101',1553,,1030,109,,,0
2029,'1497102',2153,,1031,109,,,0
2029,'1497103',1853,,1032,109,,,0
2029,'1497104',1253,,1033,109,,,0
2029,'1497105',1453,,1034,109,,,0
2029,'1497106',853,,1035,109,,,0
2029,'1497107',1353,,1036,109,,,0
2029,'1497108',1953,,1037,109,,,0
2029,'1497109',1653,,1038,109,,,0
2029,'1497110',753,,1039,109,,,0
2029,'1497111',1753,,1040,109,,,0
2029,'1497112',1153,,1041,109,,,0
2029,'1497113',2253,,1042,109,,,0
2029,'1497114',2346,,1043,109,,,0
2029,'1497115',1053,,1044,109,,,0
2029,'1497116',2053,,1045,109,,,0
2029,'1497117',953,,1046,109,,,0
2029,'1497118',1553,,1047,109,,,0
2029,'1497119',2153,,1048,109,,,0
2029,'1497120',1853,,1049,109,,,0
2029,'1497121',1253,,1050,109,,,0
2029,'1497122',1453,,1051,109,,,0
2029,'1497123',853,,1052,109,,,0
2029,'1497124',1353,,1053,109,,,0
2029,'1497125',1953,,1054,109,,,0
2029,'1497126',1653,,1055,109,,,0
