3019,'1496126',914,,1057,88,0,5,0
3019,'1496127',1114,,1058,88,0,5,0
3019,'1496132',1144,,1063,88,0,5,0
3019,'1496135',1714,,1066,88,0,5,0
3019,'1496137',1514,,1068,88,0,5,0
3019,'1496139',1244,,1070,88,0,5,0
3019,'1496140',814,,1071,88,0,5,0
3019,'1496143',744,,1074,88,0,5,0
3019,'1496145',1814,,1076,88,0,5,0
3019,'1496147',1344,,1078,88,0,5,0
3019,'1496148',1044,,1079,88,0,5,0
3019,'1496149',1314,,1080,88,0,5,0
3019,'1496150',1414,,1081,88,0,5,0
3019,'1496152',844,,1083,88,0,5,0
3019,'1496156',1014,,1087,88,0,5,0
3019,'1496157',1644,,1088,88,0,5,0
3019,'1496158',1444,,1089,88,0,5,0
3019,'1496160',1744,,1091,88,0,5,0
3019,'1496161',1214,,1092,88,0,5,0
3019,'1496162',1544,,1093,88,0,5,0
3019,'1496163',614,,1094,10,0,5,0
3019,'1496166',1614,,1097,88,0,5,0
3019,'1496169',944,,1100,88,0,5,0
3019,'1496172',644,,1103,57,0,5,0
3019,'1496375',914,,1106,88,0,5,0
3019,'1496376',1114,,1107,88,0,5,0
3019,'1496379',2144,,1110,88,0,5,0
3019,'1496383',2244,,1114,88,0,5,0
3019,'1496384',1144,,1115,88,0,5,0
3019,'1496387',1714,,1118,88,0,5,0
3019,'1496389',2336,,1120,88,0,5,0
3019,'1496390',1514,,1121,88,0,5,0
3019,'1496391',1944,,1122,88,0,5,0
3019,'1496393',1244,,1124,88,0,5,0
3019,'1496394',814,,1125,88,0,5,0
3019,'1496397',2044,,1128,88,0,5,0
3019,'1496399',744,,1130,88,0,5,0
3019,'1496401',1814,,1132,88,0,5,0
3019,'1496403',1344,,1134,88,0,5,0
3019,'1496405',1844,,1136,88,0,5,0
3019,'1496406',1044,,1137,88,0,5,0
3019,'1496407',1314,,1138,88,0,5,0
3019,'1496408',1414,,1139,88,0,5,0
3019,'1496410',844,,1141,88,0,5,0
3019,'1496414',1014,,1145,88,0,5,0
3019,'1496415',1644,,1146,88,0,5,0
3019,'1496416',1444,,1147,88,0,5,0
3019,'1496418',1744,,1149,88,0,5,0
3019,'1496419',1214,,1150,88,0,5,0
3019,'1496420',1544,,1151,88,0,5,0
3019,'1496421',614,,1152,10,0,5,0
3019,'1496424',1614,,1155,88,0,5,0
3019,'1496428',944,,1159,88,0,5,0
3019,'1496433',644,,1164,57,0,5,0
3019,'1496454',1744,,1167,88,0,5,0
3019,'1496456',2244,,1169,88,0,5,0
3019,'1496461',1944,,1174,88,0,5,0
3019,'1496462',1444,,1175,88,0,5,0
3019,'1496464',2044,,1177,88,0,5,0
3019,'1496466',2336,,1179,88,0,5,0
3019,'1496470',1844,,1183,88,0,5,0
3019,'1496471',744,,1184,88,0,5,0
3019,'1496472',944,,1185,88,0,5,0
3019,'1496476',1044,,1189,88,0,5,0
3019,'1496477',1344,,1190,88,0,5,0
3019,'1496478',1644,,1191,88,0,5,0
3019,'1496480',1144,,1193,88,0,5,0
3019,'1496481',1544,,1194,88,0,5,0
3019,'1496482',2144,,1195,88,0,5,0
3019,'1496483',844,,1196,88,0,5,0
3019,'1496485',1244,,1198,88,0,5,0
3019,'1496489',618,,1202,10,0,5,0
3019,'1496628',1744,,1204,88,0,5,0
3019,'1496630',2244,,1206,88,0,5,0
3019,'1496634',1944,,1210,88,0,5,0
3019,'1496635',1444,,1211,88,0,5,0
3019,'1496637',2044,,1213,88,0,5,0
3019,'1496639',2336,,1215,88,0,5,0
3019,'1496643',1844,,1219,88,0,5,0
3019,'1496644',944,,1220,88,0,5,0
3019,'1496648',1044,,1224,88,0,5,0
3019,'1496649',1344,,1225,88,0,5,0
3019,'1496650',1644,,1226,88,0,5,0
3019,'1496652',1144,,1228,88,0,5,0
3019,'1496653',1544,,1229,88,0,5,0
3019,'1496654',2144,,1230,88,0,5,0
3019,'1496655',844,,1231,88,0,5,0
3019,'1496657',1244,,1233,88,0,5,0
3019,'1496660',714,,1236,10,0,5,0
