3019,'1496126',916,,1057,90,0,5,0
3019,'1496127',1116,,1058,90,0,5,0
3019,'1496132',1146,,1063,90,0,5,0
3019,'1496135',1716,,1066,90,0,5,0
3019,'1496137',1516,,1068,90,0,5,0
3019,'1496139',1246,,1070,90,0,5,0
3019,'1496140',816,,1071,90,0,5,0
3019,'1496143',746,,1074,90,0,5,0
3019,'1496145',1816,,1076,90,0,5,0
3019,'1496147',1346,,1078,90,0,5,0
3019,'1496148',1046,,1079,90,0,5,0
3019,'1496149',1316,,1080,90,0,5,0
3019,'1496150',1416,,1081,90,0,5,0
3019,'1496152',846,,1083,90,0,5,0
3019,'1496156',1016,,1087,90,0,5,0
3019,'1496157',1646,,1088,90,0,5,0
3019,'1496158',1446,,1089,90,0,5,0
3019,'1496160',1746,,1091,90,0,5,0
3019,'1496161',1216,,1092,90,0,5,0
3019,'1496162',1546,,1093,90,0,5,0
3019,'1496163',616,,1094,12,0,5,0
3019,'1496166',1616,,1097,90,0,5,0
3019,'1496169',946,,1100,90,0,5,0
3019,'1496172',646,,1103,59,0,5,0
3019,'1496375',916,,1106,90,0,5,0
3019,'1496376',1116,,1107,90,0,5,0
3019,'1496379',2146,,1110,90,0,5,0
3019,'1496383',2246,,1114,90,0,5,0
3019,'1496384',1146,,1115,90,0,5,0
3019,'1496387',1716,,1118,90,0,5,0
3019,'1496389',2337,,1120,90,0,5,0
3019,'1496390',1516,,1121,90,0,5,0
3019,'1496391',1946,,1122,90,0,5,0
3019,'1496393',1246,,1124,90,0,5,0
3019,'1496394',816,,1125,90,0,5,0
3019,'1496397',2046,,1128,90,0,5,0
3019,'1496399',746,,1130,90,0,5,0
3019,'1496401',1816,,1132,90,0,5,0
3019,'1496403',1346,,1134,90,0,5,0
3019,'1496405',1846,,1136,90,0,5,0
3019,'1496406',1046,,1137,90,0,5,0
3019,'1496407',1316,,1138,90,0,5,0
3019,'1496408',1416,,1139,90,0,5,0
3019,'1496410',846,,1141,90,0,5,0
3019,'1496414',1016,,1145,90,0,5,0
3019,'1496415',1646,,1146,90,0,5,0
3019,'1496416',1446,,1147,90,0,5,0
3019,'1496418',1746,,1149,90,0,5,0
3019,'1496419',1216,,1150,90,0,5,0
3019,'1496420',1546,,1151,90,0,5,0
3019,'1496421',616,,1152,12,0,5,0
3019,'1496424',1616,,1155,90,0,5,0
3019,'1496428',946,,1159,90,0,5,0
3019,'1496433',646,,1164,59,0,5,0
3019,'1496454',1746,,1167,90,0,5,0
3019,'1496456',2246,,1169,90,0,5,0
3019,'1496461',1946,,1174,90,0,5,0
3019,'1496462',1446,,1175,90,0,5,0
3019,'1496464',2046,,1177,90,0,5,0
3019,'1496466',2337,,1179,90,0,5,0
3019,'1496470',1846,,1183,90,0,5,0
3019,'1496471',746,,1184,90,0,5,0
3019,'1496472',946,,1185,90,0,5,0
3019,'1496476',1046,,1189,90,0,5,0
3019,'1496477',1346,,1190,90,0,5,0
3019,'1496478',1646,,1191,90,0,5,0
3019,'1496480',1146,,1193,90,0,5,0
3019,'1496481',1546,,1194,90,0,5,0
3019,'1496482',2146,,1195,90,0,5,0
3019,'1496483',846,,1196,90,0,5,0
3019,'1496485',1246,,1198,90,0,5,0
3019,'1496489',619,,1202,12,0,5,0
3019,'1496628',1746,,1204,90,0,5,0
3019,'1496630',2246,,1206,90,0,5,0
3019,'1496634',1946,,1210,90,0,5,0
3019,'1496635',1446,,1211,90,0,5,0
3019,'1496637',2046,,1213,90,0,5,0
3019,'1496639',2337,,1215,90,0,5,0
3019,'1496643',1846,,1219,90,0,5,0
3019,'1496644',946,,1220,90,0,5,0
3019,'1496648',1046,,1224,90,0,5,0
3019,'1496649',1346,,1225,90,0,5,0
3019,'1496650',1646,,1226,90,0,5,0
3019,'1496652',1146,,1228,90,0,5,0
3019,'1496653',1546,,1229,90,0,5,0
3019,'1496654',2146,,1230,90,0,5,0
3019,'1496655',846,,1231,90,0,5,0
3019,'1496657',1246,,1233,90,0,5,0
3019,'1496660',716,,1236,12,0,5,0
