1019,'1496067',747,,702,57,,,0
1019,'1496069',847,,703,57,,,0
1019,'1496071',1617,,704,57,,,0
1019,'1496072',1717,,705,57,,,0
1019,'1496074',817,,706,57,,,0
1019,'1496075',1517,,707,57,,,0
1019,'1496076',1317,,708,57,,,0
1019,'1496080',1417,,709,57,,,0
1019,'1496085',1117,,710,57,,,0
1019,'1496087',1347,,711,57,,,0
1019,'1496089',917,,712,57,,,0
1019,'1496090',1217,,713,57,,,0
1019,'1496091',1017,,714,57,,,0
1019,'1496093',1817,,715,57,,,0
1019,'1496095',1047,,716,57,,,0
1019,'1496097',947,,717,57,,,0
1019,'1496099',1447,,718,57,,,0
1019,'1496100',1547,,719,57,,,0
1019,'1496102',717,,720,57,,,0
1019,'1496103',1247,,721,57,,,0
1019,'1496104',1147,,722,57,,,0
1019,'1496107',1747,,723,57,,,0
1019,'1496109',1647,,724,57,,,0
1019,'1496110',617,,725,26,,,0
1019,'1496296',747,,726,57,,,0
1019,'1496298',847,,727,57,,,0
1019,'1496301',1617,,728,57,,,0
1019,'1496302',2202,,729,57,,,0
1019,'1496303',1717,,730,57,,,0
1019,'1496305',817,,731,57,,,0
1019,'1496306',1517,,732,57,,,0
1019,'1496307',1317,,733,57,,,0
1019,'1496308',1847,,734,57,,,0
1019,'1496313',1417,,735,57,,,0
1019,'1496314',2002,,736,57,,,0
1019,'1496315',2102,,737,57,,,0
1019,'1496321',1117,,738,57,,,0
1019,'1496323',1347,,739,57,,,0
1019,'1496326',917,,740,57,,,0
1019,'1496327',1217,,741,57,,,0
1019,'1496328',1017,,742,57,,,0
1019,'1496330',2353,,743,57,,,0
1019,'1496331',1817,,744,57,,,0
1019,'1496334',1047,,745,57,,,0
1019,'1496336',947,,746,57,,,0
1019,'1496338',2302,,747,57,,,0
1019,'1496340',1447,,748,57,,,0
1019,'1496341',1547,,749,57,,,0
1019,'1496343',717,,750,57,,,0
1019,'1496344',1247,,751,57,,,0
1019,'1496345',1147,,752,57,,,0
1019,'1496348',1747,,753,57,,,0
1019,'1496350',1647,,754,57,,,0
1019,'1496351',617,,755,26,,,0
1019,'1496353',1917,,756,57,,,0
1019,'1496526',1402,,757,57,,,0
1019,'1496529',2002,,758,57,,,0
1019,'1496530',802,,759,57,,,0
1019,'1496531',702,,760,57,,,0
1019,'1496532',2102,,761,57,,,0
1019,'1496536',1102,,762,57,,,0
1019,'1496538',1502,,763,57,,,0
1019,'1496541',1702,,764,57,,,0
1019,'1496543',1202,,765,57,,,0
1019,'1496546',2202,,766,57,,,0
1019,'1496548',1602,,767,57,,,0
1019,'1496549',1802,,768,57,,,0
1019,'1496553',1002,,769,57,,,0
1019,'1496554',902,,770,57,,,0
1019,'1496557',1302,,771,57,,,0
1019,'1496558',1902,,772,57,,,0
1019,'1496559',2351,,773,57,,,0
1019,'1496560',2302,,774,57,,,0
1019,'1496561',1402,,775,57,,,0
1019,'1496564',2002,,776,57,,,0
1019,'1496565',802,,777,57,,,0
1019,'1496566',2102,,778,57,,,0
1019,'1496570',1102,,779,57,,,0
1019,'1496572',1502,,780,57,,,0
1019,'1496575',1702,,781,57,,,0
1019,'1496576',1202,,782,57,,,0
1019,'1496579',2202,,783,57,,,0
1019,'1496581',1602,,784,57,,,0
1019,'1496582',1802,,785,57,,,0
1019,'1496586',1002,,786,57,,,0
1019,'1496587',902,,787,57,,,0
1019,'1496590',1302,,788,57,,,0
1019,'1496591',1902,,789,57,,,0
1019,'1496592',2351,,790,57,,,0
1019,'1496593',2302,,791,57,,,0
