1019,'1491950',724,,37,27,,,0
1019,'1491952',824,,38,27,,,0
1019,'1491955',1554,,39,27,,,0
1019,'1491956',2139,,40,27,,,0
1019,'1491957',1654,,41,27,,,0
1019,'1491959',754,,42,27,,,0
1019,'1491960',1454,,43,27,,,0
1019,'1491961',1254,,44,27,,,0
1019,'1491962',1824,,45,27,,,0
1019,'1491967',1354,,46,27,,,0
1019,'1491968',1939,,47,27,,,0
1019,'1491969',2039,,48,27,,,0
1019,'1491975',1054,,49,27,,,0
1019,'1491977',1324,,50,27,,,0
1019,'1491980',854,,51,27,,,0
1019,'1491981',1154,,52,27,,,0
1019,'1491982',954,,53,27,,,0
1019,'1491984',2337,,54,27,,,0
1019,'1491985',1754,,55,27,,,0
1019,'1491988',1024,,56,27,,,0
1019,'1491990',924,,57,27,,,0
1019,'1491992',2239,,58,27,,,0
1019,'1491994',1424,,59,27,,,0
1019,'1491995',1524,,60,27,,,0
1019,'1491997',654,,61,27,,,0
1019,'1491998',1224,,62,27,,,0
1019,'1491999',1124,,63,27,,,0
1019,'1492002',1724,,64,27,,,0
1019,'1492004',1624,,65,27,,,0
1019,'1492007',1854,,67,27,,,0
1019,'1496918',1339,,576,28,,,0
1019,'1496921',1939,,577,28,,,0
1019,'1496922',739,,578,28,,,0
1019,'1496923',639,,579,28,,,0
1019,'1496924',2039,,580,28,,,0
1019,'1496928',1039,,581,28,,,0
1019,'1496930',1439,,582,28,,,0
1019,'1496933',1639,,583,28,,,0
1019,'1496935',1139,,584,28,,,0
1019,'1496938',2139,,585,28,,,0
1019,'1496940',1539,,586,28,,,0
1019,'1496941',1739,,587,28,,,0
1019,'1496945',939,,588,28,,,0
1019,'1496946',839,,589,28,,,0
1019,'1496949',1239,,590,28,,,0
1019,'1496950',1839,,591,28,,,0
1019,'1496951',2337,,592,28,,,0
1019,'1496952',2239,,593,28,,,0
4019,'1491929',643,,525,22,,,0
4019,'1491930',2326,,526,22,,,0
4019,'1491931',1043,,527,22,,,0
4019,'1491932',843,,528,22,,,0
4019,'1491933',2028,,529,22,,,0
4019,'1491934',1643,,530,22,,,0
4019,'1491935',1843,,531,22,,,0
4019,'1491936',2128,,532,22,,,0
4019,'1491937',943,,533,22,,,0
4019,'1491938',1143,,534,22,,,0
4019,'1491939',1928,,535,22,,,0
4019,'1491940',743,,536,22,,,0
4019,'1491941',1543,,537,22,,,0
4019,'1491942',1743,,538,22,,,0
4019,'1491943',1343,,539,22,,,0
4019,'1491944',1443,,540,22,,,0
4019,'1491945',2228,,541,22,,,0
4019,'1491946',1243,,542,22,,,0
4019,'1497026',828,,684,22,,,0
4019,'1497027',728,,685,22,,,0
4019,'1497028',1628,,686,22,,,0
4019,'1497029',2228,,687,22,,,0
4019,'1497030',1728,,688,22,,,0
4019,'1497031',1428,,689,22,,,0
4019,'1497032',2128,,690,22,,,0
4019,'1497033',1028,,691,22,,,0
4019,'1497034',1928,,692,22,,,0
4019,'1497035',1528,,693,22,,,0
4019,'1497036',928,,694,22,,,0
4019,'1497037',1828,,695,22,,,0
4019,'1497038',1328,,696,22,,,0
4019,'1497039',628,,697,22,,,0
4019,'1497040',2028,,698,22,,,0
4019,'1497041',1128,,699,22,,,0
4019,'1497042',1228,,700,22,,,0
4019,'1497043',2326,,701,22,,,0
