3019,'1496125',1548,,1056,35,,,0
3019,'1496126',926,,1057,106,0,5,0
3019,'1496127',1126,,1058,106,0,5,0
3019,'1496128',1718,,1059,35,,,0
3019,'1496129',848,,1060,35,,,0
3019,'1496130',718,,1061,35,,,0
3019,'1496131',1618,,1062,35,,,0
3019,'1496132',1156,,1063,106,0,5,0
3019,'1496133',1148,,1064,35,,,0
3019,'1496134',1118,,1065,35,,,0
3019,'1496135',1726,,1066,106,0,5,0
3019,'1496136',748,,1067,35,,,0
3019,'1496137',1526,,1068,106,0,5,0
3019,'1496138',918,,1069,35,,,0
3019,'1496139',1256,,1070,106,0,5,0
3019,'1496140',826,,1071,106,0,5,0
3019,'1496141',1348,,1072,35,,,0
3019,'1496142',1318,,1073,35,,,0
3019,'1496143',756,,1074,106,0,5,0
3019,'1496144',1448,,1075,35,,,0
3019,'1496145',1826,,1076,106,0,5,0
3019,'1496146',1248,,1077,35,,,0
3019,'1496147',1356,,1078,106,0,5,0
3019,'1496148',1056,,1079,106,0,5,0
3019,'1496149',1326,,1080,106,0,5,0
3019,'1496150',1426,,1081,106,0,5,0
3019,'1496151',818,,1082,35,,,0
3019,'1496152',856,,1083,106,0,5,0
3019,'1496153',1748,,1084,35,,,0
3019,'1496154',1418,,1085,35,,,0
3019,'1496155',1018,,1086,35,,,0
3019,'1496156',1026,,1087,106,0,5,0
3019,'1496157',1656,,1088,106,0,5,0
3019,'1496158',1456,,1089,106,0,5,0
3019,'1496159',1048,,1090,35,,,0
3019,'1496160',1756,,1091,106,0,5,0
3019,'1496161',1226,,1092,106,0,5,0
3019,'1496162',1556,,1093,106,0,5,0
3019,'1496163',626,,1094,28,0,5,0
3019,'1496164',1218,,1095,35,,,0
3019,'1496165',1648,,1096,35,,,0
3019,'1496166',1626,,1097,106,0,5,0
3019,'1496167',948,,1098,35,,,0
3019,'1496168',1518,,1099,35,,,0
3019,'1496169',956,,1100,106,0,5,0
3019,'1496172',656,,1103,75,0,5,0
3019,'1496173',648,,1104,35,,,0
3019,'1496374',1548,,1105,35,,,0
3019,'1496375',926,,1106,106,0,5,0
3019,'1496376',1126,,1107,106,0,5,0
3019,'1496377',1718,,1108,35,,,0
3019,'1496378',2033,,1109,35,,,0
3019,'1496379',2156,,1110,106,0,5,0
3019,'1496380',848,,1111,35,,,0
3019,'1496381',718,,1112,35,,,0
3019,'1496382',1618,,1113,35,,,0
3019,'1496383',2256,,1114,106,0,5,0
3019,'1496384',1156,,1115,106,0,5,0
3019,'1496385',1148,,1116,35,,,0
3019,'1496386',1118,,1117,35,,,0
3019,'1496387',1726,,1118,106,0,5,0
3019,'1496388',748,,1119,35,,,0
3019,'1496389',2346,,1120,106,0,5,0
3019,'1496390',1526,,1121,106,0,5,0
3019,'1496391',1956,,1122,106,0,5,0
3019,'1496392',918,,1123,35,,,0
3019,'1496393',1256,,1124,106,0,5,0
3019,'1496394',826,,1125,106,0,5,0
3019,'1496395',2233,,1126,35,,,0
3019,'1496396',1348,,1127,35,,,0
3019,'1496397',2056,,1128,106,0,5,0
3019,'1496398',1318,,1129,35,,,0
3019,'1496399',756,,1130,106,0,5,0
3019,'1496400',1448,,1131,35,,,0
3019,'1496401',1826,,1132,106,0,5,0
3019,'1496402',1248,,1133,35,,,0
3019,'1496403',1356,,1134,106,0,5,0
3019,'1496404',2133,,1135,35,,,0
3019,'1496405',1856,,1136,106,0,5,0
3019,'1496406',1056,,1137,106,0,5,0
3019,'1496407',1326,,1138,106,0,5,0
3019,'1496408',1426,,1139,106,0,5,0
3019,'1496409',818,,1140,35,,,0
3019,'1496410',856,,1141,106,0,5,0
3019,'1496411',1748,,1142,35,,,0
3019,'1496412',1418,,1143,35,,,0
3019,'1496413',1018,,1144,35,,,0
3019,'1496414',1026,,1145,106,0,5,0
3019,'1496415',1656,,1146,106,0,5,0
3019,'1496416',1456,,1147,106,0,5,0
3019,'1496417',1048,,1148,35,,,0
3019,'1496418',1756,,1149,106,0,5,0
3019,'1496419',1226,,1150,106,0,5,0
3019,'1496420',1556,,1151,106,0,5,0
3019,'1496421',626,,1152,28,0,5,0
3019,'1496422',1218,,1153,35,,,0
3019,'1496423',1648,,1154,35,,,0
3019,'1496424',1626,,1155,106,0,5,0
3019,'1496425',948,,1156,35,,,0
3019,'1496426',1518,,1157,35,,,0
3019,'1496427',1833,,1158,35,,,0
3019,'1496428',956,,1159,106,0,5,0
3019,'1496429',2331,,1160,35,,,0
3019,'1496432',1933,,1163,35,,,0
3019,'1496433',656,,1164,75,0,5,0
3019,'1496434',648,,1165,35,,,0
3019,'1496453',733,,1166,35,,,0
3019,'1496454',1756,,1167,106,0,5,0
3019,'1496455',1433,,1168,35,,,0
3019,'1496456',2256,,1169,106,0,5,0
3019,'1496457',833,,1170,35,,,0
3019,'1496458',1133,,1171,35,,,0
3019,'1496459',2233,,1172,35,,,0
3019,'1496460',1833,,1173,35,,,0
3019,'1496461',1956,,1174,106,0,5,0
3019,'1496462',1456,,1175,106,0,5,0
3019,'1496463',1333,,1176,35,,,0
3019,'1496464',2056,,1177,106,0,5,0
3019,'1496465',1933,,1178,35,,,0
3019,'1496466',2346,,1179,106,0,5,0
3019,'1496467',1633,,1180,35,,,0
3019,'1496468',933,,1181,35,,,0
3019,'1496469',1233,,1182,35,,,0
3019,'1496470',1856,,1183,106,0,5,0
3019,'1496471',756,,1184,106,0,5,0
3019,'1496472',956,,1185,106,0,5,0
3019,'1496473',2133,,1186,35,,,0
3019,'1496474',1733,,1187,35,,,0
3019,'1496475',1033,,1188,35,,,0
3019,'1496476',1056,,1189,106,0,5,0
3019,'1496477',1356,,1190,106,0,5,0
3019,'1496478',1656,,1191,106,0,5,0
3019,'1496479',1533,,1192,35,,,0
3019,'1496480',1156,,1193,106,0,5,0
3019,'1496481',1556,,1194,106,0,5,0
3019,'1496482',2156,,1195,106,0,5,0
3019,'1496483',856,,1196,106,0,5,0
3019,'1496484',2033,,1197,35,,,0
3019,'1496485',1256,,1198,106,0,5,0
3019,'1496487',2331,,1200,35,,,0
3019,'1496488',633,,1201,35,,,0
3019,'1496489',626,,1202,28,0,5,0
3019,'1496627',733,,1203,35,,,0
3019,'1496628',1756,,1204,106,0,5,0
3019,'1496629',1433,,1205,35,,,0
3019,'1496630',2256,,1206,106,0,5,0
3019,'1496631',833,,1207,35,,,0
3019,'1496632',1133,,1208,35,,,0
3019,'1496633',1833,,1209,35,,,0
3019,'1496634',1956,,1210,106,0,5,0
3019,'1496635',1456,,1211,106,0,5,0
3019,'1496636',1333,,1212,35,,,0
3019,'1496637',2056,,1213,106,0,5,0
3019,'1496638',1933,,1214,35,,,0
3019,'1496639',2346,,1215,106,0,5,0
3019,'1496640',1633,,1216,35,,,0
3019,'1496641',933,,1217,35,,,0
3019,'1496642',1233,,1218,35,,,0
3019,'1496643',1856,,1219,106,0,5,0
3019,'1496644',956,,1220,106,0,5,0
3019,'1496645',2133,,1221,35,,,0
3019,'1496646',1733,,1222,35,,,0
3019,'1496647',1033,,1223,35,,,0
3019,'1496648',1056,,1224,106,0,5,0
3019,'1496649',1356,,1225,106,0,5,0
3019,'1496650',1656,,1226,106,0,5,0
3019,'1496651',1533,,1227,35,,,0
3019,'1496652',1156,,1228,106,0,5,0
3019,'1496653',1556,,1229,106,0,5,0
3019,'1496654',2156,,1230,106,0,5,0
3019,'1496655',856,,1231,106,0,5,0
3019,'1496656',2033,,1232,35,,,0
3019,'1496657',1256,,1233,106,0,5,0
3019,'1496659',2331,,1235,35,,,0
3019,'1496660',726,,1236,28,0,5,0
