3019,'1491899',1550,,370,41,,,0
3019,'1491900',1720,,371,41,,,0
3019,'1491901',2035,,372,41,,,0
3019,'1491902',850,,373,41,,,0
3019,'1491903',720,,374,41,,,0
3019,'1491904',1620,,375,41,,,0
3019,'1491905',1150,,376,41,,,0
3019,'1491906',1120,,377,41,,,0
3019,'1491907',750,,378,41,,,0
3019,'1491908',920,,379,41,,,0
3019,'1491909',2235,,380,41,,,0
3019,'1491910',1350,,381,41,,,0
3019,'1491911',1320,,382,41,,,0
3019,'1491912',1450,,383,41,,,0
3019,'1491913',1250,,384,41,,,0
3019,'1491914',2135,,385,41,,,0
3019,'1491915',820,,386,41,,,0
3019,'1491916',1750,,387,41,,,0
3019,'1491917',1420,,388,41,,,0
3019,'1491918',1020,,389,41,,,0
3019,'1491919',1050,,390,41,,,0
3019,'1491920',1220,,391,41,,,0
3019,'1491921',1650,,392,41,,,0
3019,'1491922',950,,393,41,,,0
3019,'1491923',1520,,394,41,,,0
3019,'1491924',1835,,395,41,,,0
3019,'1491925',2333,,396,41,,,0
3019,'1491928',1935,,399,41,,,0
3019,'1492021',650,,400,41,,,0
3019,'1496989',735,,647,40,,,0
3019,'1496991',1435,,649,40,,,0
3019,'1496993',835,,651,40,,,0
3019,'1496994',1135,,652,40,,,0
3019,'1496995',2235,,653,40,,,0
3019,'1496996',1835,,654,40,,,0
3019,'1496999',1335,,657,40,,,0
3019,'1497001',1935,,659,40,,,0
3019,'1497003',1635,,661,40,,,0
3019,'1497004',935,,662,40,,,0
3019,'1497005',1235,,663,40,,,0
3019,'1497009',2135,,667,40,,,0
3019,'1497010',1735,,668,40,,,0
3019,'1497011',1035,,669,40,,,0
3019,'1497015',1535,,673,40,,,0
3019,'1497020',2035,,678,40,,,0
3019,'1497023',2333,,681,40,,,0
3019,'1497024',635,,682,40,,,0
