1019,'1491950',735,,37,44,,,0
1019,'1491952',835,,38,44,,,0
1019,'1491955',1605,,39,44,,,0
1019,'1491956',2150,,40,44,,,0
1019,'1491957',1705,,41,44,,,0
1019,'1491959',805,,42,44,,,0
1019,'1491960',1505,,43,44,,,0
1019,'1491961',1305,,44,44,,,0
1019,'1491962',1835,,45,44,,,0
1019,'1491967',1405,,46,44,,,0
1019,'1491968',1950,,47,44,,,0
1019,'1491969',2050,,48,44,,,0
1019,'1491975',1105,,49,44,,,0
1019,'1491977',1335,,50,44,,,0
1019,'1491980',905,,51,44,,,0
1019,'1491981',1205,,52,44,,,0
1019,'1491982',1005,,53,44,,,0
1019,'1491984',2343,,54,44,,,0
1019,'1491985',1805,,55,44,,,0
1019,'1491988',1035,,56,44,,,0
1019,'1491990',935,,57,44,,,0
1019,'1491992',2250,,58,44,,,0
1019,'1491994',1435,,59,44,,,0
1019,'1491995',1535,,60,44,,,0
1019,'1491997',705,,61,44,,,0
1019,'1491998',1235,,62,44,,,0
1019,'1491999',1135,,63,44,,,0
1019,'1492002',1735,,64,44,,,0
1019,'1492004',1635,,65,44,,,0
1019,'1492005',605,,66,14,,,0
1019,'1492007',1905,,67,44,,,0
1019,'1496918',1350,,576,45,,,0
1019,'1496921',1950,,577,45,,,0
1019,'1496922',750,,578,45,,,0
1019,'1496923',650,,579,45,,,0
1019,'1496924',2050,,580,45,,,0
1019,'1496928',1050,,581,45,,,0
1019,'1496930',1450,,582,45,,,0
1019,'1496933',1650,,583,45,,,0
1019,'1496935',1150,,584,45,,,0
1019,'1496938',2150,,585,45,,,0
1019,'1496940',1550,,586,45,,,0
1019,'1496941',1750,,587,45,,,0
1019,'1496945',950,,588,45,,,0
1019,'1496946',850,,589,45,,,0
1019,'1496949',1250,,590,45,,,0
1019,'1496950',1850,,591,45,,,0
1019,'1496951',2343,,592,45,,,0
1019,'1496952',2250,,593,45,,,0
