1029,'1491948',1505,,124,63,,,0
1029,'1491949',1605,,125,63,,,0
1029,'1491951',1705,,126,63,,,0
1029,'1491953',805,,127,63,,,0
1029,'1491954',2135,,128,63,,,0
1029,'1491958',1105,,129,63,,,0
1029,'1491963',2035,,130,63,,,0
1029,'1491964',935,,131,63,,,0
1029,'1491965',1735,,132,63,,,0
1029,'1491966',1635,,133,63,,,0
1029,'1491970',1835,,134,63,,,0
1029,'1491971',1235,,135,63,,,0
1029,'1491972',1305,,136,63,,,0
1029,'1491973',1435,,137,63,,,0
1029,'1491974',1035,,138,63,,,0
1029,'1491976',735,,139,63,,,0
1029,'1491978',1905,,140,63,,,0
1029,'1491979',1805,,141,63,,,0
1029,'1491983',1405,,142,63,,,0
1029,'1491986',1005,,143,63,,,0
1029,'1491987',2235,,144,63,,,0
1029,'1491989',1205,,145,63,,,0
1029,'1491991',2335,,146,63,,,0
1029,'1491993',905,,147,63,,,0
1029,'1491996',835,,148,63,,,0
1029,'1492000',1535,,149,63,,,0
1029,'1492001',1335,,150,63,,,0
1029,'1492003',1135,,151,63,,,0
1029,'1492006',635,,152,18,,,0
1029,'1492008',1935,,153,63,,,0
1029,'1496919',1935,,594,63,,,0
1029,'1496920',2135,,595,63,,,0
1029,'1496925',1835,,596,63,,,0
1029,'1496926',2235,,597,63,,,0
1029,'1496927',1335,,598,63,,,0
1029,'1496929',1135,,599,63,,,0
1029,'1496931',1035,,600,63,,,0
1029,'1496932',2035,,601,63,,,0
1029,'1496934',735,,602,63,,,0
1029,'1496936',2335,,603,63,,,0
1029,'1496937',1535,,604,63,,,0
1029,'1496939',1635,,605,63,,,0
1029,'1496942',835,,606,63,,,0
1029,'1496943',1235,,607,63,,,0
1029,'1496944',935,,608,63,,,0
1029,'1496947',1735,,609,63,,,0
1029,'1496948',1435,,610,63,,,0
