2029,'1492022',2034,,280,81,,,0
2029,'1492026',934,,281,81,,,0
2029,'1492029',1434,,282,81,,,0
2029,'1492030',1234,,283,81,,,0
2029,'1492031',1834,,284,81,,,0
2029,'1492033',1304,,285,81,,,0
2029,'1492035',1604,,286,81,,,0
2029,'1492039',1004,,287,81,,,0
2029,'1492041',2234,,288,81,,,0
2029,'1492044',834,,289,81,,,0
2029,'1492046',1634,,290,81,,,0
2029,'1492047',1504,,291,81,,,0
2029,'1492049',2331,,292,81,,,0
2029,'1492050',1104,,293,81,,,0
2029,'1492051',734,,294,81,,,0
2029,'1492052',1334,,295,81,,,0
2029,'1492054',1934,,296,81,,,0
2029,'1492056',1704,,297,81,,,0
2029,'1492059',1534,,298,81,,,0
2029,'1492060',1404,,299,81,,,0
2029,'1492061',804,,300,81,,,0
2029,'1492063',1734,,301,81,,,0
2029,'1492065',1034,,302,81,,,0
2029,'1492070',904,,303,81,,,0
2029,'1492071',2134,,304,81,,,0
2029,'1492072',1204,,305,81,,,0
2029,'1492073',1134,,306,81,,,0
2029,'1492076',1804,,307,81,,,0
2029,'1492081',634,,308,45,,,0
2029,'1496956',1734,,630,82,,,0
2029,'1496959',1134,,631,82,,,0
2029,'1496960',2234,,632,82,,,0
2029,'1496963',2331,,633,82,,,0
2029,'1496964',1034,,634,82,,,0
2029,'1496965',2034,,635,82,,,0
2029,'1496966',934,,636,82,,,0
2029,'1496967',1534,,637,82,,,0
2029,'1496969',2134,,638,82,,,0
2029,'1496971',1834,,639,82,,,0
2029,'1496972',1234,,640,82,,,0
2029,'1496976',1434,,641,82,,,0
2029,'1496977',834,,642,82,,,0
2029,'1496978',1334,,643,82,,,0
2029,'1496980',1934,,644,82,,,0
2029,'1496982',1634,,645,82,,,0
2029,'1496985',734,,646,82,,,0
3019,'1488507',835,,436,33,0,5,0
3019,'1488508',1035,,437,33,0,5,0
3019,'1488511',2105,,438,33,0,5,0
3019,'1488515',2205,,439,33,0,5,0
3019,'1488516',1105,,440,33,0,5,0
3019,'1488519',1635,,441,33,0,5,0
3019,'1488521',2305,,442,33,0,5,0
3019,'1488522',1435,,443,33,0,5,0
3019,'1488523',1905,,444,33,0,5,0
3019,'1488525',1205,,445,33,0,5,0
3019,'1488526',735,,446,33,0,5,0
3019,'1488529',2005,,447,33,0,5,0
3019,'1488531',705,,448,33,0,5,0
3019,'1488533',1735,,449,33,0,5,0
3019,'1488535',1305,,450,33,0,5,0
3019,'1488537',1805,,451,33,0,5,0
3019,'1488538',1005,,452,33,0,5,0
3019,'1488539',1235,,453,33,0,5,0
3019,'1488540',1335,,454,33,0,5,0
3019,'1488542',805,,455,33,0,5,0
3019,'1488546',935,,456,33,0,5,0
3019,'1488547',1605,,457,33,0,5,0
3019,'1488548',1405,,458,33,0,5,0
3019,'1488550',1705,,459,33,0,5,0
3019,'1488551',1135,,460,33,0,5,0
3019,'1488552',1505,,461,33,0,5,0
3019,'1488556',1535,,463,33,0,5,0
3019,'1488560',905,,464,33,0,5,0
3019,'1491899',1624,,370,90,,,0
3019,'1491900',1754,,371,90,,,0
3019,'1491901',2109,,372,90,,,0
3019,'1491902',924,,373,90,,,0
3019,'1491903',754,,374,90,,,0
3019,'1491904',1654,,375,90,,,0
3019,'1491905',1224,,376,90,,,0
3019,'1491906',1154,,377,90,,,0
3019,'1491907',824,,378,90,,,0
3019,'1491908',954,,379,90,,,0
3019,'1491909',2309,,380,90,,,0
3019,'1491910',1424,,381,90,,,0
3019,'1491911',1354,,382,90,,,0
3019,'1491912',1524,,383,90,,,0
3019,'1491913',1324,,384,90,,,0
3019,'1491914',2209,,385,90,,,0
3019,'1491915',854,,386,90,,,0
3019,'1491916',1824,,387,90,,,0
3019,'1491917',1454,,388,90,,,0
3019,'1491918',1054,,389,90,,,0
3019,'1491919',1124,,390,90,,,0
3019,'1491920',1254,,391,90,,,0
3019,'1491921',1724,,392,90,,,0
3019,'1491922',1024,,393,90,,,0
3019,'1491923',1554,,394,90,,,0
3019,'1491924',1909,,395,90,,,0
3019,'1491927',624,,398,33,,,0
3019,'1491928',2009,,399,90,,,0
3019,'1492021',724,,400,90,,,0
3019,'1496989',809,,647,89,,,0
3019,'1496990',1705,,648,31,0,5,0
3019,'1496991',1509,,649,89,,,0
3019,'1496992',2205,,650,31,0,5,0
3019,'1496993',909,,651,89,,,0
3019,'1496994',1209,,652,89,,,0
3019,'1496995',2309,,653,89,,,0
3019,'1496996',1909,,654,89,,,0
3019,'1496997',1905,,655,31,0,5,0
3019,'1496998',1405,,656,31,0,5,0
3019,'1496999',1409,,657,89,,,0
3019,'1497000',2005,,658,31,0,5,0
3019,'1497001',2009,,659,89,,,0
3019,'1497002',2305,,660,31,0,5,0
3019,'1497003',1709,,661,89,,,0
3019,'1497004',1009,,662,89,,,0
3019,'1497005',1309,,663,89,,,0
3019,'1497006',1805,,664,31,0,5,0
3019,'1497007',705,,665,31,0,5,0
3019,'1497008',905,,666,31,0,5,0
3019,'1497009',2209,,667,89,,,0
3019,'1497010',1809,,668,89,,,0
3019,'1497011',1109,,669,89,,,0
3019,'1497012',1005,,670,31,0,5,0
3019,'1497013',1305,,671,31,0,5,0
3019,'1497014',1605,,672,31,0,5,0
3019,'1497015',1609,,673,89,,,0
3019,'1497016',1105,,674,31,0,5,0
3019,'1497017',1505,,675,31,0,5,0
3019,'1497018',2105,,676,31,0,5,0
3019,'1497019',805,,677,31,0,5,0
3019,'1497020',2109,,678,89,,,0
3019,'1497021',1205,,679,31,0,5,0
3019,'1497022',639,,680,33,,,0
3019,'1497024',709,,682,89,,,0
