2019,'1492023',2314,,191,84,,,0
2019,'1492024',1259,,192,84,,,0
2019,'1492025',1429,,193,84,,,0
2019,'1492027',2214,,194,84,,,0
2019,'1492028',1914,,195,84,,,0
2019,'1492032',1359,,196,84,,,0
2019,'1492034',1529,,197,84,,,0
2019,'1492036',1029,,198,84,,,0
2019,'1492037',1559,,199,84,,,0
2019,'1492038',959,,200,84,,,0
2019,'1492040',1159,,201,84,,,0
2019,'1492042',929,,202,84,,,0
2019,'1492043',859,,203,84,,,0
2019,'1492045',1059,,204,84,,,0
2019,'1492048',1629,,205,84,,,0
2019,'1492053',2114,,206,84,,,0
2019,'1492055',759,,207,84,,,0
2019,'1492057',1759,,208,84,,,0
2019,'1492062',1459,,210,84,,,0
2019,'1492064',1129,,211,84,,,0
2019,'1492066',1229,,212,84,,,0
2019,'1492067',1659,,213,84,,,0
2019,'1492068',1829,,214,84,,,0
2019,'1492069',1729,,215,84,,,0
2019,'1492074',829,,216,84,,,0
2019,'1492075',1329,,217,84,,,0
2019,'1492077',729,,218,84,,,0
2019,'1492079',629,,220,62,,,0
2019,'1492080',2014,,221,84,,,0
2019,'1496953',1814,,611,85,,,0
2019,'1496954',2214,,612,85,,,0
2019,'1496955',1414,,613,85,,,0
2019,'1496957',1214,,614,85,,,0
2019,'1496958',1514,,615,85,,,0
2019,'1496961',2114,,616,85,,,0
2019,'1496962',814,,617,85,,,0
2019,'1496968',1314,,618,85,,,0
2019,'1496970',2314,,619,85,,,0
2019,'1496973',1614,,620,85,,,0
2019,'1496974',1914,,621,85,,,0
2019,'1496975',1114,,622,85,,,0
2019,'1496979',1014,,623,85,,,0
2019,'1496981',914,,624,85,,,0
2019,'1496983',1714,,625,85,,,0
2019,'1496984',2014,,626,85,,,0
2019,'1496986',714,,627,85,,,0
2019,'1496987',644,,628,53,,,0
