2029,'1496221',638,,971,51,,,0
2029,'1496281',638,,972,51,,,0
2029,'1497044',939,,973,88,,,0
2029,'1497045',1439,,974,88,,,0
2029,'1497046',1239,,975,88,,,0
2029,'1497047',1309,,976,88,,,0
2029,'1497048',1609,,977,88,,,0
2029,'1497049',1009,,978,88,,,0
2029,'1497050',839,,979,88,,,0
2029,'1497051',1639,,980,88,,,0
2029,'1497052',1509,,981,88,,,0
2029,'1497053',1109,,982,88,,,0
2029,'1497054',739,,983,88,,,0
2029,'1497055',1339,,984,88,,,0
2029,'1497056',1709,,985,88,,,0
2029,'1497057',1539,,986,88,,,0
2029,'1497058',1409,,987,88,,,0
2029,'1497059',809,,988,88,,,0
2029,'1497060',1739,,989,88,,,0
2029,'1497061',1039,,990,88,,,0
2029,'1497062',909,,991,88,,,0
2029,'1497063',1209,,992,88,,,0
2029,'1497064',1139,,993,88,,,0
2029,'1497065',1809,,994,88,,,0
2029,'1497066',2039,,995,88,,,0
2029,'1497067',939,,996,88,,,0
2029,'1497068',1439,,997,88,,,0
2029,'1497069',1239,,998,88,,,0
2029,'1497070',1839,,999,88,,,0
2029,'1497071',1309,,1000,88,,,0
2029,'1497072',1609,,1001,88,,,0
2029,'1497073',1009,,1002,88,,,0
2029,'1497074',2239,,1003,88,,,0
2029,'1497075',839,,1004,88,,,0
2029,'1497076',1639,,1005,88,,,0
2029,'1497077',1509,,1006,88,,,0
2029,'1497078',2334,,1007,88,,,0
2029,'1497079',1109,,1008,88,,,0
2029,'1497080',739,,1009,88,,,0
2029,'1497081',1339,,1010,88,,,0
2029,'1497082',1939,,1011,88,,,0
2029,'1497083',1709,,1012,88,,,0
2029,'1497084',1539,,1013,88,,,0
2029,'1497085',1409,,1014,88,,,0
2029,'1497086',809,,1015,88,,,0
2029,'1497087',1739,,1016,88,,,0
2029,'1497088',1039,,1017,88,,,0
2029,'1497089',909,,1018,88,,,0
2029,'1497090',2139,,1019,88,,,0
2029,'1497091',1209,,1020,88,,,0
2029,'1497092',1139,,1021,88,,,0
2029,'1497093',1809,,1022,88,,,0
2029,'1497094',1739,,1023,88,,,0
2029,'1497095',1139,,1024,88,,,0
2029,'1497096',2239,,1025,88,,,0
2029,'1497097',2334,,1026,88,,,0
2029,'1497098',1039,,1027,88,,,0
2029,'1497099',2039,,1028,88,,,0
2029,'1497100',939,,1029,88,,,0
2029,'1497101',1539,,1030,88,,,0
2029,'1497102',2139,,1031,88,,,0
2029,'1497103',1839,,1032,88,,,0
2029,'1497104',1239,,1033,88,,,0
2029,'1497105',1439,,1034,88,,,0
2029,'1497106',839,,1035,88,,,0
2029,'1497107',1339,,1036,88,,,0
2029,'1497108',1939,,1037,88,,,0
2029,'1497109',1639,,1038,88,,,0
2029,'1497110',739,,1039,88,,,0
2029,'1497111',1739,,1040,88,,,0
2029,'1497112',1139,,1041,88,,,0
2029,'1497113',2239,,1042,88,,,0
2029,'1497114',2334,,1043,88,,,0
2029,'1497115',1039,,1044,88,,,0
2029,'1497116',2039,,1045,88,,,0
2029,'1497117',939,,1046,88,,,0
2029,'1497118',1539,,1047,88,,,0
2029,'1497119',2139,,1048,88,,,0
2029,'1497120',1839,,1049,88,,,0
2029,'1497121',1239,,1050,88,,,0
2029,'1497122',1439,,1051,88,,,0
2029,'1497123',839,,1052,88,,,0
2029,'1497124',1339,,1053,88,,,0
2029,'1497125',1939,,1054,88,,,0
2029,'1497126',1639,,1055,88,,,0
