2019,'1492023',2318,,191,93,,,0
2019,'1492024',1303,,192,93,,,0
2019,'1492025',1433,,193,93,,,0
2019,'1492027',2218,,194,93,,,0
2019,'1492028',1918,,195,93,,,0
2019,'1492032',1403,,196,93,,,0
2019,'1492034',1533,,197,93,,,0
2019,'1492036',1033,,198,93,,,0
2019,'1492037',1603,,199,93,,,0
2019,'1492038',1003,,200,93,,,0
2019,'1492040',1203,,201,93,,,0
2019,'1492042',933,,202,93,,,0
2019,'1492043',903,,203,93,,,0
2019,'1492045',1103,,204,93,,,0
2019,'1492048',1633,,205,93,,,0
2019,'1492053',2118,,206,93,,,0
2019,'1492055',803,,207,93,,,0
2019,'1492057',1803,,208,93,,,0
2019,'1492062',1503,,210,93,,,0
2019,'1492064',1133,,211,93,,,0
2019,'1492066',1233,,212,93,,,0
2019,'1492067',1703,,213,93,,,0
2019,'1492068',1833,,214,93,,,0
2019,'1492069',1733,,215,93,,,0
2019,'1492074',833,,216,93,,,0
2019,'1492075',1333,,217,93,,,0
2019,'1492077',733,,218,93,,,0
2019,'1492078',603,,219,8,,,0
2019,'1492079',633,,220,71,,,0
2019,'1492080',2018,,221,93,,,0
2019,'1496953',1818,,611,94,,,0
2019,'1496954',2218,,612,94,,,0
2019,'1496955',1418,,613,94,,,0
2019,'1496957',1218,,614,94,,,0
2019,'1496958',1518,,615,94,,,0
2019,'1496961',2118,,616,94,,,0
2019,'1496962',818,,617,94,,,0
2019,'1496968',1318,,618,94,,,0
2019,'1496970',2318,,619,94,,,0
2019,'1496973',1618,,620,94,,,0
2019,'1496974',1918,,621,94,,,0
2019,'1496975',1118,,622,94,,,0
2019,'1496979',1018,,623,94,,,0
2019,'1496981',918,,624,94,,,0
2019,'1496983',1718,,625,94,,,0
2019,'1496984',2018,,626,94,,,0
2019,'1496986',718,,627,94,,,0
2019,'1496987',648,,628,62,,,0
