3019,'1488507',905,,436,72,0,5,0
3019,'1488508',1105,,437,72,0,5,0
3019,'1488511',2135,,438,72,0,5,0
3019,'1488515',2235,,439,72,0,5,0
3019,'1488516',1135,,440,72,0,5,0
3019,'1488519',1705,,441,72,0,5,0
3019,'1488521',2328,,442,72,0,5,0
3019,'1488522',1505,,443,72,0,5,0
3019,'1488523',1935,,444,72,0,5,0
3019,'1488525',1235,,445,72,0,5,0
3019,'1488526',805,,446,72,0,5,0
3019,'1488529',2035,,447,72,0,5,0
3019,'1488531',735,,448,72,0,5,0
3019,'1488533',1805,,449,72,0,5,0
3019,'1488535',1335,,450,72,0,5,0
3019,'1488537',1835,,451,72,0,5,0
3019,'1488538',1035,,452,72,0,5,0
3019,'1488539',1305,,453,72,0,5,0
3019,'1488540',1405,,454,72,0,5,0
3019,'1488542',835,,455,72,0,5,0
3019,'1488546',1005,,456,72,0,5,0
3019,'1488547',1635,,457,72,0,5,0
3019,'1488548',1435,,458,72,0,5,0
3019,'1488550',1735,,459,72,0,5,0
3019,'1488551',1205,,460,72,0,5,0
3019,'1488552',1535,,461,72,0,5,0
3019,'1488556',1605,,463,72,0,5,0
3019,'1488560',935,,464,72,0,5,0
3019,'1488565',635,,465,39,0,5,0
3019,'1496990',1735,,648,70,0,5,0
3019,'1496992',2235,,650,70,0,5,0
3019,'1496997',1935,,655,70,0,5,0
3019,'1496998',1435,,656,70,0,5,0
3019,'1497000',2035,,658,70,0,5,0
3019,'1497002',2328,,660,70,0,5,0
3019,'1497006',1835,,664,70,0,5,0
3019,'1497007',735,,665,70,0,5,0
3019,'1497008',935,,666,70,0,5,0
3019,'1497012',1035,,670,70,0,5,0
3019,'1497013',1335,,671,70,0,5,0
3019,'1497014',1635,,672,70,0,5,0
3019,'1497016',1135,,674,70,0,5,0
3019,'1497017',1535,,675,70,0,5,0
3019,'1497018',2135,,676,70,0,5,0
3019,'1497019',835,,677,70,0,5,0
3019,'1497021',1235,,679,70,0,5,0
