3019,'1488507',834,,436,30,0,5,0
3019,'1488508',1034,,437,30,0,5,0
3019,'1488511',2104,,438,30,0,5,0
3019,'1488515',2204,,439,30,0,5,0
3019,'1488516',1104,,440,30,0,5,0
3019,'1488519',1634,,441,30,0,5,0
3019,'1488521',2304,,442,30,0,5,0
3019,'1488522',1434,,443,30,0,5,0
3019,'1488523',1904,,444,30,0,5,0
3019,'1488525',1204,,445,30,0,5,0
3019,'1488526',734,,446,30,0,5,0
3019,'1488529',2004,,447,30,0,5,0
3019,'1488531',704,,448,30,0,5,0
3019,'1488533',1734,,449,30,0,5,0
3019,'1488535',1304,,450,30,0,5,0
3019,'1488537',1804,,451,30,0,5,0
3019,'1488538',1004,,452,30,0,5,0
3019,'1488539',1234,,453,30,0,5,0
3019,'1488540',1334,,454,30,0,5,0
3019,'1488542',804,,455,30,0,5,0
3019,'1488546',934,,456,30,0,5,0
3019,'1488547',1604,,457,30,0,5,0
3019,'1488548',1404,,458,30,0,5,0
3019,'1488550',1704,,459,30,0,5,0
3019,'1488551',1134,,460,30,0,5,0
3019,'1488552',1504,,461,30,0,5,0
3019,'1488556',1534,,463,30,0,5,0
3019,'1488560',904,,464,30,0,5,0
