1029,'1496065',1459,,792,57,,,0
1029,'1496066',1559,,793,57,,,0
1029,'1496068',1659,,794,57,,,0
1029,'1496070',759,,795,57,,,0
1029,'1496073',1059,,796,57,,,0
1029,'1496077',929,,797,57,,,0
1029,'1496078',1729,,798,57,,,0
1029,'1496079',1629,,799,57,,,0
1029,'1496081',1229,,800,57,,,0
1029,'1496082',1259,,801,57,,,0
1029,'1496083',1429,,802,57,,,0
1029,'1496084',1029,,803,57,,,0
1029,'1496086',729,,804,57,,,0
1029,'1496088',1759,,805,57,,,0
1029,'1496092',1359,,806,57,,,0
1029,'1496094',959,,807,57,,,0
1029,'1496096',1159,,808,57,,,0
1029,'1496098',859,,809,57,,,0
1029,'1496101',829,,810,57,,,0
1029,'1496105',1529,,811,57,,,0
1029,'1496106',1329,,812,57,,,0
1029,'1496108',1129,,813,57,,,0
1029,'1496111',631,,814,12,,,0
1029,'1496294',1459,,815,57,,,0
1029,'1496295',1559,,816,57,,,0
1029,'1496297',1659,,817,57,,,0
1029,'1496299',759,,818,57,,,0
1029,'1496300',2129,,819,57,,,0
1029,'1496304',1059,,820,57,,,0
1029,'1496309',2029,,821,57,,,0
1029,'1496310',929,,822,57,,,0
1029,'1496311',1729,,823,57,,,0
1029,'1496312',1629,,824,57,,,0
1029,'1496316',1829,,825,57,,,0
1029,'1496317',1229,,826,57,,,0
1029,'1496318',1259,,827,57,,,0
1029,'1496319',1429,,828,57,,,0
1029,'1496320',1029,,829,57,,,0
1029,'1496322',729,,830,57,,,0
1029,'1496324',1859,,831,57,,,0
1029,'1496325',1759,,832,57,,,0
1029,'1496329',1359,,833,57,,,0
1029,'1496332',959,,834,57,,,0
1029,'1496333',2229,,835,57,,,0
1029,'1496335',1159,,836,57,,,0
1029,'1496337',2329,,837,57,,,0
1029,'1496339',859,,838,57,,,0
1029,'1496342',829,,839,57,,,0
1029,'1496346',1529,,840,57,,,0
1029,'1496347',1329,,841,57,,,0
1029,'1496349',1129,,842,57,,,0
1029,'1496352',631,,843,12,,,0
1029,'1496354',1929,,844,57,,,0
1029,'1496527',1929,,845,57,,,0
1029,'1496528',2129,,846,57,,,0
1029,'1496533',1829,,847,57,,,0
1029,'1496534',2229,,848,57,,,0
1029,'1496535',1329,,849,57,,,0
1029,'1496537',1129,,850,57,,,0
1029,'1496539',1029,,851,57,,,0
1029,'1496540',2029,,852,57,,,0
1029,'1496542',729,,853,57,,,0
1029,'1496544',2329,,854,57,,,0
1029,'1496545',1529,,855,57,,,0
1029,'1496547',1629,,856,57,,,0
1029,'1496550',829,,857,57,,,0
1029,'1496551',1229,,858,57,,,0
1029,'1496552',929,,859,57,,,0
1029,'1496555',1729,,860,57,,,0
1029,'1496556',1429,,861,57,,,0
1029,'1496562',1929,,862,57,,,0
1029,'1496563',2129,,863,57,,,0
1029,'1496567',1829,,864,57,,,0
1029,'1496568',2229,,865,57,,,0
1029,'1496569',1329,,866,57,,,0
1029,'1496571',1129,,867,57,,,0
1029,'1496573',1029,,868,57,,,0
1029,'1496574',2029,,869,57,,,0
1029,'1496577',2329,,870,57,,,0
1029,'1496578',1529,,871,57,,,0
1029,'1496580',1629,,872,57,,,0
1029,'1496583',829,,873,57,,,0
1029,'1496584',1229,,874,57,,,0
1029,'1496585',929,,875,57,,,0
1029,'1496588',1729,,876,57,,,0
1029,'1496589',1429,,877,57,,,0
