2029,'1492022',1948,,280,7,,,0
2029,'1492026',848,,281,7,,,0
2029,'1492029',1348,,282,7,,,0
2029,'1492030',1148,,283,7,,,0
2029,'1492031',1748,,284,7,,,0
2029,'1492033',1218,,285,7,,,0
2029,'1492035',1518,,286,7,,,0
2029,'1492039',918,,287,7,,,0
2029,'1492041',2148,,288,7,,,0
2029,'1492044',748,,289,7,,,0
2029,'1492046',1548,,290,7,,,0
2029,'1492047',1418,,291,7,,,0
2029,'1492049',2248,,292,7,,,0
2029,'1492050',1018,,293,7,,,0
2029,'1492051',648,,294,7,,,0
2029,'1492052',1248,,295,7,,,0
2029,'1492054',1848,,296,7,,,0
2029,'1492056',1618,,297,7,,,0
2029,'1492059',1448,,298,7,,,0
2029,'1492060',1318,,299,7,,,0
2029,'1492061',718,,300,7,,,0
2029,'1492063',1648,,301,7,,,0
2029,'1492065',948,,302,7,,,0
2029,'1492070',818,,303,7,,,0
2029,'1492071',2048,,304,7,,,0
2029,'1492072',1118,,305,7,,,0
2029,'1492073',1048,,306,7,,,0
2029,'1492076',1718,,307,7,,,0
2029,'1496956',1649,,630,7,,,0
2029,'1496959',1049,,631,7,,,0
2029,'1496960',2149,,632,7,,,0
2029,'1496963',2247,,633,7,,,0
2029,'1496964',949,,634,7,,,0
2029,'1496965',1949,,635,7,,,0
2029,'1496966',849,,636,7,,,0
2029,'1496967',1449,,637,7,,,0
2029,'1496969',2049,,638,7,,,0
2029,'1496971',1749,,639,7,,,0
2029,'1496972',1149,,640,7,,,0
2029,'1496976',1349,,641,7,,,0
2029,'1496977',749,,642,7,,,0
2029,'1496978',1249,,643,7,,,0
2029,'1496980',1849,,644,7,,,0
2029,'1496982',1549,,645,7,,,0
2029,'1496985',649,,646,7,,,0
