2019,'1492023',2322,,191,99,,,0
2019,'1492024',1307,,192,99,,,0
2019,'1492025',1437,,193,99,,,0
2019,'1492027',2222,,194,99,,,0
2019,'1492028',1922,,195,99,,,0
2019,'1492032',1407,,196,99,,,0
2019,'1492034',1537,,197,99,,,0
2019,'1492036',1037,,198,99,,,0
2019,'1492037',1607,,199,99,,,0
2019,'1492038',1007,,200,99,,,0
2019,'1492040',1207,,201,99,,,0
2019,'1492042',937,,202,99,,,0
2019,'1492043',907,,203,99,,,0
2019,'1492045',1107,,204,99,,,0
2019,'1492048',1637,,205,99,,,0
2019,'1492053',2122,,206,99,,,0
2019,'1492055',807,,207,99,,,0
2019,'1492057',1807,,208,99,,,0
2019,'1492062',1507,,210,99,,,0
2019,'1492064',1137,,211,99,,,0
2019,'1492066',1237,,212,99,,,0
2019,'1492067',1707,,213,99,,,0
2019,'1492068',1837,,214,99,,,0
2019,'1492069',1737,,215,99,,,0
2019,'1492074',837,,216,99,,,0
2019,'1492075',1337,,217,99,,,0
2019,'1492077',737,,218,99,,,0
2019,'1492078',607,,219,14,,,0
2019,'1492079',637,,220,77,,,0
2019,'1492080',2022,,221,99,,,0
2019,'1496953',1822,,611,100,,,0
2019,'1496954',2222,,612,100,,,0
2019,'1496955',1422,,613,100,,,0
2019,'1496957',1222,,614,100,,,0
2019,'1496958',1522,,615,100,,,0
2019,'1496961',2122,,616,100,,,0
2019,'1496962',822,,617,100,,,0
2019,'1496968',1322,,618,100,,,0
2019,'1496970',2322,,619,100,,,0
2019,'1496973',1622,,620,100,,,0
2019,'1496974',1922,,621,100,,,0
2019,'1496975',1122,,622,100,,,0
2019,'1496979',1022,,623,100,,,0
2019,'1496981',922,,624,100,,,0
2019,'1496983',1722,,625,100,,,0
2019,'1496984',2022,,626,100,,,0
2019,'1496986',722,,627,100,,,0
2019,'1496987',652,,628,68,,,0
