2029,'1496221',619,,971,23,,,0
2029,'1496281',619,,972,23,,,0
2029,'1497044',920,,973,60,,,0
2029,'1497045',1420,,974,60,,,0
2029,'1497046',1220,,975,60,,,0
2029,'1497047',1250,,976,60,,,0
2029,'1497048',1550,,977,60,,,0
2029,'1497049',950,,978,60,,,0
2029,'1497050',820,,979,60,,,0
2029,'1497051',1620,,980,60,,,0
2029,'1497052',1450,,981,60,,,0
2029,'1497053',1050,,982,60,,,0
2029,'1497054',720,,983,60,,,0
2029,'1497055',1320,,984,60,,,0
2029,'1497056',1650,,985,60,,,0
2029,'1497057',1520,,986,60,,,0
2029,'1497058',1350,,987,60,,,0
2029,'1497059',750,,988,60,,,0
2029,'1497060',1720,,989,60,,,0
2029,'1497061',1020,,990,60,,,0
2029,'1497062',850,,991,60,,,0
2029,'1497063',1150,,992,60,,,0
2029,'1497064',1120,,993,60,,,0
2029,'1497065',1750,,994,60,,,0
2029,'1497066',2020,,995,60,,,0
2029,'1497067',920,,996,60,,,0
2029,'1497068',1420,,997,60,,,0
2029,'1497069',1220,,998,60,,,0
2029,'1497070',1820,,999,60,,,0
2029,'1497071',1250,,1000,60,,,0
2029,'1497072',1550,,1001,60,,,0
2029,'1497073',950,,1002,60,,,0
2029,'1497074',2220,,1003,60,,,0
2029,'1497075',820,,1004,60,,,0
2029,'1497076',1620,,1005,60,,,0
2029,'1497077',1450,,1006,60,,,0
2029,'1497078',2317,,1007,60,,,0
2029,'1497079',1050,,1008,60,,,0
2029,'1497080',720,,1009,60,,,0
2029,'1497081',1320,,1010,60,,,0
2029,'1497082',1920,,1011,60,,,0
2029,'1497083',1650,,1012,60,,,0
2029,'1497084',1520,,1013,60,,,0
2029,'1497085',1350,,1014,60,,,0
2029,'1497086',750,,1015,60,,,0
2029,'1497087',1720,,1016,60,,,0
2029,'1497088',1020,,1017,60,,,0
2029,'1497089',850,,1018,60,,,0
2029,'1497090',2120,,1019,60,,,0
2029,'1497091',1150,,1020,60,,,0
2029,'1497092',1120,,1021,60,,,0
2029,'1497093',1750,,1022,60,,,0
2029,'1497094',1720,,1023,60,,,0
2029,'1497095',1120,,1024,60,,,0
2029,'1497096',2220,,1025,60,,,0
2029,'1497097',2317,,1026,60,,,0
2029,'1497098',1020,,1027,60,,,0
2029,'1497099',2020,,1028,60,,,0
2029,'1497100',920,,1029,60,,,0
2029,'1497101',1520,,1030,60,,,0
2029,'1497102',2120,,1031,60,,,0
2029,'1497103',1820,,1032,60,,,0
2029,'1497104',1220,,1033,60,,,0
2029,'1497105',1420,,1034,60,,,0
2029,'1497106',820,,1035,60,,,0
2029,'1497107',1320,,1036,60,,,0
2029,'1497108',1920,,1037,60,,,0
2029,'1497109',1620,,1038,60,,,0
2029,'1497110',720,,1039,60,,,0
2029,'1497111',1720,,1040,60,,,0
2029,'1497112',1120,,1041,60,,,0
2029,'1497113',2220,,1042,60,,,0
2029,'1497114',2317,,1043,60,,,0
2029,'1497115',1020,,1044,60,,,0
2029,'1497116',2020,,1045,60,,,0
2029,'1497117',920,,1046,60,,,0
2029,'1497118',1520,,1047,60,,,0
2029,'1497119',2120,,1048,60,,,0
2029,'1497120',1820,,1049,60,,,0
2029,'1497121',1220,,1050,60,,,0
2029,'1497122',1420,,1051,60,,,0
2029,'1497123',820,,1052,60,,,0
2029,'1497124',1320,,1053,60,,,0
2029,'1497125',1920,,1054,60,,,0
2029,'1497126',1620,,1055,60,,,0
