2029,'1497044',907,,973,34,,,0
2029,'1497045',1407,,974,34,,,0
2029,'1497046',1207,,975,34,,,0
2029,'1497047',1237,,976,34,,,0
2029,'1497048',1537,,977,34,,,0
2029,'1497049',937,,978,34,,,0
2029,'1497050',807,,979,34,,,0
2029,'1497051',1607,,980,34,,,0
2029,'1497052',1437,,981,34,,,0
2029,'1497053',1037,,982,34,,,0
2029,'1497054',707,,983,34,,,0
2029,'1497055',1307,,984,34,,,0
2029,'1497056',1637,,985,34,,,0
2029,'1497057',1507,,986,34,,,0
2029,'1497058',1337,,987,34,,,0
2029,'1497059',737,,988,34,,,0
2029,'1497060',1707,,989,34,,,0
2029,'1497061',1007,,990,34,,,0
2029,'1497062',837,,991,34,,,0
2029,'1497063',1137,,992,34,,,0
2029,'1497064',1107,,993,34,,,0
2029,'1497065',1737,,994,34,,,0
2029,'1497066',2007,,995,34,,,0
2029,'1497067',907,,996,34,,,0
2029,'1497068',1407,,997,34,,,0
2029,'1497069',1207,,998,34,,,0
2029,'1497070',1807,,999,34,,,0
2029,'1497071',1237,,1000,34,,,0
2029,'1497072',1537,,1001,34,,,0
2029,'1497073',937,,1002,34,,,0
2029,'1497074',2207,,1003,34,,,0
2029,'1497075',807,,1004,34,,,0
2029,'1497076',1607,,1005,34,,,0
2029,'1497077',1437,,1006,34,,,0
2029,'1497078',2305,,1007,34,,,0
2029,'1497079',1037,,1008,34,,,0
2029,'1497080',707,,1009,34,,,0
2029,'1497081',1307,,1010,34,,,0
2029,'1497082',1907,,1011,34,,,0
2029,'1497083',1637,,1012,34,,,0
2029,'1497084',1507,,1013,34,,,0
2029,'1497085',1337,,1014,34,,,0
2029,'1497086',737,,1015,34,,,0
2029,'1497087',1707,,1016,34,,,0
2029,'1497088',1007,,1017,34,,,0
2029,'1497089',837,,1018,34,,,0
2029,'1497090',2107,,1019,34,,,0
2029,'1497091',1137,,1020,34,,,0
2029,'1497092',1107,,1021,34,,,0
2029,'1497093',1737,,1022,34,,,0
2029,'1497094',1707,,1023,34,,,0
2029,'1497095',1107,,1024,34,,,0
2029,'1497096',2207,,1025,34,,,0
2029,'1497097',2305,,1026,34,,,0
2029,'1497098',1007,,1027,34,,,0
2029,'1497099',2007,,1028,34,,,0
2029,'1497100',907,,1029,34,,,0
2029,'1497101',1507,,1030,34,,,0
2029,'1497102',2107,,1031,34,,,0
2029,'1497103',1807,,1032,34,,,0
2029,'1497104',1207,,1033,34,,,0
2029,'1497105',1407,,1034,34,,,0
2029,'1497106',807,,1035,34,,,0
2029,'1497107',1307,,1036,34,,,0
2029,'1497108',1907,,1037,34,,,0
2029,'1497109',1607,,1038,34,,,0
2029,'1497110',707,,1039,34,,,0
2029,'1497111',1707,,1040,34,,,0
2029,'1497112',1107,,1041,34,,,0
2029,'1497113',2207,,1042,34,,,0
2029,'1497114',2305,,1043,34,,,0
2029,'1497115',1007,,1044,34,,,0
2029,'1497116',2007,,1045,34,,,0
2029,'1497117',907,,1046,34,,,0
2029,'1497118',1507,,1047,34,,,0
2029,'1497119',2107,,1048,34,,,0
2029,'1497120',1807,,1049,34,,,0
2029,'1497121',1207,,1050,34,,,0
2029,'1497122',1407,,1051,34,,,0
2029,'1497123',807,,1052,34,,,0
2029,'1497124',1307,,1053,34,,,0
2029,'1497125',1907,,1054,34,,,0
2029,'1497126',1607,,1055,34,,,0
