1029,'1491948',1436,,124,31,,,0
1029,'1491949',1536,,125,31,,,0
1029,'1491951',1636,,126,31,,,0
1029,'1491953',736,,127,31,,,0
1029,'1491954',2106,,128,31,,,0
1029,'1491958',1036,,129,31,,,0
1029,'1491963',2006,,130,31,,,0
1029,'1491964',906,,131,31,,,0
1029,'1491965',1706,,132,31,,,0
1029,'1491966',1606,,133,31,,,0
1029,'1491970',1806,,134,31,,,0
1029,'1491971',1206,,135,31,,,0
1029,'1491972',1236,,136,31,,,0
1029,'1491973',1406,,137,31,,,0
1029,'1491974',1006,,138,31,,,0
1029,'1491976',706,,139,31,,,0
1029,'1491978',1836,,140,31,,,0
1029,'1491979',1736,,141,31,,,0
1029,'1491983',1336,,142,31,,,0
1029,'1491986',936,,143,31,,,0
1029,'1491987',2206,,144,31,,,0
1029,'1491989',1136,,145,31,,,0
1029,'1491991',2306,,146,31,,,0
1029,'1491993',836,,147,31,,,0
1029,'1491996',806,,148,31,,,0
1029,'1492000',1506,,149,31,,,0
1029,'1492001',1306,,150,31,,,0
1029,'1492003',1106,,151,31,,,0
1029,'1492008',1906,,153,31,,,0
1029,'1496919',1904,,594,31,,,0
1029,'1496920',2104,,595,31,,,0
1029,'1496925',1804,,596,31,,,0
1029,'1496926',2204,,597,31,,,0
1029,'1496927',1304,,598,31,,,0
1029,'1496929',1104,,599,31,,,0
1029,'1496931',1004,,600,31,,,0
1029,'1496932',2004,,601,31,,,0
1029,'1496934',704,,602,31,,,0
1029,'1496936',2304,,603,31,,,0
1029,'1496937',1504,,604,31,,,0
1029,'1496939',1604,,605,31,,,0
1029,'1496942',804,,606,31,,,0
1029,'1496943',1204,,607,31,,,0
1029,'1496944',904,,608,31,,,0
1029,'1496947',1704,,609,31,,,0
1029,'1496948',1404,,610,31,,,0
