1029,'1491948',1442,,124,39,,,0
1029,'1491949',1542,,125,39,,,0
1029,'1491951',1642,,126,39,,,0
1029,'1491953',742,,127,39,,,0
1029,'1491954',2112,,128,39,,,0
1029,'1491958',1042,,129,39,,,0
1029,'1491963',2012,,130,39,,,0
1029,'1491964',912,,131,39,,,0
1029,'1491965',1712,,132,39,,,0
1029,'1491966',1612,,133,39,,,0
1029,'1491970',1812,,134,39,,,0
1029,'1491971',1212,,135,39,,,0
1029,'1491972',1242,,136,39,,,0
1029,'1491973',1412,,137,39,,,0
1029,'1491974',1012,,138,39,,,0
1029,'1491976',712,,139,39,,,0
1029,'1491978',1842,,140,39,,,0
1029,'1491979',1742,,141,39,,,0
1029,'1491983',1342,,142,39,,,0
1029,'1491986',942,,143,39,,,0
1029,'1491987',2212,,144,39,,,0
1029,'1491989',1142,,145,39,,,0
1029,'1491991',2312,,146,39,,,0
1029,'1491993',842,,147,39,,,0
1029,'1491996',812,,148,39,,,0
1029,'1492000',1512,,149,39,,,0
1029,'1492001',1312,,150,39,,,0
1029,'1492003',1112,,151,39,,,0
1029,'1492008',1912,,153,39,,,0
1029,'1496919',1910,,594,39,,,0
1029,'1496920',2110,,595,39,,,0
1029,'1496925',1810,,596,39,,,0
1029,'1496926',2210,,597,39,,,0
1029,'1496927',1310,,598,39,,,0
1029,'1496929',1110,,599,39,,,0
1029,'1496931',1010,,600,39,,,0
1029,'1496932',2010,,601,39,,,0
1029,'1496934',710,,602,39,,,0
1029,'1496936',2310,,603,39,,,0
1029,'1496937',1510,,604,39,,,0
1029,'1496939',1610,,605,39,,,0
1029,'1496942',810,,606,39,,,0
1029,'1496943',1210,,607,39,,,0
1029,'1496944',910,,608,39,,,0
1029,'1496947',1710,,609,39,,,0
1029,'1496948',1410,,610,39,,,0
