1019,'1491758',1318,,2,6,,,0
1019,'1491761',1918,,3,6,,,0
1019,'1491762',718,,4,6,,,0
1019,'1491763',2018,,5,6,,,0
1019,'1491767',1018,,6,6,,,0
1019,'1491769',1418,,7,6,,,0
1019,'1491772',1618,,8,6,,,0
1019,'1491773',1118,,9,6,,,0
1019,'1491776',2118,,10,6,,,0
1019,'1491778',1518,,11,6,,,0
1019,'1491779',1718,,12,6,,,0
1019,'1491783',918,,13,6,,,0
1019,'1491784',818,,14,6,,,0
1019,'1491787',1218,,15,6,,,0
1019,'1491788',1818,,16,6,,,0
1019,'1491789',2318,,17,6,,,0
1019,'1491790',2218,,18,6,,,0
1019,'1491791',1318,,19,6,,,0
1019,'1491794',1918,,20,6,,,0
1019,'1491795',718,,21,6,,,0
1019,'1491796',618,,22,6,,,0
1019,'1491797',2018,,23,6,,,0
1019,'1491801',1018,,24,6,,,0
1019,'1491803',1418,,25,6,,,0
1019,'1491806',1618,,26,6,,,0
1019,'1491808',1118,,27,6,,,0
1019,'1491811',2118,,28,6,,,0
1019,'1491813',1518,,29,6,,,0
1019,'1491814',1718,,30,6,,,0
1019,'1491818',918,,31,6,,,0
1019,'1491819',818,,32,6,,,0
1019,'1491822',1218,,33,6,,,0
1019,'1491823',1818,,34,6,,,0
1019,'1491824',2318,,35,6,,,0
1019,'1491825',2218,,36,6,,,0
1019,'1491950',703,,37,6,,,0
1019,'1491952',803,,38,6,,,0
1019,'1491955',1533,,39,6,,,0
1019,'1491956',2118,,40,6,,,0
1019,'1491957',1633,,41,6,,,0
1019,'1491959',733,,42,6,,,0
1019,'1491960',1433,,43,6,,,0
1019,'1491961',1233,,44,6,,,0
1019,'1491962',1803,,45,6,,,0
1019,'1491967',1333,,46,6,,,0
1019,'1491968',1918,,47,6,,,0
1019,'1491969',2018,,48,6,,,0
1019,'1491975',1033,,49,6,,,0
1019,'1491977',1303,,50,6,,,0
1019,'1491980',833,,51,6,,,0
1019,'1491981',1133,,52,6,,,0
1019,'1491982',933,,53,6,,,0
1019,'1491984',2318,,54,6,,,0
1019,'1491985',1733,,55,6,,,0
1019,'1491988',1003,,56,6,,,0
1019,'1491990',903,,57,6,,,0
1019,'1491992',2218,,58,6,,,0
1019,'1491994',1403,,59,6,,,0
1019,'1491995',1503,,60,6,,,0
1019,'1491997',633,,61,6,,,0
1019,'1491998',1203,,62,6,,,0
1019,'1491999',1103,,63,6,,,0
1019,'1492002',1703,,64,6,,,0
1019,'1492004',1603,,65,6,,,0
1019,'1492007',1833,,67,6,,,0
