2029,'1492022',2034,,280,79,,,0
2029,'1492026',934,,281,79,,,0
2029,'1492029',1434,,282,79,,,0
2029,'1492030',1234,,283,79,,,0
2029,'1492031',1834,,284,79,,,0
2029,'1492033',1304,,285,79,,,0
2029,'1492035',1604,,286,79,,,0
2029,'1492039',1004,,287,79,,,0
2029,'1492041',2234,,288,79,,,0
2029,'1492044',834,,289,79,,,0
2029,'1492046',1634,,290,79,,,0
2029,'1492047',1504,,291,79,,,0
2029,'1492049',2330,,292,79,,,0
2029,'1492050',1104,,293,79,,,0
2029,'1492051',734,,294,79,,,0
2029,'1492052',1334,,295,79,,,0
2029,'1492054',1934,,296,79,,,0
2029,'1492056',1704,,297,79,,,0
2029,'1492059',1534,,298,79,,,0
2029,'1492060',1404,,299,79,,,0
2029,'1492061',804,,300,79,,,0
2029,'1492063',1734,,301,79,,,0
2029,'1492065',1034,,302,79,,,0
2029,'1492070',904,,303,79,,,0
2029,'1492071',2134,,304,79,,,0
2029,'1492072',1204,,305,79,,,0
2029,'1492073',1134,,306,79,,,0
2029,'1492076',1804,,307,79,,,0
2029,'1492081',634,,308,43,,,0
2029,'1496956',1734,,630,80,,,0
2029,'1496959',1134,,631,80,,,0
2029,'1496960',2234,,632,80,,,0
2029,'1496963',2330,,633,80,,,0
2029,'1496964',1034,,634,80,,,0
2029,'1496965',2034,,635,80,,,0
2029,'1496966',934,,636,80,,,0
2029,'1496967',1534,,637,80,,,0
2029,'1496969',2134,,638,80,,,0
2029,'1496971',1834,,639,80,,,0
2029,'1496972',1234,,640,80,,,0
2029,'1496976',1434,,641,80,,,0
2029,'1496977',834,,642,80,,,0
2029,'1496978',1334,,643,80,,,0
2029,'1496980',1934,,644,80,,,0
2029,'1496982',1634,,645,80,,,0
2029,'1496985',734,,646,80,,,0
3019,'1488507',834,,436,31,0,5,0
3019,'1488508',1034,,437,31,0,5,0
3019,'1488511',2104,,438,31,0,5,0
3019,'1488515',2204,,439,31,0,5,0
3019,'1488516',1104,,440,31,0,5,0
3019,'1488519',1634,,441,31,0,5,0
3019,'1488521',2304,,442,31,0,5,0
3019,'1488522',1434,,443,31,0,5,0
3019,'1488523',1904,,444,31,0,5,0
3019,'1488525',1204,,445,31,0,5,0
3019,'1488526',734,,446,31,0,5,0
3019,'1488529',2004,,447,31,0,5,0
3019,'1488531',704,,448,31,0,5,0
3019,'1488533',1734,,449,31,0,5,0
3019,'1488535',1304,,450,31,0,5,0
3019,'1488537',1804,,451,31,0,5,0
3019,'1488538',1004,,452,31,0,5,0
3019,'1488539',1234,,453,31,0,5,0
3019,'1488540',1334,,454,31,0,5,0
3019,'1488542',804,,455,31,0,5,0
3019,'1488546',934,,456,31,0,5,0
3019,'1488547',1604,,457,31,0,5,0
3019,'1488548',1404,,458,31,0,5,0
3019,'1488550',1704,,459,31,0,5,0
3019,'1488551',1134,,460,31,0,5,0
3019,'1488552',1504,,461,31,0,5,0
3019,'1488556',1534,,463,31,0,5,0
3019,'1488560',904,,464,31,0,5,0
3019,'1491899',1623,,370,88,,,0
3019,'1491900',1753,,371,88,,,0
3019,'1491901',2108,,372,88,,,0
3019,'1491902',923,,373,88,,,0
3019,'1491903',753,,374,88,,,0
3019,'1491904',1653,,375,88,,,0
3019,'1491905',1223,,376,88,,,0
3019,'1491906',1153,,377,88,,,0
3019,'1491907',823,,378,88,,,0
3019,'1491908',953,,379,88,,,0
3019,'1491909',2308,,380,88,,,0
3019,'1491910',1423,,381,88,,,0
3019,'1491911',1353,,382,88,,,0
3019,'1491912',1523,,383,88,,,0
3019,'1491913',1323,,384,88,,,0
3019,'1491914',2208,,385,88,,,0
3019,'1491915',853,,386,88,,,0
3019,'1491916',1823,,387,88,,,0
3019,'1491917',1453,,388,88,,,0
3019,'1491918',1053,,389,88,,,0
3019,'1491919',1123,,390,88,,,0
3019,'1491920',1253,,391,88,,,0
3019,'1491921',1723,,392,88,,,0
3019,'1491922',1023,,393,88,,,0
3019,'1491923',1553,,394,88,,,0
3019,'1491924',1908,,395,88,,,0
3019,'1491927',623,,398,31,,,0
3019,'1491928',2008,,399,88,,,0
3019,'1492021',723,,400,88,,,0
3019,'1496989',808,,647,87,,,0
3019,'1496990',1704,,648,29,0,5,0
3019,'1496991',1508,,649,87,,,0
3019,'1496992',2204,,650,29,0,5,0
3019,'1496993',908,,651,87,,,0
3019,'1496994',1208,,652,87,,,0
3019,'1496995',2308,,653,87,,,0
3019,'1496996',1908,,654,87,,,0
3019,'1496997',1904,,655,29,0,5,0
3019,'1496998',1404,,656,29,0,5,0
3019,'1496999',1408,,657,87,,,0
3019,'1497000',2004,,658,29,0,5,0
3019,'1497001',2008,,659,87,,,0
3019,'1497002',2304,,660,29,0,5,0
3019,'1497003',1708,,661,87,,,0
3019,'1497004',1008,,662,87,,,0
3019,'1497005',1308,,663,87,,,0
3019,'1497006',1804,,664,29,0,5,0
3019,'1497007',704,,665,29,0,5,0
3019,'1497008',904,,666,29,0,5,0
3019,'1497009',2208,,667,87,,,0
3019,'1497010',1808,,668,87,,,0
3019,'1497011',1108,,669,87,,,0
3019,'1497012',1004,,670,29,0,5,0
3019,'1497013',1304,,671,29,0,5,0
3019,'1497014',1604,,672,29,0,5,0
3019,'1497015',1608,,673,87,,,0
3019,'1497016',1104,,674,29,0,5,0
3019,'1497017',1504,,675,29,0,5,0
3019,'1497018',2104,,676,29,0,5,0
3019,'1497019',804,,677,29,0,5,0
3019,'1497020',2108,,678,87,,,0
3019,'1497021',1204,,679,29,0,5,0
3019,'1497022',638,,680,31,,,0
3019,'1497024',708,,682,87,,,0
