4019,'1496112',707,,1237,59,,,0
4019,'1496113',1107,,1238,59,,,0
4019,'1496114',907,,1239,59,,,0
4019,'1496115',1707,,1240,59,,,0
4019,'1496116',1007,,1241,59,,,0
4019,'1496117',1207,,1242,59,,,0
4019,'1496118',807,,1243,59,,,0
4019,'1496119',1607,,1244,59,,,0
4019,'1496120',1807,,1245,59,,,0
4019,'1496121',1407,,1246,59,,,0
4019,'1496122',1507,,1247,59,,,0
4019,'1496123',1307,,1248,59,,,0
4019,'1496124',607,,1249,25,,,0
4019,'1496355',707,,1250,59,,,0
4019,'1496356',2346,,1251,59,,,0
4019,'1496357',1107,,1252,59,,,0
4019,'1496358',907,,1253,59,,,0
4019,'1496359',2052,,1254,59,,,0
4019,'1496360',1707,,1255,59,,,0
4019,'1496361',1907,,1256,59,,,0
4019,'1496362',2152,,1257,59,,,0
4019,'1496363',1007,,1258,59,,,0
4019,'1496364',1207,,1259,59,,,0
4019,'1496365',1952,,1260,59,,,0
4019,'1496366',807,,1261,59,,,0
4019,'1496367',1607,,1262,59,,,0
4019,'1496368',1807,,1263,59,,,0
4019,'1496369',1407,,1264,59,,,0
4019,'1496370',1507,,1265,59,,,0
4019,'1496371',2252,,1266,59,,,0
4019,'1496372',1307,,1267,59,,,0
4019,'1496373',607,,1268,25,,,0
4019,'1496435',853,,1269,59,,,0
4019,'1496436',753,,1270,59,,,0
4019,'1496437',1653,,1271,59,,,0
4019,'1496438',2253,,1272,59,,,0
4019,'1496439',1753,,1273,59,,,0
4019,'1496440',1453,,1274,59,,,0
4019,'1496441',2153,,1275,59,,,0
4019,'1496442',1053,,1276,59,,,0
4019,'1496443',1953,,1277,59,,,0
4019,'1496444',1553,,1278,59,,,0
4019,'1496445',953,,1279,59,,,0
4019,'1496446',1853,,1280,59,,,0
4019,'1496447',1353,,1281,59,,,0
4019,'1496448',653,,1282,59,,,0
4019,'1496449',2053,,1283,59,,,0
4019,'1496450',1153,,1284,59,,,0
4019,'1496451',1253,,1285,59,,,0
4019,'1496452',2346,,1286,59,,,0
4019,'1496661',853,,1287,59,,,0
4019,'1496662',753,,1288,59,,,0
4019,'1496663',1653,,1289,59,,,0
4019,'1496664',2253,,1290,59,,,0
4019,'1496665',1753,,1291,59,,,0
4019,'1496666',1453,,1292,59,,,0
4019,'1496667',2153,,1293,59,,,0
4019,'1496668',1053,,1294,59,,,0
4019,'1496669',1953,,1295,59,,,0
4019,'1496670',1553,,1296,59,,,0
4019,'1496671',953,,1297,59,,,0
4019,'1496672',1853,,1298,59,,,0
4019,'1496673',1353,,1299,59,,,0
4019,'1496674',2053,,1300,59,,,0
4019,'1496675',1153,,1301,59,,,0
4019,'1496676',1253,,1302,59,,,0
4019,'1496677',2346,,1303,59,,,0
