3019,'1488507',936,,436,132,0,5,0
3019,'1488508',1136,,437,132,0,5,0
3019,'1488511',2206,,438,132,0,5,0
3019,'1488515',2306,,439,132,0,5,0
3019,'1488516',1206,,440,132,0,5,0
3019,'1488519',1736,,441,132,0,5,0
3019,'1488521',2356,,442,132,0,5,0
3019,'1488522',1536,,443,132,0,5,0
3019,'1488523',2006,,444,132,0,5,0
3019,'1488525',1306,,445,132,0,5,0
3019,'1488526',836,,446,132,0,5,0
3019,'1488529',2106,,447,132,0,5,0
3019,'1488531',806,,448,132,0,5,0
3019,'1488533',1836,,449,132,0,5,0
3019,'1488535',1406,,450,132,0,5,0
3019,'1488537',1906,,451,132,0,5,0
3019,'1488538',1106,,452,132,0,5,0
3019,'1488539',1336,,453,132,0,5,0
3019,'1488540',1436,,454,132,0,5,0
3019,'1488542',906,,455,132,0,5,0
3019,'1488546',1036,,456,132,0,5,0
3019,'1488547',1706,,457,132,0,5,0
3019,'1488548',1506,,458,132,0,5,0
3019,'1488550',1806,,459,132,0,5,0
3019,'1488551',1236,,460,132,0,5,0
3019,'1488552',1606,,461,132,0,5,0
3019,'1488553',636,,462,52,0,5,0
3019,'1488556',1636,,463,132,0,5,0
3019,'1488560',1006,,464,132,0,5,0
3019,'1488565',706,,465,99,0,5,0
3019,'1496990',1806,,648,129,0,5,0
3019,'1496992',2306,,650,129,0,5,0
3019,'1496997',2006,,655,129,0,5,0
3019,'1496998',1506,,656,129,0,5,0
3019,'1497000',2106,,658,129,0,5,0
3019,'1497002',2356,,660,129,0,5,0
3019,'1497006',1906,,664,129,0,5,0
3019,'1497007',806,,665,129,0,5,0
3019,'1497008',1006,,666,129,0,5,0
3019,'1497012',1106,,670,129,0,5,0
3019,'1497013',1406,,671,129,0,5,0
3019,'1497014',1706,,672,129,0,5,0
3019,'1497016',1206,,674,129,0,5,0
3019,'1497017',1606,,675,129,0,5,0
3019,'1497018',2206,,676,129,0,5,0
3019,'1497019',906,,677,129,0,5,0
3019,'1497021',1306,,679,129,0,5,0
3019,'1497025',636,,683,51,0,5,0
