2029,'1492022',2005,,280,32,,,0
2029,'1492026',905,,281,32,,,0
2029,'1492029',1405,,282,32,,,0
2029,'1492030',1205,,283,32,,,0
2029,'1492031',1805,,284,32,,,0
2029,'1492033',1235,,285,32,,,0
2029,'1492035',1535,,286,32,,,0
2029,'1492039',935,,287,32,,,0
2029,'1492041',2205,,288,32,,,0
2029,'1492044',805,,289,32,,,0
2029,'1492046',1605,,290,32,,,0
2029,'1492047',1435,,291,32,,,0
2029,'1492049',2304,,292,32,,,0
2029,'1492050',1035,,293,32,,,0
2029,'1492051',705,,294,32,,,0
2029,'1492052',1305,,295,32,,,0
2029,'1492054',1905,,296,32,,,0
2029,'1492056',1635,,297,32,,,0
2029,'1492059',1505,,298,32,,,0
2029,'1492060',1335,,299,32,,,0
2029,'1492061',735,,300,32,,,0
2029,'1492063',1705,,301,32,,,0
2029,'1492065',1005,,302,32,,,0
2029,'1492070',835,,303,32,,,0
2029,'1492071',2105,,304,32,,,0
2029,'1492072',1135,,305,32,,,0
2029,'1492073',1105,,306,32,,,0
2029,'1492076',1735,,307,32,,,0
2029,'1496956',1707,,630,33,,,0
2029,'1496959',1107,,631,33,,,0
2029,'1496960',2207,,632,33,,,0
2029,'1496963',2304,,633,33,,,0
2029,'1496964',1007,,634,33,,,0
2029,'1496965',2007,,635,33,,,0
2029,'1496966',907,,636,33,,,0
2029,'1496967',1507,,637,33,,,0
2029,'1496969',2107,,638,33,,,0
2029,'1496971',1807,,639,33,,,0
2029,'1496972',1207,,640,33,,,0
2029,'1496976',1407,,641,33,,,0
2029,'1496977',807,,642,33,,,0
2029,'1496978',1307,,643,33,,,0
2029,'1496980',1907,,644,33,,,0
2029,'1496982',1607,,645,33,,,0
2029,'1496985',707,,646,33,,,0
