2019,'1492023',2233,,191,26,,,0
2019,'1492024',1218,,192,26,,,0
2019,'1492025',1348,,193,26,,,0
2019,'1492027',2133,,194,26,,,0
2019,'1492028',1833,,195,26,,,0
2019,'1492032',1318,,196,26,,,0
2019,'1492034',1448,,197,26,,,0
2019,'1492036',948,,198,26,,,0
2019,'1492037',1518,,199,26,,,0
2019,'1492038',918,,200,26,,,0
2019,'1492040',1118,,201,26,,,0
2019,'1492042',848,,202,26,,,0
2019,'1492043',818,,203,26,,,0
2019,'1492045',1018,,204,26,,,0
2019,'1492048',1548,,205,26,,,0
2019,'1492053',2033,,206,26,,,0
2019,'1492055',718,,207,26,,,0
2019,'1492057',1718,,208,26,,,0
2019,'1492058',2331,,209,26,,,0
2019,'1492062',1418,,210,26,,,0
2019,'1492064',1048,,211,26,,,0
2019,'1492066',1148,,212,26,,,0
2019,'1492067',1618,,213,26,,,0
2019,'1492068',1748,,214,26,,,0
2019,'1492069',1648,,215,26,,,0
2019,'1492074',748,,216,26,,,0
2019,'1492075',1248,,217,26,,,0
2019,'1492077',648,,218,26,,,0
2019,'1492079',548,,220,4,,,0
2019,'1492080',1933,,221,26,,,0
2019,'1496953',1733,,611,26,,,0
2019,'1496954',2133,,612,26,,,0
2019,'1496955',1333,,613,26,,,0
2019,'1496957',1133,,614,26,,,0
2019,'1496958',1433,,615,26,,,0
2019,'1496961',2033,,616,26,,,0
2019,'1496962',733,,617,26,,,0
2019,'1496968',1233,,618,26,,,0
2019,'1496970',2233,,619,26,,,0
2019,'1496973',1533,,620,26,,,0
2019,'1496974',1833,,621,26,,,0
2019,'1496975',1033,,622,26,,,0
2019,'1496979',933,,623,26,,,0
2019,'1496981',833,,624,26,,,0
2019,'1496983',1633,,625,26,,,0
2019,'1496984',1933,,626,26,,,0
2019,'1496986',633,,627,26,,,0
2019,'1496988',2331,,629,26,,,0
