3019,'1491899',1612,,370,74,,,0
3019,'1491900',1742,,371,74,,,0
3019,'1491901',2057,,372,74,,,0
3019,'1491902',912,,373,74,,,0
3019,'1491903',742,,374,74,,,0
3019,'1491904',1642,,375,74,,,0
3019,'1491905',1212,,376,74,,,0
3019,'1491906',1142,,377,74,,,0
3019,'1491907',812,,378,74,,,0
3019,'1491908',942,,379,74,,,0
3019,'1491909',2257,,380,74,,,0
3019,'1491910',1412,,381,74,,,0
3019,'1491911',1342,,382,74,,,0
3019,'1491912',1512,,383,74,,,0
3019,'1491913',1312,,384,74,,,0
3019,'1491914',2157,,385,74,,,0
3019,'1491915',842,,386,74,,,0
3019,'1491916',1812,,387,74,,,0
3019,'1491917',1442,,388,74,,,0
3019,'1491918',1042,,389,74,,,0
3019,'1491919',1112,,390,74,,,0
3019,'1491920',1242,,391,74,,,0
3019,'1491921',1712,,392,74,,,0
3019,'1491922',1012,,393,74,,,0
3019,'1491923',1542,,394,74,,,0
3019,'1491924',1857,,395,74,,,0
3019,'1491925',2353,,396,74,,,0
3019,'1491927',612,,398,17,,,0
3019,'1491928',1957,,399,74,,,0
3019,'1492021',712,,400,74,,,0
3019,'1496989',757,,647,73,,,0
3019,'1496991',1457,,649,73,,,0
3019,'1496993',857,,651,73,,,0
3019,'1496994',1157,,652,73,,,0
3019,'1496995',2257,,653,73,,,0
3019,'1496996',1857,,654,73,,,0
3019,'1496999',1357,,657,73,,,0
3019,'1497001',1957,,659,73,,,0
3019,'1497003',1657,,661,73,,,0
3019,'1497004',957,,662,73,,,0
3019,'1497005',1257,,663,73,,,0
3019,'1497009',2157,,667,73,,,0
3019,'1497010',1757,,668,73,,,0
3019,'1497011',1057,,669,73,,,0
3019,'1497015',1557,,673,73,,,0
3019,'1497020',2057,,678,73,,,0
3019,'1497022',627,,680,17,,,0
3019,'1497023',2353,,681,73,,,0
3019,'1497024',657,,682,73,,,0
