2019,'1496174',1214,,878,20,,,0
2019,'1496175',1344,,879,20,,,0
2019,'1496179',1314,,880,20,,,0
2019,'1496181',1444,,881,20,,,0
2019,'1496183',944,,882,20,,,0
2019,'1496184',1514,,883,20,,,0
2019,'1496185',914,,884,20,,,0
2019,'1496187',1114,,885,20,,,0
2019,'1496188',844,,886,20,,,0
2019,'1496189',814,,887,20,,,0
2019,'1496191',1014,,888,20,,,0
2019,'1496194',1544,,889,20,,,0
2019,'1496198',714,,890,20,,,0
2019,'1496200',1714,,891,20,,,0
2019,'1496204',1414,,892,20,,,0
2019,'1496206',1044,,893,20,,,0
2019,'1496208',1144,,894,20,,,0
2019,'1496209',1614,,895,20,,,0
2019,'1496210',1744,,896,20,,,0
2019,'1496211',1644,,897,20,,,0
2019,'1496215',744,,898,20,,,0
2019,'1496216',1244,,899,20,,,0
2019,'1496218',644,,900,20,,,0
2019,'1496223',2229,,903,20,,,0
2019,'1496224',1214,,904,20,,,0
2019,'1496225',1344,,905,20,,,0
2019,'1496227',2129,,906,20,,,0
2019,'1496228',1829,,907,20,,,0
2019,'1496232',1314,,908,20,,,0
2019,'1496234',1444,,909,20,,,0
2019,'1496236',944,,910,20,,,0
2019,'1496237',1514,,911,20,,,0
2019,'1496238',914,,912,20,,,0
2019,'1496240',1114,,913,20,,,0
2019,'1496242',844,,914,20,,,0
2019,'1496243',814,,915,20,,,0
2019,'1496245',1014,,916,20,,,0
2019,'1496248',1544,,917,20,,,0
2019,'1496253',2029,,918,20,,,0
2019,'1496255',714,,919,20,,,0
2019,'1496257',1714,,920,20,,,0
2019,'1496258',2327,,921,20,,,0
2019,'1496262',1414,,922,20,,,0
2019,'1496264',1044,,923,20,,,0
2019,'1496266',1144,,924,20,,,0
2019,'1496267',1614,,925,20,,,0
2019,'1496268',1744,,926,20,,,0
2019,'1496269',1644,,927,20,,,0
2019,'1496274',744,,928,20,,,0
2019,'1496275',1244,,929,20,,,0
2019,'1496277',644,,930,20,,,0
2019,'1496280',1929,,933,20,,,0
2019,'1496490',1729,,934,20,,,0
2019,'1496491',2129,,935,20,,,0
2019,'1496492',1329,,936,20,,,0
2019,'1496494',1129,,937,20,,,0
2019,'1496495',1429,,938,20,,,0
2019,'1496498',2029,,939,20,,,0
2019,'1496499',729,,940,20,,,0
2019,'1496505',1229,,941,20,,,0
2019,'1496507',2229,,942,20,,,0
2019,'1496510',1529,,943,20,,,0
2019,'1496511',1829,,944,20,,,0
2019,'1496512',1029,,945,20,,,0
2019,'1496516',929,,946,20,,,0
2019,'1496518',829,,947,20,,,0
2019,'1496520',1629,,948,20,,,0
2019,'1496521',1929,,949,20,,,0
2019,'1496523',629,,950,20,,,0
2019,'1496525',2326,,952,20,,,0
2019,'1496594',1729,,953,20,,,0
2019,'1496595',2129,,954,20,,,0
2019,'1496596',1329,,955,20,,,0
2019,'1496598',1129,,956,20,,,0
2019,'1496599',1429,,957,20,,,0
2019,'1496602',2029,,958,20,,,0
2019,'1496603',729,,959,20,,,0
2019,'1496609',1229,,960,20,,,0
2019,'1496613',1529,,961,20,,,0
2019,'1496614',1829,,962,20,,,0
2019,'1496615',1029,,963,20,,,0
2019,'1496619',929,,964,20,,,0
2019,'1496621',829,,965,20,,,0
2019,'1496623',1629,,966,20,,,0
2019,'1496624',1929,,967,20,,,0
2019,'1496626',2326,,969,20,,,0
