2019,'1492023',2216,,191,3,,,0
2019,'1492024',1201,,192,3,,,0
2019,'1492025',1331,,193,3,,,0
2019,'1492027',2116,,194,3,,,0
2019,'1492028',1816,,195,3,,,0
2019,'1492032',1301,,196,3,,,0
2019,'1492034',1431,,197,3,,,0
2019,'1492036',931,,198,3,,,0
2019,'1492037',1501,,199,3,,,0
2019,'1492038',901,,200,3,,,0
2019,'1492040',1101,,201,3,,,0
2019,'1492042',831,,202,3,,,0
2019,'1492043',801,,203,3,,,0
2019,'1492045',1001,,204,3,,,0
2019,'1492048',1531,,205,3,,,0
2019,'1492053',2016,,206,3,,,0
2019,'1492055',701,,207,3,,,0
2019,'1492057',1701,,208,3,,,0
2019,'1492058',2316,,209,3,,,0
2019,'1492062',1401,,210,3,,,0
2019,'1492064',1031,,211,3,,,0
2019,'1492066',1131,,212,3,,,0
2019,'1492067',1601,,213,3,,,0
2019,'1492068',1731,,214,3,,,0
2019,'1492069',1631,,215,3,,,0
2019,'1492074',731,,216,3,,,0
2019,'1492075',1231,,217,3,,,0
2019,'1492077',631,,218,3,,,0
2019,'1492080',1916,,221,3,,,0
2019,'1496953',1716,,611,3,,,0
2019,'1496954',2116,,612,3,,,0
2019,'1496955',1316,,613,3,,,0
2019,'1496957',1116,,614,3,,,0
2019,'1496958',1416,,615,3,,,0
2019,'1496961',2016,,616,3,,,0
2019,'1496962',716,,617,3,,,0
2019,'1496968',1216,,618,3,,,0
2019,'1496970',2216,,619,3,,,0
2019,'1496973',1516,,620,3,,,0
2019,'1496974',1816,,621,3,,,0
2019,'1496975',1016,,622,3,,,0
2019,'1496979',916,,623,3,,,0
2019,'1496981',816,,624,3,,,0
2019,'1496983',1616,,625,3,,,0
2019,'1496984',1916,,626,3,,,0
2019,'1496986',616,,627,3,,,0
2019,'1496988',2316,,629,3,,,0
3019,'1488507',816,,436,3,0,5,0
3019,'1488508',1016,,437,3,0,5,0
3019,'1488511',2046,,438,3,0,5,0
3019,'1488515',2146,,439,3,0,5,0
3019,'1488516',1046,,440,3,0,5,0
3019,'1488519',1616,,441,3,0,5,0
3019,'1488521',2246,,442,3,0,5,0
3019,'1488522',1416,,443,3,0,5,0
3019,'1488523',1846,,444,3,0,5,0
3019,'1488525',1146,,445,3,0,5,0
3019,'1488526',716,,446,3,0,5,0
3019,'1488529',1946,,447,3,0,5,0
3019,'1488531',646,,448,3,0,5,0
3019,'1488533',1716,,449,3,0,5,0
3019,'1488535',1246,,450,3,0,5,0
3019,'1488537',1746,,451,3,0,5,0
3019,'1488538',946,,452,3,0,5,0
3019,'1488539',1216,,453,3,0,5,0
3019,'1488540',1316,,454,3,0,5,0
3019,'1488542',746,,455,3,0,5,0
3019,'1488546',916,,456,3,0,5,0
3019,'1488547',1546,,457,3,0,5,0
3019,'1488548',1346,,458,3,0,5,0
3019,'1488550',1646,,459,3,0,5,0
3019,'1488551',1116,,460,3,0,5,0
3019,'1488552',1446,,461,3,0,5,0
3019,'1488556',1516,,463,3,0,5,0
3019,'1488560',846,,464,3,0,5,0
3019,'1496990',1646,,648,3,0,5,0
3019,'1496992',2146,,650,3,0,5,0
3019,'1496997',1846,,655,3,0,5,0
3019,'1496998',1346,,656,3,0,5,0
3019,'1497000',1946,,658,3,0,5,0
3019,'1497002',2246,,660,3,0,5,0
3019,'1497006',1746,,664,3,0,5,0
3019,'1497007',646,,665,3,0,5,0
3019,'1497008',846,,666,3,0,5,0
3019,'1497012',946,,670,3,0,5,0
3019,'1497013',1246,,671,3,0,5,0
3019,'1497014',1546,,672,3,0,5,0
3019,'1497016',1046,,674,3,0,5,0
3019,'1497017',1446,,675,3,0,5,0
3019,'1497018',2046,,676,3,0,5,0
3019,'1497019',746,,677,3,0,5,0
3019,'1497021',1146,,679,3,0,5,0
