2019,'1496174',1221,,878,32,,,0
2019,'1496175',1351,,879,32,,,0
2019,'1496179',1321,,880,32,,,0
2019,'1496181',1451,,881,32,,,0
2019,'1496183',951,,882,32,,,0
2019,'1496184',1521,,883,32,,,0
2019,'1496185',921,,884,32,,,0
2019,'1496187',1121,,885,32,,,0
2019,'1496188',851,,886,32,,,0
2019,'1496189',821,,887,32,,,0
2019,'1496191',1021,,888,32,,,0
2019,'1496194',1551,,889,32,,,0
2019,'1496198',721,,890,32,,,0
2019,'1496200',1721,,891,32,,,0
2019,'1496204',1421,,892,32,,,0
2019,'1496206',1051,,893,32,,,0
2019,'1496208',1151,,894,32,,,0
2019,'1496209',1621,,895,32,,,0
2019,'1496210',1751,,896,32,,,0
2019,'1496211',1651,,897,32,,,0
2019,'1496215',751,,898,32,,,0
2019,'1496216',1251,,899,32,,,0
2019,'1496218',651,,900,32,,,0
2019,'1496223',2236,,903,32,,,0
2019,'1496224',1221,,904,32,,,0
2019,'1496225',1351,,905,32,,,0
2019,'1496227',2136,,906,32,,,0
2019,'1496228',1836,,907,32,,,0
2019,'1496232',1321,,908,32,,,0
2019,'1496234',1451,,909,32,,,0
2019,'1496236',951,,910,32,,,0
2019,'1496237',1521,,911,32,,,0
2019,'1496238',921,,912,32,,,0
2019,'1496240',1121,,913,32,,,0
2019,'1496242',851,,914,32,,,0
2019,'1496243',821,,915,32,,,0
2019,'1496245',1021,,916,32,,,0
2019,'1496248',1551,,917,32,,,0
2019,'1496253',2036,,918,32,,,0
2019,'1496255',721,,919,32,,,0
2019,'1496257',1721,,920,32,,,0
2019,'1496258',2334,,921,32,,,0
2019,'1496262',1421,,922,32,,,0
2019,'1496264',1051,,923,32,,,0
2019,'1496266',1151,,924,32,,,0
2019,'1496267',1621,,925,32,,,0
2019,'1496268',1751,,926,32,,,0
2019,'1496269',1651,,927,32,,,0
2019,'1496274',751,,928,32,,,0
2019,'1496275',1251,,929,32,,,0
2019,'1496277',651,,930,32,,,0
2019,'1496279',551,,932,10,,,0
2019,'1496280',1936,,933,32,,,0
2019,'1496490',1736,,934,32,,,0
2019,'1496491',2136,,935,32,,,0
2019,'1496492',1336,,936,32,,,0
2019,'1496494',1136,,937,32,,,0
2019,'1496495',1436,,938,32,,,0
2019,'1496498',2036,,939,32,,,0
2019,'1496499',736,,940,32,,,0
2019,'1496505',1236,,941,32,,,0
2019,'1496507',2236,,942,32,,,0
2019,'1496510',1536,,943,32,,,0
2019,'1496511',1836,,944,32,,,0
2019,'1496512',1036,,945,32,,,0
2019,'1496516',936,,946,32,,,0
2019,'1496518',836,,947,32,,,0
2019,'1496520',1636,,948,32,,,0
2019,'1496521',1936,,949,32,,,0
2019,'1496523',636,,950,32,,,0
2019,'1496525',2335,,952,32,,,0
2019,'1496594',1736,,953,32,,,0
2019,'1496595',2136,,954,32,,,0
2019,'1496596',1336,,955,32,,,0
2019,'1496598',1136,,956,32,,,0
2019,'1496599',1436,,957,32,,,0
2019,'1496602',2036,,958,32,,,0
2019,'1496603',736,,959,32,,,0
2019,'1496609',1236,,960,32,,,0
2019,'1496613',1536,,961,32,,,0
2019,'1496614',1836,,962,32,,,0
2019,'1496615',1036,,963,32,,,0
2019,'1496619',936,,964,32,,,0
2019,'1496621',836,,965,32,,,0
2019,'1496623',1636,,966,32,,,0
2019,'1496624',1936,,967,32,,,0
2019,'1496626',2335,,969,32,,,0
