2019,'1492023',2308,,191,74,,,0
2019,'1492024',1253,,192,74,,,0
2019,'1492025',1423,,193,74,,,0
2019,'1492027',2208,,194,74,,,0
2019,'1492028',1908,,195,74,,,0
2019,'1492032',1353,,196,74,,,0
2019,'1492034',1523,,197,74,,,0
2019,'1492036',1023,,198,74,,,0
2019,'1492037',1553,,199,74,,,0
2019,'1492038',953,,200,74,,,0
2019,'1492040',1153,,201,74,,,0
2019,'1492042',923,,202,74,,,0
2019,'1492043',853,,203,74,,,0
2019,'1492045',1053,,204,74,,,0
2019,'1492048',1623,,205,74,,,0
2019,'1492053',2108,,206,74,,,0
2019,'1492055',753,,207,74,,,0
2019,'1492057',1753,,208,74,,,0
2019,'1492062',1453,,210,74,,,0
2019,'1492064',1123,,211,74,,,0
2019,'1492066',1223,,212,74,,,0
2019,'1492067',1653,,213,74,,,0
2019,'1492068',1823,,214,74,,,0
2019,'1492069',1723,,215,74,,,0
2019,'1492074',823,,216,74,,,0
2019,'1492075',1323,,217,74,,,0
2019,'1492077',723,,218,74,,,0
2019,'1492079',623,,220,52,,,0
2019,'1492080',2008,,221,74,,,0
2019,'1496953',1808,,611,75,,,0
2019,'1496954',2208,,612,75,,,0
2019,'1496955',1408,,613,75,,,0
2019,'1496957',1208,,614,75,,,0
2019,'1496958',1508,,615,75,,,0
2019,'1496961',2108,,616,75,,,0
2019,'1496962',808,,617,75,,,0
2019,'1496968',1308,,618,75,,,0
2019,'1496970',2308,,619,75,,,0
2019,'1496973',1608,,620,75,,,0
2019,'1496974',1908,,621,75,,,0
2019,'1496975',1108,,622,75,,,0
2019,'1496979',1008,,623,75,,,0
2019,'1496981',908,,624,75,,,0
2019,'1496983',1708,,625,75,,,0
2019,'1496984',2008,,626,75,,,0
2019,'1496986',708,,627,75,,,0
2019,'1496987',638,,628,43,,,0
