2019,'1492023',2231,,191,23,,,0
2019,'1492024',1216,,192,23,,,0
2019,'1492025',1346,,193,23,,,0
2019,'1492027',2131,,194,23,,,0
2019,'1492028',1831,,195,23,,,0
2019,'1492032',1316,,196,23,,,0
2019,'1492034',1446,,197,23,,,0
2019,'1492036',946,,198,23,,,0
2019,'1492037',1516,,199,23,,,0
2019,'1492038',916,,200,23,,,0
2019,'1492040',1116,,201,23,,,0
2019,'1492042',846,,202,23,,,0
2019,'1492043',816,,203,23,,,0
2019,'1492045',1016,,204,23,,,0
2019,'1492048',1546,,205,23,,,0
2019,'1492053',2031,,206,23,,,0
2019,'1492055',716,,207,23,,,0
2019,'1492057',1716,,208,23,,,0
2019,'1492058',2329,,209,23,,,0
2019,'1492062',1416,,210,23,,,0
2019,'1492064',1046,,211,23,,,0
2019,'1492066',1146,,212,23,,,0
2019,'1492067',1616,,213,23,,,0
2019,'1492068',1746,,214,23,,,0
2019,'1492069',1646,,215,23,,,0
2019,'1492074',746,,216,23,,,0
2019,'1492075',1246,,217,23,,,0
2019,'1492077',646,,218,23,,,0
2019,'1492079',546,,220,1,,,0
2019,'1492080',1931,,221,23,,,0
2019,'1496953',1731,,611,23,,,0
2019,'1496954',2131,,612,23,,,0
2019,'1496955',1331,,613,23,,,0
2019,'1496957',1131,,614,23,,,0
2019,'1496958',1431,,615,23,,,0
2019,'1496961',2031,,616,23,,,0
2019,'1496962',731,,617,23,,,0
2019,'1496968',1231,,618,23,,,0
2019,'1496970',2231,,619,23,,,0
2019,'1496973',1531,,620,23,,,0
2019,'1496974',1831,,621,23,,,0
2019,'1496975',1031,,622,23,,,0
2019,'1496979',931,,623,23,,,0
2019,'1496981',831,,624,23,,,0
2019,'1496983',1631,,625,23,,,0
2019,'1496984',1931,,626,23,,,0
2019,'1496986',631,,627,23,,,0
2019,'1496988',2329,,629,23,,,0
