2029,'1496221',640,,971,55,,,0
2029,'1496281',640,,972,55,,,0
2029,'1497044',941,,973,92,,,0
2029,'1497045',1441,,974,92,,,0
2029,'1497046',1241,,975,92,,,0
2029,'1497047',1311,,976,92,,,0
2029,'1497048',1611,,977,92,,,0
2029,'1497049',1011,,978,92,,,0
2029,'1497050',841,,979,92,,,0
2029,'1497051',1641,,980,92,,,0
2029,'1497052',1511,,981,92,,,0
2029,'1497053',1111,,982,92,,,0
2029,'1497054',741,,983,92,,,0
2029,'1497055',1341,,984,92,,,0
2029,'1497056',1711,,985,92,,,0
2029,'1497057',1541,,986,92,,,0
2029,'1497058',1411,,987,92,,,0
2029,'1497059',811,,988,92,,,0
2029,'1497060',1741,,989,92,,,0
2029,'1497061',1041,,990,92,,,0
2029,'1497062',911,,991,92,,,0
2029,'1497063',1211,,992,92,,,0
2029,'1497064',1141,,993,92,,,0
2029,'1497065',1811,,994,92,,,0
2029,'1497066',2041,,995,92,,,0
2029,'1497067',941,,996,92,,,0
2029,'1497068',1441,,997,92,,,0
2029,'1497069',1241,,998,92,,,0
2029,'1497070',1841,,999,92,,,0
2029,'1497071',1311,,1000,92,,,0
2029,'1497072',1611,,1001,92,,,0
2029,'1497073',1011,,1002,92,,,0
2029,'1497074',2241,,1003,92,,,0
2029,'1497075',841,,1004,92,,,0
2029,'1497076',1641,,1005,92,,,0
2029,'1497077',1511,,1006,92,,,0
2029,'1497078',2336,,1007,92,,,0
2029,'1497079',1111,,1008,92,,,0
2029,'1497080',741,,1009,92,,,0
2029,'1497081',1341,,1010,92,,,0
2029,'1497082',1941,,1011,92,,,0
2029,'1497083',1711,,1012,92,,,0
2029,'1497084',1541,,1013,92,,,0
2029,'1497085',1411,,1014,92,,,0
2029,'1497086',811,,1015,92,,,0
2029,'1497087',1741,,1016,92,,,0
2029,'1497088',1041,,1017,92,,,0
2029,'1497089',911,,1018,92,,,0
2029,'1497090',2141,,1019,92,,,0
2029,'1497091',1211,,1020,92,,,0
2029,'1497092',1141,,1021,92,,,0
2029,'1497093',1811,,1022,92,,,0
2029,'1497094',1741,,1023,92,,,0
2029,'1497095',1141,,1024,92,,,0
2029,'1497096',2241,,1025,92,,,0
2029,'1497097',2336,,1026,92,,,0
2029,'1497098',1041,,1027,92,,,0
2029,'1497099',2041,,1028,92,,,0
2029,'1497100',941,,1029,92,,,0
2029,'1497101',1541,,1030,92,,,0
2029,'1497102',2141,,1031,92,,,0
2029,'1497103',1841,,1032,92,,,0
2029,'1497104',1241,,1033,92,,,0
2029,'1497105',1441,,1034,92,,,0
2029,'1497106',841,,1035,92,,,0
2029,'1497107',1341,,1036,92,,,0
2029,'1497108',1941,,1037,92,,,0
2029,'1497109',1641,,1038,92,,,0
2029,'1497110',741,,1039,92,,,0
2029,'1497111',1741,,1040,92,,,0
2029,'1497112',1141,,1041,92,,,0
2029,'1497113',2241,,1042,92,,,0
2029,'1497114',2336,,1043,92,,,0
2029,'1497115',1041,,1044,92,,,0
2029,'1497116',2041,,1045,92,,,0
2029,'1497117',941,,1046,92,,,0
2029,'1497118',1541,,1047,92,,,0
2029,'1497119',2141,,1048,92,,,0
2029,'1497120',1841,,1049,92,,,0
2029,'1497121',1241,,1050,92,,,0
2029,'1497122',1441,,1051,92,,,0
2029,'1497123',841,,1052,92,,,0
2029,'1497124',1341,,1053,92,,,0
2029,'1497125',1941,,1054,92,,,0
2029,'1497126',1641,,1055,92,,,0
