3019,'1496125',1611,,1056,72,,,0
3019,'1496128',1741,,1059,72,,,0
3019,'1496129',911,,1060,72,,,0
3019,'1496130',741,,1061,72,,,0
3019,'1496131',1641,,1062,72,,,0
3019,'1496133',1211,,1064,72,,,0
3019,'1496134',1141,,1065,72,,,0
3019,'1496136',811,,1067,72,,,0
3019,'1496138',941,,1069,72,,,0
3019,'1496141',1411,,1072,72,,,0
3019,'1496142',1341,,1073,72,,,0
3019,'1496144',1511,,1075,72,,,0
3019,'1496146',1311,,1077,72,,,0
3019,'1496151',841,,1082,72,,,0
3019,'1496153',1811,,1084,72,,,0
3019,'1496154',1441,,1085,72,,,0
3019,'1496155',1041,,1086,72,,,0
3019,'1496159',1111,,1090,72,,,0
3019,'1496164',1241,,1095,72,,,0
3019,'1496165',1711,,1096,72,,,0
3019,'1496167',1011,,1098,72,,,0
3019,'1496168',1541,,1099,72,,,0
3019,'1496171',611,,1102,16,,,0
3019,'1496173',711,,1104,72,,,0
3019,'1496374',1611,,1105,72,,,0
3019,'1496377',1741,,1108,72,,,0
3019,'1496378',2056,,1109,72,,,0
3019,'1496380',911,,1111,72,,,0
3019,'1496381',741,,1112,72,,,0
3019,'1496382',1641,,1113,72,,,0
3019,'1496385',1211,,1116,72,,,0
3019,'1496386',1141,,1117,72,,,0
3019,'1496388',811,,1119,72,,,0
3019,'1496392',941,,1123,72,,,0
3019,'1496395',2256,,1126,72,,,0
3019,'1496396',1411,,1127,72,,,0
3019,'1496398',1341,,1129,72,,,0
3019,'1496400',1511,,1131,72,,,0
3019,'1496402',1311,,1133,72,,,0
3019,'1496404',2156,,1135,72,,,0
3019,'1496409',841,,1140,72,,,0
3019,'1496411',1811,,1142,72,,,0
3019,'1496412',1441,,1143,72,,,0
3019,'1496413',1041,,1144,72,,,0
3019,'1496417',1111,,1148,72,,,0
3019,'1496422',1241,,1153,72,,,0
3019,'1496423',1711,,1154,72,,,0
3019,'1496425',1011,,1156,72,,,0
3019,'1496426',1541,,1157,72,,,0
3019,'1496427',1856,,1158,72,,,0
3019,'1496429',2352,,1160,72,,,0
3019,'1496431',611,,1162,16,,,0
3019,'1496432',1956,,1163,72,,,0
3019,'1496434',711,,1165,72,,,0
3019,'1496453',756,,1166,72,,,0
3019,'1496455',1456,,1168,72,,,0
3019,'1496457',856,,1170,72,,,0
3019,'1496458',1156,,1171,72,,,0
3019,'1496459',2256,,1172,72,,,0
3019,'1496460',1856,,1173,72,,,0
3019,'1496463',1356,,1176,72,,,0
3019,'1496465',1956,,1178,72,,,0
3019,'1496467',1656,,1180,72,,,0
3019,'1496468',956,,1181,72,,,0
3019,'1496469',1256,,1182,72,,,0
3019,'1496473',2156,,1186,72,,,0
3019,'1496474',1756,,1187,72,,,0
3019,'1496475',1056,,1188,72,,,0
3019,'1496479',1556,,1192,72,,,0
3019,'1496484',2056,,1197,72,,,0
3019,'1496486',626,,1199,16,,,0
3019,'1496487',2352,,1200,72,,,0
3019,'1496488',656,,1201,72,,,0
3019,'1496627',756,,1203,72,,,0
3019,'1496629',1456,,1205,72,,,0
3019,'1496631',856,,1207,72,,,0
3019,'1496632',1156,,1208,72,,,0
3019,'1496633',1856,,1209,72,,,0
3019,'1496636',1356,,1212,72,,,0
3019,'1496638',1956,,1214,72,,,0
3019,'1496640',1656,,1216,72,,,0
3019,'1496641',956,,1217,72,,,0
3019,'1496642',1256,,1218,72,,,0
3019,'1496645',2156,,1221,72,,,0
3019,'1496646',1756,,1222,72,,,0
3019,'1496647',1056,,1223,72,,,0
3019,'1496651',1556,,1227,72,,,0
3019,'1496656',2056,,1232,72,,,0
3019,'1496658',726,,1234,16,,,0
3019,'1496659',2352,,1235,72,,,0
