3019,'1488507',927,,436,110,0,5,0
3019,'1488508',1127,,437,110,0,5,0
3019,'1488511',2157,,438,110,0,5,0
3019,'1488515',2257,,439,110,0,5,0
3019,'1488516',1157,,440,110,0,5,0
3019,'1488519',1727,,441,110,0,5,0
3019,'1488521',2347,,442,110,0,5,0
3019,'1488522',1527,,443,110,0,5,0
3019,'1488523',1957,,444,110,0,5,0
3019,'1488525',1257,,445,110,0,5,0
3019,'1488526',827,,446,110,0,5,0
3019,'1488529',2057,,447,110,0,5,0
3019,'1488531',757,,448,110,0,5,0
3019,'1488533',1827,,449,110,0,5,0
3019,'1488535',1357,,450,110,0,5,0
3019,'1488537',1857,,451,110,0,5,0
3019,'1488538',1057,,452,110,0,5,0
3019,'1488539',1327,,453,110,0,5,0
3019,'1488540',1427,,454,110,0,5,0
3019,'1488542',857,,455,110,0,5,0
3019,'1488546',1027,,456,110,0,5,0
3019,'1488547',1657,,457,110,0,5,0
3019,'1488548',1457,,458,110,0,5,0
3019,'1488550',1757,,459,110,0,5,0
3019,'1488551',1227,,460,110,0,5,0
3019,'1488552',1557,,461,110,0,5,0
3019,'1488553',627,,462,30,0,5,0
3019,'1488556',1627,,463,110,0,5,0
3019,'1488560',957,,464,110,0,5,0
3019,'1488565',657,,465,77,0,5,0
3019,'1496990',1757,,648,108,0,5,0
3019,'1496992',2257,,650,108,0,5,0
3019,'1496997',1957,,655,108,0,5,0
3019,'1496998',1457,,656,108,0,5,0
3019,'1497000',2057,,658,108,0,5,0
3019,'1497002',2347,,660,108,0,5,0
3019,'1497006',1857,,664,108,0,5,0
3019,'1497007',757,,665,108,0,5,0
3019,'1497008',957,,666,108,0,5,0
3019,'1497012',1057,,670,108,0,5,0
3019,'1497013',1357,,671,108,0,5,0
3019,'1497014',1657,,672,108,0,5,0
3019,'1497016',1157,,674,108,0,5,0
3019,'1497017',1557,,675,108,0,5,0
3019,'1497018',2157,,676,108,0,5,0
3019,'1497019',857,,677,108,0,5,0
3019,'1497021',1257,,679,108,0,5,0
3019,'1497025',627,,683,30,0,5,0
