1029,'1491948',1438,,124,33,,,0
1029,'1491949',1538,,125,33,,,0
1029,'1491951',1638,,126,33,,,0
1029,'1491953',738,,127,33,,,0
1029,'1491954',2108,,128,33,,,0
1029,'1491958',1038,,129,33,,,0
1029,'1491963',2008,,130,33,,,0
1029,'1491964',908,,131,33,,,0
1029,'1491965',1708,,132,33,,,0
1029,'1491966',1608,,133,33,,,0
1029,'1491970',1808,,134,33,,,0
1029,'1491971',1208,,135,33,,,0
1029,'1491972',1238,,136,33,,,0
1029,'1491973',1408,,137,33,,,0
1029,'1491974',1008,,138,33,,,0
1029,'1491976',708,,139,33,,,0
1029,'1491978',1838,,140,33,,,0
1029,'1491979',1738,,141,33,,,0
1029,'1491983',1338,,142,33,,,0
1029,'1491986',938,,143,33,,,0
1029,'1491987',2208,,144,33,,,0
1029,'1491989',1138,,145,33,,,0
1029,'1491991',2308,,146,33,,,0
1029,'1491993',838,,147,33,,,0
1029,'1491996',808,,148,33,,,0
1029,'1492000',1508,,149,33,,,0
1029,'1492001',1308,,150,33,,,0
1029,'1492003',1108,,151,33,,,0
1029,'1492008',1908,,153,33,,,0
1029,'1496919',1906,,594,33,,,0
1029,'1496920',2106,,595,33,,,0
1029,'1496925',1806,,596,33,,,0
1029,'1496926',2206,,597,33,,,0
1029,'1496927',1306,,598,33,,,0
1029,'1496929',1106,,599,33,,,0
1029,'1496931',1006,,600,33,,,0
1029,'1496932',2006,,601,33,,,0
1029,'1496934',706,,602,33,,,0
1029,'1496936',2306,,603,33,,,0
1029,'1496937',1506,,604,33,,,0
1029,'1496939',1606,,605,33,,,0
1029,'1496942',806,,606,33,,,0
1029,'1496943',1206,,607,33,,,0
1029,'1496944',906,,608,33,,,0
1029,'1496947',1706,,609,33,,,0
1029,'1496948',1406,,610,33,,,0
