1019,'1491950',748,,37,59,,,0
1019,'1491952',848,,38,59,,,0
1019,'1491955',1618,,39,59,,,0
1019,'1491956',2203,,40,59,,,0
1019,'1491957',1718,,41,59,,,0
1019,'1491959',818,,42,59,,,0
1019,'1491960',1518,,43,59,,,0
1019,'1491961',1318,,44,59,,,0
1019,'1491962',1848,,45,59,,,0
1019,'1491967',1418,,46,59,,,0
1019,'1491968',2003,,47,59,,,0
1019,'1491969',2103,,48,59,,,0
1019,'1491975',1118,,49,59,,,0
1019,'1491977',1348,,50,59,,,0
1019,'1491980',918,,51,59,,,0
1019,'1491981',1218,,52,59,,,0
1019,'1491982',1018,,53,59,,,0
1019,'1491984',2354,,54,59,,,0
1019,'1491985',1818,,55,59,,,0
1019,'1491988',1048,,56,59,,,0
1019,'1491990',948,,57,59,,,0
1019,'1491992',2303,,58,59,,,0
1019,'1491994',1448,,59,59,,,0
1019,'1491995',1548,,60,59,,,0
1019,'1491997',718,,61,59,,,0
1019,'1491998',1248,,62,59,,,0
1019,'1491999',1148,,63,59,,,0
1019,'1492002',1748,,64,59,,,0
1019,'1492004',1648,,65,59,,,0
1019,'1492005',618,,66,29,,,0
1019,'1492007',1918,,67,59,,,0
1019,'1496918',1403,,576,60,,,0
1019,'1496921',2003,,577,60,,,0
1019,'1496922',803,,578,60,,,0
1019,'1496923',703,,579,60,,,0
1019,'1496924',2103,,580,60,,,0
1019,'1496928',1103,,581,60,,,0
1019,'1496930',1503,,582,60,,,0
1019,'1496933',1703,,583,60,,,0
1019,'1496935',1203,,584,60,,,0
1019,'1496938',2203,,585,60,,,0
1019,'1496940',1603,,586,60,,,0
1019,'1496941',1803,,587,60,,,0
1019,'1496945',1003,,588,60,,,0
1019,'1496946',903,,589,60,,,0
1019,'1496949',1303,,590,60,,,0
1019,'1496950',1903,,591,60,,,0
1019,'1496951',2352,,592,60,,,0
1019,'1496952',2303,,593,60,,,0
