1019,'1491950',748,,37,58,,,0
1019,'1491952',848,,38,58,,,0
1019,'1491955',1618,,39,58,,,0
1019,'1491956',2203,,40,58,,,0
1019,'1491957',1718,,41,58,,,0
1019,'1491959',818,,42,58,,,0
1019,'1491960',1518,,43,58,,,0
1019,'1491961',1318,,44,58,,,0
1019,'1491962',1848,,45,58,,,0
1019,'1491967',1418,,46,58,,,0
1019,'1491968',2003,,47,58,,,0
1019,'1491969',2103,,48,58,,,0
1019,'1491975',1118,,49,58,,,0
1019,'1491977',1348,,50,58,,,0
1019,'1491980',918,,51,58,,,0
1019,'1491981',1218,,52,58,,,0
1019,'1491982',1018,,53,58,,,0
1019,'1491984',2354,,54,58,,,0
1019,'1491985',1818,,55,58,,,0
1019,'1491988',1048,,56,58,,,0
1019,'1491990',948,,57,58,,,0
1019,'1491992',2303,,58,58,,,0
1019,'1491994',1448,,59,58,,,0
1019,'1491995',1548,,60,58,,,0
1019,'1491997',718,,61,58,,,0
1019,'1491998',1248,,62,58,,,0
1019,'1491999',1148,,63,58,,,0
1019,'1492002',1748,,64,58,,,0
1019,'1492004',1648,,65,58,,,0
1019,'1492005',618,,66,28,,,0
1019,'1492007',1918,,67,58,,,0
1019,'1496918',1403,,576,59,,,0
1019,'1496921',2003,,577,59,,,0
1019,'1496922',803,,578,59,,,0
1019,'1496923',703,,579,59,,,0
1019,'1496924',2103,,580,59,,,0
1019,'1496928',1103,,581,59,,,0
1019,'1496930',1503,,582,59,,,0
1019,'1496933',1703,,583,59,,,0
1019,'1496935',1203,,584,59,,,0
1019,'1496938',2203,,585,59,,,0
1019,'1496940',1603,,586,59,,,0
1019,'1496941',1803,,587,59,,,0
1019,'1496945',1003,,588,59,,,0
1019,'1496946',903,,589,59,,,0
1019,'1496949',1303,,590,59,,,0
1019,'1496950',1903,,591,59,,,0
1019,'1496951',2352,,592,59,,,0
1019,'1496952',2303,,593,59,,,0
