2019,'1492023',2323,,191,100,,,0
2019,'1492024',1308,,192,100,,,0
2019,'1492025',1438,,193,100,,,0
2019,'1492027',2223,,194,100,,,0
2019,'1492028',1923,,195,100,,,0
2019,'1492032',1408,,196,100,,,0
2019,'1492034',1538,,197,100,,,0
2019,'1492036',1038,,198,100,,,0
2019,'1492037',1608,,199,100,,,0
2019,'1492038',1008,,200,100,,,0
2019,'1492040',1208,,201,100,,,0
2019,'1492042',938,,202,100,,,0
2019,'1492043',908,,203,100,,,0
2019,'1492045',1108,,204,100,,,0
2019,'1492048',1638,,205,100,,,0
2019,'1492053',2123,,206,100,,,0
2019,'1492055',808,,207,100,,,0
2019,'1492057',1808,,208,100,,,0
2019,'1492062',1508,,210,100,,,0
2019,'1492064',1138,,211,100,,,0
2019,'1492066',1238,,212,100,,,0
2019,'1492067',1708,,213,100,,,0
2019,'1492068',1838,,214,100,,,0
2019,'1492069',1738,,215,100,,,0
2019,'1492074',838,,216,100,,,0
2019,'1492075',1338,,217,100,,,0
2019,'1492077',738,,218,100,,,0
2019,'1492078',608,,219,15,,,0
2019,'1492079',638,,220,78,,,0
2019,'1492080',2023,,221,100,,,0
2019,'1496953',1823,,611,101,,,0
2019,'1496954',2223,,612,101,,,0
2019,'1496955',1423,,613,101,,,0
2019,'1496957',1223,,614,101,,,0
2019,'1496958',1523,,615,101,,,0
2019,'1496961',2123,,616,101,,,0
2019,'1496962',823,,617,101,,,0
2019,'1496968',1323,,618,101,,,0
2019,'1496970',2323,,619,101,,,0
2019,'1496973',1623,,620,101,,,0
2019,'1496974',1923,,621,101,,,0
2019,'1496975',1123,,622,101,,,0
2019,'1496979',1023,,623,101,,,0
2019,'1496981',923,,624,101,,,0
2019,'1496983',1723,,625,101,,,0
2019,'1496984',2023,,626,101,,,0
2019,'1496986',723,,627,101,,,0
2019,'1496987',653,,628,69,,,0
