2019,'1492023',2312,,191,80,,,0
2019,'1492024',1257,,192,80,,,0
2019,'1492025',1427,,193,80,,,0
2019,'1492027',2212,,194,80,,,0
2019,'1492028',1912,,195,80,,,0
2019,'1492032',1357,,196,80,,,0
2019,'1492034',1527,,197,80,,,0
2019,'1492036',1027,,198,80,,,0
2019,'1492037',1557,,199,80,,,0
2019,'1492038',957,,200,80,,,0
2019,'1492040',1157,,201,80,,,0
2019,'1492042',927,,202,80,,,0
2019,'1492043',857,,203,80,,,0
2019,'1492045',1057,,204,80,,,0
2019,'1492048',1627,,205,80,,,0
2019,'1492053',2112,,206,80,,,0
2019,'1492055',757,,207,80,,,0
2019,'1492057',1757,,208,80,,,0
2019,'1492062',1457,,210,80,,,0
2019,'1492064',1127,,211,80,,,0
2019,'1492066',1227,,212,80,,,0
2019,'1492067',1657,,213,80,,,0
2019,'1492068',1827,,214,80,,,0
2019,'1492069',1727,,215,80,,,0
2019,'1492074',827,,216,80,,,0
2019,'1492075',1327,,217,80,,,0
2019,'1492077',727,,218,80,,,0
2019,'1492079',627,,220,58,,,0
2019,'1492080',2012,,221,80,,,0
2019,'1496953',1811,,611,81,,,0
2019,'1496954',2211,,612,81,,,0
2019,'1496955',1411,,613,81,,,0
2019,'1496957',1211,,614,81,,,0
2019,'1496958',1511,,615,81,,,0
2019,'1496961',2111,,616,81,,,0
2019,'1496962',811,,617,81,,,0
2019,'1496968',1311,,618,81,,,0
2019,'1496970',2311,,619,81,,,0
2019,'1496973',1611,,620,81,,,0
2019,'1496974',1911,,621,81,,,0
2019,'1496975',1111,,622,81,,,0
2019,'1496979',1011,,623,81,,,0
2019,'1496981',911,,624,81,,,0
2019,'1496983',1711,,625,81,,,0
2019,'1496984',2011,,626,81,,,0
2019,'1496986',711,,627,81,,,0
2019,'1496987',641,,628,49,,,0
