1029,'1491948',1437,,124,32,,,0
1029,'1491949',1537,,125,32,,,0
1029,'1491951',1637,,126,32,,,0
1029,'1491953',737,,127,32,,,0
1029,'1491954',2107,,128,32,,,0
1029,'1491958',1037,,129,32,,,0
1029,'1491963',2007,,130,32,,,0
1029,'1491964',907,,131,32,,,0
1029,'1491965',1707,,132,32,,,0
1029,'1491966',1607,,133,32,,,0
1029,'1491970',1807,,134,32,,,0
1029,'1491971',1207,,135,32,,,0
1029,'1491972',1237,,136,32,,,0
1029,'1491973',1407,,137,32,,,0
1029,'1491974',1007,,138,32,,,0
1029,'1491976',707,,139,32,,,0
1029,'1491978',1837,,140,32,,,0
1029,'1491979',1737,,141,32,,,0
1029,'1491983',1337,,142,32,,,0
1029,'1491986',937,,143,32,,,0
1029,'1491987',2207,,144,32,,,0
1029,'1491989',1137,,145,32,,,0
1029,'1491991',2307,,146,32,,,0
1029,'1491993',837,,147,32,,,0
1029,'1491996',807,,148,32,,,0
1029,'1492000',1507,,149,32,,,0
1029,'1492001',1307,,150,32,,,0
1029,'1492003',1107,,151,32,,,0
1029,'1492008',1907,,153,32,,,0
1029,'1496919',1905,,594,32,,,0
1029,'1496920',2105,,595,32,,,0
1029,'1496925',1805,,596,32,,,0
1029,'1496926',2205,,597,32,,,0
1029,'1496927',1305,,598,32,,,0
1029,'1496929',1105,,599,32,,,0
1029,'1496931',1005,,600,32,,,0
1029,'1496932',2005,,601,32,,,0
1029,'1496934',705,,602,32,,,0
1029,'1496936',2305,,603,32,,,0
1029,'1496937',1505,,604,32,,,0
1029,'1496939',1605,,605,32,,,0
1029,'1496942',805,,606,32,,,0
1029,'1496943',1205,,607,32,,,0
1029,'1496944',905,,608,32,,,0
1029,'1496947',1705,,609,32,,,0
1029,'1496948',1405,,610,32,,,0
