3019,'1496125',1537,,1056,14,,,0
3019,'1496128',1707,,1059,14,,,0
3019,'1496129',837,,1060,14,,,0
3019,'1496130',707,,1061,14,,,0
3019,'1496131',1607,,1062,14,,,0
3019,'1496133',1137,,1064,14,,,0
3019,'1496134',1107,,1065,14,,,0
3019,'1496136',737,,1067,14,,,0
3019,'1496138',907,,1069,14,,,0
3019,'1496141',1337,,1072,14,,,0
3019,'1496142',1307,,1073,14,,,0
3019,'1496144',1437,,1075,14,,,0
3019,'1496146',1237,,1077,14,,,0
3019,'1496151',807,,1082,14,,,0
3019,'1496153',1737,,1084,14,,,0
3019,'1496154',1407,,1085,14,,,0
3019,'1496155',1007,,1086,14,,,0
3019,'1496159',1037,,1090,14,,,0
3019,'1496164',1207,,1095,14,,,0
3019,'1496165',1637,,1096,14,,,0
3019,'1496167',937,,1098,14,,,0
3019,'1496168',1507,,1099,14,,,0
3019,'1496173',637,,1104,14,,,0
3019,'1496374',1537,,1105,14,,,0
3019,'1496377',1707,,1108,14,,,0
3019,'1496378',2022,,1109,14,,,0
3019,'1496380',837,,1111,14,,,0
3019,'1496381',707,,1112,14,,,0
3019,'1496382',1607,,1113,14,,,0
3019,'1496385',1137,,1116,14,,,0
3019,'1496386',1107,,1117,14,,,0
3019,'1496388',737,,1119,14,,,0
3019,'1496392',907,,1123,14,,,0
3019,'1496395',2222,,1126,14,,,0
3019,'1496396',1337,,1127,14,,,0
3019,'1496398',1307,,1129,14,,,0
3019,'1496400',1437,,1131,14,,,0
3019,'1496402',1237,,1133,14,,,0
3019,'1496404',2122,,1135,14,,,0
3019,'1496409',807,,1140,14,,,0
3019,'1496411',1737,,1142,14,,,0
3019,'1496412',1407,,1143,14,,,0
3019,'1496413',1007,,1144,14,,,0
3019,'1496417',1037,,1148,14,,,0
3019,'1496422',1207,,1153,14,,,0
3019,'1496423',1637,,1154,14,,,0
3019,'1496425',937,,1156,14,,,0
3019,'1496426',1507,,1157,14,,,0
3019,'1496427',1822,,1158,14,,,0
3019,'1496429',2321,,1160,14,,,0
3019,'1496432',1922,,1163,14,,,0
3019,'1496434',637,,1165,14,,,0
3019,'1496453',722,,1166,14,,,0
3019,'1496455',1422,,1168,14,,,0
3019,'1496457',822,,1170,14,,,0
3019,'1496458',1122,,1171,14,,,0
3019,'1496459',2222,,1172,14,,,0
3019,'1496460',1822,,1173,14,,,0
3019,'1496463',1322,,1176,14,,,0
3019,'1496465',1922,,1178,14,,,0
3019,'1496467',1622,,1180,14,,,0
3019,'1496468',922,,1181,14,,,0
3019,'1496469',1222,,1182,14,,,0
3019,'1496473',2122,,1186,14,,,0
3019,'1496474',1722,,1187,14,,,0
3019,'1496475',1022,,1188,14,,,0
3019,'1496479',1522,,1192,14,,,0
3019,'1496484',2022,,1197,14,,,0
3019,'1496487',2321,,1200,14,,,0
3019,'1496488',622,,1201,14,,,0
3019,'1496627',722,,1203,14,,,0
3019,'1496629',1422,,1205,14,,,0
3019,'1496631',822,,1207,14,,,0
3019,'1496632',1122,,1208,14,,,0
3019,'1496633',1822,,1209,14,,,0
3019,'1496636',1322,,1212,14,,,0
3019,'1496638',1922,,1214,14,,,0
3019,'1496640',1622,,1216,14,,,0
3019,'1496641',922,,1217,14,,,0
3019,'1496642',1222,,1218,14,,,0
3019,'1496645',2122,,1221,14,,,0
3019,'1496646',1722,,1222,14,,,0
3019,'1496647',1022,,1223,14,,,0
3019,'1496651',1522,,1227,14,,,0
3019,'1496656',2022,,1232,14,,,0
3019,'1496659',2321,,1235,14,,,0
