2029,'1497044',850,,973,8,,,0
2029,'1497045',1350,,974,8,,,0
2029,'1497046',1150,,975,8,,,0
2029,'1497047',1220,,976,8,,,0
2029,'1497048',1520,,977,8,,,0
2029,'1497049',920,,978,8,,,0
2029,'1497050',750,,979,8,,,0
2029,'1497051',1550,,980,8,,,0
2029,'1497052',1420,,981,8,,,0
2029,'1497053',1020,,982,8,,,0
2029,'1497054',650,,983,8,,,0
2029,'1497055',1250,,984,8,,,0
2029,'1497056',1620,,985,8,,,0
2029,'1497057',1450,,986,8,,,0
2029,'1497058',1320,,987,8,,,0
2029,'1497059',720,,988,8,,,0
2029,'1497060',1650,,989,8,,,0
2029,'1497061',950,,990,8,,,0
2029,'1497062',820,,991,8,,,0
2029,'1497063',1120,,992,8,,,0
2029,'1497064',1050,,993,8,,,0
2029,'1497065',1720,,994,8,,,0
2029,'1497066',1950,,995,8,,,0
2029,'1497067',850,,996,8,,,0
2029,'1497068',1350,,997,8,,,0
2029,'1497069',1150,,998,8,,,0
2029,'1497070',1750,,999,8,,,0
2029,'1497071',1220,,1000,8,,,0
2029,'1497072',1520,,1001,8,,,0
2029,'1497073',920,,1002,8,,,0
2029,'1497074',2150,,1003,8,,,0
2029,'1497075',750,,1004,8,,,0
2029,'1497076',1550,,1005,8,,,0
2029,'1497077',1420,,1006,8,,,0
2029,'1497078',2249,,1007,8,,,0
2029,'1497079',1020,,1008,8,,,0
2029,'1497080',650,,1009,8,,,0
2029,'1497081',1250,,1010,8,,,0
2029,'1497082',1850,,1011,8,,,0
2029,'1497083',1620,,1012,8,,,0
2029,'1497084',1450,,1013,8,,,0
2029,'1497085',1320,,1014,8,,,0
2029,'1497086',720,,1015,8,,,0
2029,'1497087',1650,,1016,8,,,0
2029,'1497088',950,,1017,8,,,0
2029,'1497089',820,,1018,8,,,0
2029,'1497090',2050,,1019,8,,,0
2029,'1497091',1120,,1020,8,,,0
2029,'1497092',1050,,1021,8,,,0
2029,'1497093',1720,,1022,8,,,0
2029,'1497094',1650,,1023,8,,,0
2029,'1497095',1050,,1024,8,,,0
2029,'1497096',2150,,1025,8,,,0
2029,'1497097',2248,,1026,8,,,0
2029,'1497098',950,,1027,8,,,0
2029,'1497099',1950,,1028,8,,,0
2029,'1497100',850,,1029,8,,,0
2029,'1497101',1450,,1030,8,,,0
2029,'1497102',2050,,1031,8,,,0
2029,'1497103',1750,,1032,8,,,0
2029,'1497104',1150,,1033,8,,,0
2029,'1497105',1350,,1034,8,,,0
2029,'1497106',750,,1035,8,,,0
2029,'1497107',1250,,1036,8,,,0
2029,'1497108',1850,,1037,8,,,0
2029,'1497109',1550,,1038,8,,,0
2029,'1497110',650,,1039,8,,,0
2029,'1497111',1650,,1040,8,,,0
2029,'1497112',1050,,1041,8,,,0
2029,'1497113',2150,,1042,8,,,0
2029,'1497114',2248,,1043,8,,,0
2029,'1497115',950,,1044,8,,,0
2029,'1497116',1950,,1045,8,,,0
2029,'1497117',850,,1046,8,,,0
2029,'1497118',1450,,1047,8,,,0
2029,'1497119',2050,,1048,8,,,0
2029,'1497120',1750,,1049,8,,,0
2029,'1497121',1150,,1050,8,,,0
2029,'1497122',1350,,1051,8,,,0
2029,'1497123',750,,1052,8,,,0
2029,'1497124',1250,,1053,8,,,0
2029,'1497125',1850,,1054,8,,,0
2029,'1497126',1550,,1055,8,,,0
