8019,'1488718',1743,,544,8,,,0
8019,'1488719',1043,,545,8,,,0
8019,'1488720',1343,,546,8,,,0
8019,'1488721',943,,547,8,,,0
8019,'1488722',1443,,548,8,,,0
8019,'1488723',743,,549,8,,,0
8019,'1488724',1643,,550,8,,,0
8019,'1488725',843,,551,8,,,0
8019,'1488726',643,,552,8,,,0
8019,'1488727',1543,,553,8,,,0
8019,'1488728',1243,,554,8,,,0
8019,'1488729',1143,,555,8,,,0
8019,'1492009',1743,,556,8,,,0
8019,'1492010',1043,,557,8,,,0
8019,'1492011',1343,,558,8,,,0
8019,'1492012',943,,559,8,,,0
8019,'1492013',1443,,560,8,,,0
8019,'1492014',743,,561,8,,,0
8019,'1492015',1643,,562,8,,,0
8019,'1492016',843,,563,8,,,0
8019,'1492017',643,,564,8,,,0
8019,'1492018',1543,,565,8,,,0
8019,'1492019',1243,,566,8,,,0
8019,'1492020',1143,,567,8,,,0
