2029,'1496221',641,,971,56,,,0
2029,'1496281',641,,972,56,,,0
2029,'1497044',942,,973,93,,,0
2029,'1497045',1442,,974,93,,,0
2029,'1497046',1242,,975,93,,,0
2029,'1497047',1312,,976,93,,,0
2029,'1497048',1612,,977,93,,,0
2029,'1497049',1012,,978,93,,,0
2029,'1497050',842,,979,93,,,0
2029,'1497051',1642,,980,93,,,0
2029,'1497052',1512,,981,93,,,0
2029,'1497053',1112,,982,93,,,0
2029,'1497054',742,,983,93,,,0
2029,'1497055',1342,,984,93,,,0
2029,'1497056',1712,,985,93,,,0
2029,'1497057',1542,,986,93,,,0
2029,'1497058',1412,,987,93,,,0
2029,'1497059',812,,988,93,,,0
2029,'1497060',1742,,989,93,,,0
2029,'1497061',1042,,990,93,,,0
2029,'1497062',912,,991,93,,,0
2029,'1497063',1212,,992,93,,,0
2029,'1497064',1142,,993,93,,,0
2029,'1497065',1812,,994,93,,,0
2029,'1497066',2042,,995,93,,,0
2029,'1497067',942,,996,93,,,0
2029,'1497068',1442,,997,93,,,0
2029,'1497069',1242,,998,93,,,0
2029,'1497070',1842,,999,93,,,0
2029,'1497071',1312,,1000,93,,,0
2029,'1497072',1612,,1001,93,,,0
2029,'1497073',1012,,1002,93,,,0
2029,'1497074',2242,,1003,93,,,0
2029,'1497075',842,,1004,93,,,0
2029,'1497076',1642,,1005,93,,,0
2029,'1497077',1512,,1006,93,,,0
2029,'1497078',2337,,1007,93,,,0
2029,'1497079',1112,,1008,93,,,0
2029,'1497080',742,,1009,93,,,0
2029,'1497081',1342,,1010,93,,,0
2029,'1497082',1942,,1011,93,,,0
2029,'1497083',1712,,1012,93,,,0
2029,'1497084',1542,,1013,93,,,0
2029,'1497085',1412,,1014,93,,,0
2029,'1497086',812,,1015,93,,,0
2029,'1497087',1742,,1016,93,,,0
2029,'1497088',1042,,1017,93,,,0
2029,'1497089',912,,1018,93,,,0
2029,'1497090',2142,,1019,93,,,0
2029,'1497091',1212,,1020,93,,,0
2029,'1497092',1142,,1021,93,,,0
2029,'1497093',1812,,1022,93,,,0
2029,'1497094',1742,,1023,93,,,0
2029,'1497095',1142,,1024,93,,,0
2029,'1497096',2242,,1025,93,,,0
2029,'1497097',2337,,1026,93,,,0
2029,'1497098',1042,,1027,93,,,0
2029,'1497099',2042,,1028,93,,,0
2029,'1497100',942,,1029,93,,,0
2029,'1497101',1542,,1030,93,,,0
2029,'1497102',2142,,1031,93,,,0
2029,'1497103',1842,,1032,93,,,0
2029,'1497104',1242,,1033,93,,,0
2029,'1497105',1442,,1034,93,,,0
2029,'1497106',842,,1035,93,,,0
2029,'1497107',1342,,1036,93,,,0
2029,'1497108',1942,,1037,93,,,0
2029,'1497109',1642,,1038,93,,,0
2029,'1497110',742,,1039,93,,,0
2029,'1497111',1742,,1040,93,,,0
2029,'1497112',1142,,1041,93,,,0
2029,'1497113',2242,,1042,93,,,0
2029,'1497114',2337,,1043,93,,,0
2029,'1497115',1042,,1044,93,,,0
2029,'1497116',2042,,1045,93,,,0
2029,'1497117',942,,1046,93,,,0
2029,'1497118',1542,,1047,93,,,0
2029,'1497119',2142,,1048,93,,,0
2029,'1497120',1842,,1049,93,,,0
2029,'1497121',1242,,1050,93,,,0
2029,'1497122',1442,,1051,93,,,0
2029,'1497123',842,,1052,93,,,0
2029,'1497124',1342,,1053,93,,,0
2029,'1497125',1942,,1054,93,,,0
2029,'1497126',1642,,1055,93,,,0
