3019,'1496125',1535,,1056,8,,,0
3019,'1496128',1705,,1059,8,,,0
3019,'1496129',835,,1060,8,,,0
3019,'1496130',705,,1061,8,,,0
3019,'1496131',1605,,1062,8,,,0
3019,'1496133',1135,,1064,8,,,0
3019,'1496134',1105,,1065,8,,,0
3019,'1496136',735,,1067,8,,,0
3019,'1496138',905,,1069,8,,,0
3019,'1496141',1335,,1072,8,,,0
3019,'1496142',1305,,1073,8,,,0
3019,'1496144',1435,,1075,8,,,0
3019,'1496146',1235,,1077,8,,,0
3019,'1496151',805,,1082,8,,,0
3019,'1496153',1735,,1084,8,,,0
3019,'1496154',1405,,1085,8,,,0
3019,'1496155',1005,,1086,8,,,0
3019,'1496159',1035,,1090,8,,,0
3019,'1496164',1205,,1095,8,,,0
3019,'1496165',1635,,1096,8,,,0
3019,'1496167',935,,1098,8,,,0
3019,'1496168',1505,,1099,8,,,0
3019,'1496173',635,,1104,8,,,0
3019,'1496374',1535,,1105,8,,,0
3019,'1496377',1705,,1108,8,,,0
3019,'1496378',2020,,1109,8,,,0
3019,'1496380',835,,1111,8,,,0
3019,'1496381',705,,1112,8,,,0
3019,'1496382',1605,,1113,8,,,0
3019,'1496385',1135,,1116,8,,,0
3019,'1496386',1105,,1117,8,,,0
3019,'1496388',735,,1119,8,,,0
3019,'1496392',905,,1123,8,,,0
3019,'1496395',2220,,1126,8,,,0
3019,'1496396',1335,,1127,8,,,0
3019,'1496398',1305,,1129,8,,,0
3019,'1496400',1435,,1131,8,,,0
3019,'1496402',1235,,1133,8,,,0
3019,'1496404',2120,,1135,8,,,0
3019,'1496409',805,,1140,8,,,0
3019,'1496411',1735,,1142,8,,,0
3019,'1496412',1405,,1143,8,,,0
3019,'1496413',1005,,1144,8,,,0
3019,'1496417',1035,,1148,8,,,0
3019,'1496422',1205,,1153,8,,,0
3019,'1496423',1635,,1154,8,,,0
3019,'1496425',935,,1156,8,,,0
3019,'1496426',1505,,1157,8,,,0
3019,'1496427',1820,,1158,8,,,0
3019,'1496429',2319,,1160,8,,,0
3019,'1496432',1920,,1163,8,,,0
3019,'1496434',635,,1165,8,,,0
3019,'1496453',720,,1166,8,,,0
3019,'1496455',1420,,1168,8,,,0
3019,'1496457',820,,1170,8,,,0
3019,'1496458',1120,,1171,8,,,0
3019,'1496459',2220,,1172,8,,,0
3019,'1496460',1820,,1173,8,,,0
3019,'1496463',1320,,1176,8,,,0
3019,'1496465',1920,,1178,8,,,0
3019,'1496467',1620,,1180,8,,,0
3019,'1496468',920,,1181,8,,,0
3019,'1496469',1220,,1182,8,,,0
3019,'1496473',2120,,1186,8,,,0
3019,'1496474',1720,,1187,8,,,0
3019,'1496475',1020,,1188,8,,,0
3019,'1496479',1520,,1192,8,,,0
3019,'1496484',2020,,1197,8,,,0
3019,'1496487',2319,,1200,8,,,0
3019,'1496488',620,,1201,8,,,0
3019,'1496627',720,,1203,8,,,0
3019,'1496629',1420,,1205,8,,,0
3019,'1496631',820,,1207,8,,,0
3019,'1496632',1120,,1208,8,,,0
3019,'1496633',1820,,1209,8,,,0
3019,'1496636',1320,,1212,8,,,0
3019,'1496638',1920,,1214,8,,,0
3019,'1496640',1620,,1216,8,,,0
3019,'1496641',920,,1217,8,,,0
3019,'1496642',1220,,1218,8,,,0
3019,'1496645',2120,,1221,8,,,0
3019,'1496646',1720,,1222,8,,,0
3019,'1496647',1020,,1223,8,,,0
3019,'1496651',1520,,1227,8,,,0
3019,'1496656',2020,,1232,8,,,0
3019,'1496659',2319,,1235,8,,,0
