1019,'1496067',751,,702,67,,,0
1019,'1496069',851,,703,67,,,0
1019,'1496071',1621,,704,67,,,0
1019,'1496072',1721,,705,67,,,0
1019,'1496074',821,,706,67,,,0
1019,'1496075',1521,,707,67,,,0
1019,'1496076',1321,,708,67,,,0
1019,'1496080',1421,,709,67,,,0
1019,'1496085',1121,,710,67,,,0
1019,'1496087',1351,,711,67,,,0
1019,'1496089',921,,712,67,,,0
1019,'1496090',1221,,713,67,,,0
1019,'1496091',1021,,714,67,,,0
1019,'1496093',1821,,715,67,,,0
1019,'1496095',1051,,716,67,,,0
1019,'1496097',951,,717,67,,,0
1019,'1496099',1451,,718,67,,,0
1019,'1496100',1551,,719,67,,,0
1019,'1496102',721,,720,67,,,0
1019,'1496103',1251,,721,67,,,0
1019,'1496104',1151,,722,67,,,0
1019,'1496107',1751,,723,67,,,0
1019,'1496109',1651,,724,67,,,0
1019,'1496110',621,,725,36,,,0
1019,'1496296',751,,726,67,,,0
1019,'1496298',851,,727,67,,,0
1019,'1496301',1621,,728,67,,,0
1019,'1496302',2206,,729,67,,,0
1019,'1496303',1721,,730,67,,,0
1019,'1496305',821,,731,67,,,0
1019,'1496306',1521,,732,67,,,0
1019,'1496307',1321,,733,67,,,0
1019,'1496308',1851,,734,67,,,0
1019,'1496313',1421,,735,67,,,0
1019,'1496314',2006,,736,67,,,0
1019,'1496315',2106,,737,67,,,0
1019,'1496321',1121,,738,67,,,0
1019,'1496323',1351,,739,67,,,0
1019,'1496326',921,,740,67,,,0
1019,'1496327',1221,,741,67,,,0
1019,'1496328',1021,,742,67,,,0
1019,'1496330',2356,,743,67,,,0
1019,'1496331',1821,,744,67,,,0
1019,'1496334',1051,,745,67,,,0
1019,'1496336',951,,746,67,,,0
1019,'1496338',2306,,747,67,,,0
1019,'1496340',1451,,748,67,,,0
1019,'1496341',1551,,749,67,,,0
1019,'1496343',721,,750,67,,,0
1019,'1496344',1251,,751,67,,,0
1019,'1496345',1151,,752,67,,,0
1019,'1496348',1751,,753,67,,,0
1019,'1496350',1651,,754,67,,,0
1019,'1496351',621,,755,36,,,0
1019,'1496353',1921,,756,67,,,0
1019,'1496526',1406,,757,67,,,0
1019,'1496529',2006,,758,67,,,0
1019,'1496530',806,,759,67,,,0
1019,'1496531',706,,760,67,,,0
1019,'1496532',2106,,761,67,,,0
1019,'1496536',1106,,762,67,,,0
1019,'1496538',1506,,763,67,,,0
1019,'1496541',1706,,764,67,,,0
1019,'1496543',1206,,765,67,,,0
1019,'1496546',2206,,766,67,,,0
1019,'1496548',1606,,767,67,,,0
1019,'1496549',1806,,768,67,,,0
1019,'1496553',1006,,769,67,,,0
1019,'1496554',906,,770,67,,,0
1019,'1496557',1306,,771,67,,,0
1019,'1496558',1906,,772,67,,,0
1019,'1496559',2354,,773,67,,,0
1019,'1496560',2306,,774,67,,,0
1019,'1496561',1406,,775,67,,,0
1019,'1496564',2006,,776,67,,,0
1019,'1496565',806,,777,67,,,0
1019,'1496566',2106,,778,67,,,0
1019,'1496570',1106,,779,67,,,0
1019,'1496572',1506,,780,67,,,0
1019,'1496575',1706,,781,67,,,0
1019,'1496576',1206,,782,67,,,0
1019,'1496579',2206,,783,67,,,0
1019,'1496581',1606,,784,67,,,0
1019,'1496582',1806,,785,67,,,0
1019,'1496586',1006,,786,67,,,0
1019,'1496587',906,,787,67,,,0
1019,'1496590',1306,,788,67,,,0
1019,'1496591',1906,,789,67,,,0
1019,'1496592',2354,,790,67,,,0
1019,'1496593',2306,,791,67,,,0
