2029,'1496221',613,,971,13,,,0
2029,'1496281',613,,972,13,,,0
2029,'1497044',914,,973,50,,,0
2029,'1497045',1414,,974,50,,,0
2029,'1497046',1214,,975,50,,,0
2029,'1497047',1244,,976,50,,,0
2029,'1497048',1544,,977,50,,,0
2029,'1497049',944,,978,50,,,0
2029,'1497050',814,,979,50,,,0
2029,'1497051',1614,,980,50,,,0
2029,'1497052',1444,,981,50,,,0
2029,'1497053',1044,,982,50,,,0
2029,'1497054',714,,983,50,,,0
2029,'1497055',1314,,984,50,,,0
2029,'1497056',1644,,985,50,,,0
2029,'1497057',1514,,986,50,,,0
2029,'1497058',1344,,987,50,,,0
2029,'1497059',744,,988,50,,,0
2029,'1497060',1714,,989,50,,,0
2029,'1497061',1014,,990,50,,,0
2029,'1497062',844,,991,50,,,0
2029,'1497063',1144,,992,50,,,0
2029,'1497064',1114,,993,50,,,0
2029,'1497065',1744,,994,50,,,0
2029,'1497066',2014,,995,50,,,0
2029,'1497067',914,,996,50,,,0
2029,'1497068',1414,,997,50,,,0
2029,'1497069',1214,,998,50,,,0
2029,'1497070',1814,,999,50,,,0
2029,'1497071',1244,,1000,50,,,0
2029,'1497072',1544,,1001,50,,,0
2029,'1497073',944,,1002,50,,,0
2029,'1497074',2214,,1003,50,,,0
2029,'1497075',814,,1004,50,,,0
2029,'1497076',1614,,1005,50,,,0
2029,'1497077',1444,,1006,50,,,0
2029,'1497078',2311,,1007,50,,,0
2029,'1497079',1044,,1008,50,,,0
2029,'1497080',714,,1009,50,,,0
2029,'1497081',1314,,1010,50,,,0
2029,'1497082',1914,,1011,50,,,0
2029,'1497083',1644,,1012,50,,,0
2029,'1497084',1514,,1013,50,,,0
2029,'1497085',1344,,1014,50,,,0
2029,'1497086',744,,1015,50,,,0
2029,'1497087',1714,,1016,50,,,0
2029,'1497088',1014,,1017,50,,,0
2029,'1497089',844,,1018,50,,,0
2029,'1497090',2114,,1019,50,,,0
2029,'1497091',1144,,1020,50,,,0
2029,'1497092',1114,,1021,50,,,0
2029,'1497093',1744,,1022,50,,,0
2029,'1497094',1714,,1023,50,,,0
2029,'1497095',1114,,1024,50,,,0
2029,'1497096',2214,,1025,50,,,0
2029,'1497097',2311,,1026,50,,,0
2029,'1497098',1014,,1027,50,,,0
2029,'1497099',2014,,1028,50,,,0
2029,'1497100',914,,1029,50,,,0
2029,'1497101',1514,,1030,50,,,0
2029,'1497102',2114,,1031,50,,,0
2029,'1497103',1814,,1032,50,,,0
2029,'1497104',1214,,1033,50,,,0
2029,'1497105',1414,,1034,50,,,0
2029,'1497106',814,,1035,50,,,0
2029,'1497107',1314,,1036,50,,,0
2029,'1497108',1914,,1037,50,,,0
2029,'1497109',1614,,1038,50,,,0
2029,'1497110',714,,1039,50,,,0
2029,'1497111',1714,,1040,50,,,0
2029,'1497112',1114,,1041,50,,,0
2029,'1497113',2214,,1042,50,,,0
2029,'1497114',2311,,1043,50,,,0
2029,'1497115',1014,,1044,50,,,0
2029,'1497116',2014,,1045,50,,,0
2029,'1497117',914,,1046,50,,,0
2029,'1497118',1514,,1047,50,,,0
2029,'1497119',2114,,1048,50,,,0
2029,'1497120',1814,,1049,50,,,0
2029,'1497121',1214,,1050,50,,,0
2029,'1497122',1414,,1051,50,,,0
2029,'1497123',814,,1052,50,,,0
2029,'1497124',1314,,1053,50,,,0
2029,'1497125',1914,,1054,50,,,0
2029,'1497126',1614,,1055,50,,,0
