2019,'1496174',1249,,878,70,,,0
2019,'1496175',1419,,879,70,,,0
2019,'1496179',1349,,880,70,,,0
2019,'1496181',1519,,881,70,,,0
2019,'1496183',1019,,882,70,,,0
2019,'1496184',1549,,883,70,,,0
2019,'1496185',949,,884,70,,,0
2019,'1496187',1149,,885,70,,,0
2019,'1496188',919,,886,70,,,0
2019,'1496189',849,,887,70,,,0
2019,'1496191',1049,,888,70,,,0
2019,'1496194',1619,,889,70,,,0
2019,'1496198',749,,890,70,,,0
2019,'1496200',1749,,891,70,,,0
2019,'1496204',1449,,892,70,,,0
2019,'1496206',1119,,893,70,,,0
2019,'1496208',1219,,894,70,,,0
2019,'1496209',1649,,895,70,,,0
2019,'1496210',1819,,896,70,,,0
2019,'1496211',1719,,897,70,,,0
2019,'1496215',819,,898,70,,,0
2019,'1496216',1319,,899,70,,,0
2019,'1496218',719,,900,70,,,0
2019,'1496220',619,,902,38,,,0
2019,'1496223',2304,,903,70,,,0
2019,'1496224',1249,,904,70,,,0
2019,'1496225',1419,,905,70,,,0
2019,'1496227',2204,,906,70,,,0
2019,'1496228',1904,,907,70,,,0
2019,'1496232',1349,,908,70,,,0
2019,'1496234',1519,,909,70,,,0
2019,'1496236',1019,,910,70,,,0
2019,'1496237',1549,,911,70,,,0
2019,'1496238',949,,912,70,,,0
2019,'1496240',1149,,913,70,,,0
2019,'1496242',919,,914,70,,,0
2019,'1496243',849,,915,70,,,0
2019,'1496245',1049,,916,70,,,0
2019,'1496248',1619,,917,70,,,0
2019,'1496253',2104,,918,70,,,0
2019,'1496255',749,,919,70,,,0
2019,'1496257',1749,,920,70,,,0
2019,'1496262',1449,,922,70,,,0
2019,'1496264',1119,,923,70,,,0
2019,'1496266',1219,,924,70,,,0
2019,'1496267',1649,,925,70,,,0
2019,'1496268',1819,,926,70,,,0
2019,'1496269',1719,,927,70,,,0
2019,'1496274',819,,928,70,,,0
2019,'1496275',1319,,929,70,,,0
2019,'1496277',719,,930,70,,,0
2019,'1496279',619,,932,48,,,0
2019,'1496280',2004,,933,70,,,0
2019,'1496490',1804,,934,70,,,0
2019,'1496491',2204,,935,70,,,0
2019,'1496492',1404,,936,70,,,0
2019,'1496494',1204,,937,70,,,0
2019,'1496495',1504,,938,70,,,0
2019,'1496498',2104,,939,70,,,0
2019,'1496499',804,,940,70,,,0
2019,'1496505',1304,,941,70,,,0
2019,'1496507',2304,,942,70,,,0
2019,'1496510',1604,,943,70,,,0
2019,'1496511',1904,,944,70,,,0
2019,'1496512',1104,,945,70,,,0
2019,'1496516',1004,,946,70,,,0
2019,'1496518',904,,947,70,,,0
2019,'1496520',1704,,948,70,,,0
2019,'1496521',2004,,949,70,,,0
2019,'1496523',704,,950,70,,,0
2019,'1496524',634,,951,38,,,0
2019,'1496594',1804,,953,70,,,0
2019,'1496595',2204,,954,70,,,0
2019,'1496596',1404,,955,70,,,0
2019,'1496598',1204,,956,70,,,0
2019,'1496599',1504,,957,70,,,0
2019,'1496602',2104,,958,70,,,0
2019,'1496603',804,,959,70,,,0
2019,'1496609',1304,,960,70,,,0
2019,'1496613',1604,,961,70,,,0
2019,'1496614',1904,,962,70,,,0
2019,'1496615',1104,,963,70,,,0
2019,'1496619',1004,,964,70,,,0
2019,'1496621',904,,965,70,,,0
2019,'1496623',1704,,966,70,,,0
2019,'1496624',2004,,967,70,,,0
2019,'1496625',734,,968,38,,,0
