1029,'1491948',1440,,124,36,,,0
1029,'1491949',1540,,125,36,,,0
1029,'1491951',1640,,126,36,,,0
1029,'1491953',740,,127,36,,,0
1029,'1491954',2110,,128,36,,,0
1029,'1491958',1040,,129,36,,,0
1029,'1491963',2010,,130,36,,,0
1029,'1491964',910,,131,36,,,0
1029,'1491965',1710,,132,36,,,0
1029,'1491966',1610,,133,36,,,0
1029,'1491970',1810,,134,36,,,0
1029,'1491971',1210,,135,36,,,0
1029,'1491972',1240,,136,36,,,0
1029,'1491973',1410,,137,36,,,0
1029,'1491974',1010,,138,36,,,0
1029,'1491976',710,,139,36,,,0
1029,'1491978',1840,,140,36,,,0
1029,'1491979',1740,,141,36,,,0
1029,'1491983',1340,,142,36,,,0
1029,'1491986',940,,143,36,,,0
1029,'1491987',2210,,144,36,,,0
1029,'1491989',1140,,145,36,,,0
1029,'1491991',2310,,146,36,,,0
1029,'1491993',840,,147,36,,,0
1029,'1491996',810,,148,36,,,0
1029,'1492000',1510,,149,36,,,0
1029,'1492001',1310,,150,36,,,0
1029,'1492003',1110,,151,36,,,0
1029,'1492008',1910,,153,36,,,0
1029,'1496919',1908,,594,36,,,0
1029,'1496920',2108,,595,36,,,0
1029,'1496925',1808,,596,36,,,0
1029,'1496926',2208,,597,36,,,0
1029,'1496927',1308,,598,36,,,0
1029,'1496929',1108,,599,36,,,0
1029,'1496931',1008,,600,36,,,0
1029,'1496932',2008,,601,36,,,0
1029,'1496934',708,,602,36,,,0
1029,'1496936',2308,,603,36,,,0
1029,'1496937',1508,,604,36,,,0
1029,'1496939',1608,,605,36,,,0
1029,'1496942',808,,606,36,,,0
1029,'1496943',1208,,607,36,,,0
1029,'1496944',908,,608,36,,,0
1029,'1496947',1708,,609,36,,,0
1029,'1496948',1408,,610,36,,,0
