2029,'1492022',1954,,280,16,,,0
2029,'1492026',854,,281,16,,,0
2029,'1492029',1354,,282,16,,,0
2029,'1492030',1154,,283,16,,,0
2029,'1492031',1754,,284,16,,,0
2029,'1492033',1224,,285,16,,,0
2029,'1492035',1524,,286,16,,,0
2029,'1492039',924,,287,16,,,0
2029,'1492041',2154,,288,16,,,0
2029,'1492044',754,,289,16,,,0
2029,'1492046',1554,,290,16,,,0
2029,'1492047',1424,,291,16,,,0
2029,'1492049',2253,,292,16,,,0
2029,'1492050',1024,,293,16,,,0
2029,'1492051',654,,294,16,,,0
2029,'1492052',1254,,295,16,,,0
2029,'1492054',1854,,296,16,,,0
2029,'1492056',1624,,297,16,,,0
2029,'1492059',1454,,298,16,,,0
2029,'1492060',1324,,299,16,,,0
2029,'1492061',724,,300,16,,,0
2029,'1492063',1654,,301,16,,,0
2029,'1492065',954,,302,16,,,0
2029,'1492070',824,,303,16,,,0
2029,'1492071',2054,,304,16,,,0
2029,'1492072',1124,,305,16,,,0
2029,'1492073',1054,,306,16,,,0
2029,'1492076',1724,,307,16,,,0
