4019,'1491929',706,,525,52,,,0
4019,'1491930',2343,,526,52,,,0
4019,'1491931',1106,,527,52,,,0
4019,'1491932',906,,528,52,,,0
4019,'1491933',2051,,529,52,,,0
4019,'1491934',1706,,530,52,,,0
4019,'1491935',1906,,531,52,,,0
4019,'1491936',2151,,532,52,,,0
4019,'1491937',1006,,533,52,,,0
4019,'1491938',1206,,534,52,,,0
4019,'1491939',1951,,535,52,,,0
4019,'1491940',806,,536,52,,,0
4019,'1491941',1606,,537,52,,,0
4019,'1491942',1806,,538,52,,,0
4019,'1491943',1406,,539,52,,,0
4019,'1491944',1506,,540,52,,,0
4019,'1491945',2251,,541,52,,,0
4019,'1491946',1306,,542,52,,,0
4019,'1491947',607,,543,18,,,0
4019,'1497026',849,,684,52,,,0
4019,'1497027',749,,685,52,,,0
4019,'1497028',1649,,686,52,,,0
4019,'1497029',2249,,687,52,,,0
4019,'1497030',1749,,688,52,,,0
4019,'1497031',1449,,689,52,,,0
4019,'1497032',2149,,690,52,,,0
4019,'1497033',1049,,691,52,,,0
4019,'1497034',1949,,692,52,,,0
4019,'1497035',1549,,693,52,,,0
4019,'1497036',949,,694,52,,,0
4019,'1497037',1849,,695,52,,,0
4019,'1497038',1349,,696,52,,,0
4019,'1497039',649,,697,52,,,0
4019,'1497040',2049,,698,52,,,0
4019,'1497041',1149,,699,52,,,0
4019,'1497042',1249,,700,52,,,0
4019,'1497043',2343,,701,52,,,0
