2019,'1496174',1319,,878,118,,,0
2019,'1496175',1449,,879,118,,,0
2019,'1496179',1419,,880,118,,,0
2019,'1496181',1549,,881,118,,,0
2019,'1496183',1049,,882,118,,,0
2019,'1496184',1619,,883,118,,,0
2019,'1496185',1019,,884,118,,,0
2019,'1496187',1219,,885,118,,,0
2019,'1496188',949,,886,118,,,0
2019,'1496189',919,,887,118,,,0
2019,'1496191',1119,,888,118,,,0
2019,'1496194',1649,,889,118,,,0
2019,'1496198',819,,890,118,,,0
2019,'1496200',1819,,891,118,,,0
2019,'1496204',1519,,892,118,,,0
2019,'1496206',1149,,893,118,,,0
2019,'1496208',1249,,894,118,,,0
2019,'1496209',1719,,895,118,,,0
2019,'1496210',1849,,896,118,,,0
2019,'1496211',1749,,897,118,,,0
2019,'1496215',849,,898,118,,,0
2019,'1496216',1349,,899,118,,,0
2019,'1496218',749,,900,118,,,0
2019,'1496219',619,,901,32,,,0
2019,'1496220',649,,902,86,,,0
2019,'1496223',2334,,903,118,,,0
2019,'1496224',1319,,904,118,,,0
2019,'1496225',1449,,905,118,,,0
2019,'1496227',2234,,906,118,,,0
2019,'1496228',1934,,907,118,,,0
2019,'1496232',1419,,908,118,,,0
2019,'1496234',1549,,909,118,,,0
2019,'1496236',1049,,910,118,,,0
2019,'1496237',1619,,911,118,,,0
2019,'1496238',1019,,912,118,,,0
2019,'1496240',1219,,913,118,,,0
2019,'1496242',949,,914,118,,,0
2019,'1496243',919,,915,118,,,0
2019,'1496245',1119,,916,118,,,0
2019,'1496248',1649,,917,118,,,0
2019,'1496253',2134,,918,118,,,0
2019,'1496255',819,,919,118,,,0
2019,'1496257',1819,,920,118,,,0
2019,'1496262',1519,,922,118,,,0
2019,'1496264',1149,,923,118,,,0
2019,'1496266',1249,,924,118,,,0
2019,'1496267',1719,,925,118,,,0
2019,'1496268',1849,,926,118,,,0
2019,'1496269',1749,,927,118,,,0
2019,'1496274',849,,928,118,,,0
2019,'1496275',1349,,929,118,,,0
2019,'1496277',749,,930,118,,,0
2019,'1496278',619,,931,32,,,0
2019,'1496279',649,,932,96,,,0
2019,'1496280',2034,,933,118,,,0
2019,'1496490',1834,,934,118,,,0
2019,'1496491',2234,,935,118,,,0
2019,'1496492',1434,,936,118,,,0
2019,'1496494',1234,,937,118,,,0
2019,'1496495',1534,,938,118,,,0
2019,'1496498',2134,,939,118,,,0
2019,'1496499',834,,940,118,,,0
2019,'1496505',1334,,941,118,,,0
2019,'1496507',2334,,942,118,,,0
2019,'1496510',1634,,943,118,,,0
2019,'1496511',1934,,944,118,,,0
2019,'1496512',1134,,945,118,,,0
2019,'1496516',1034,,946,118,,,0
2019,'1496518',934,,947,118,,,0
2019,'1496520',1734,,948,118,,,0
2019,'1496521',2034,,949,118,,,0
2019,'1496523',734,,950,118,,,0
2019,'1496524',704,,951,86,,,0
2019,'1496594',1834,,953,118,,,0
2019,'1496595',2234,,954,118,,,0
2019,'1496596',1434,,955,118,,,0
2019,'1496598',1234,,956,118,,,0
2019,'1496599',1534,,957,118,,,0
2019,'1496602',2134,,958,118,,,0
2019,'1496603',834,,959,118,,,0
2019,'1496609',1334,,960,118,,,0
2019,'1496613',1634,,961,118,,,0
2019,'1496614',1934,,962,118,,,0
2019,'1496615',1134,,963,118,,,0
2019,'1496619',1034,,964,118,,,0
2019,'1496621',934,,965,118,,,0
2019,'1496623',1734,,966,118,,,0
2019,'1496624',2034,,967,118,,,0
2019,'1496625',804,,968,86,,,0
3019,'1496125',1649,,1056,120,,,0
3019,'1496128',1819,,1059,120,,,0
3019,'1496129',949,,1060,120,,,0
3019,'1496130',819,,1061,120,,,0
3019,'1496131',1719,,1062,120,,,0
3019,'1496133',1249,,1064,120,,,0
3019,'1496134',1219,,1065,120,,,0
3019,'1496136',849,,1067,120,,,0
3019,'1496138',1019,,1069,120,,,0
3019,'1496141',1449,,1072,120,,,0
3019,'1496142',1419,,1073,120,,,0
3019,'1496144',1549,,1075,120,,,0
3019,'1496146',1349,,1077,120,,,0
3019,'1496151',919,,1082,120,,,0
3019,'1496153',1849,,1084,120,,,0
3019,'1496154',1519,,1085,120,,,0
3019,'1496155',1119,,1086,120,,,0
3019,'1496159',1149,,1090,120,,,0
3019,'1496164',1319,,1095,120,,,0
3019,'1496165',1749,,1096,120,,,0
3019,'1496167',1049,,1098,120,,,0
3019,'1496168',1619,,1099,120,,,0
3019,'1496170',619,,1101,30,,,0
3019,'1496171',649,,1102,64,,,0
3019,'1496173',749,,1104,120,,,0
3019,'1496374',1649,,1105,120,,,0
3019,'1496377',1819,,1108,120,,,0
3019,'1496378',2134,,1109,120,,,0
3019,'1496380',949,,1111,120,,,0
3019,'1496381',819,,1112,120,,,0
3019,'1496382',1719,,1113,120,,,0
3019,'1496385',1249,,1116,120,,,0
3019,'1496386',1219,,1117,120,,,0
3019,'1496388',849,,1119,120,,,0
3019,'1496392',1019,,1123,120,,,0
3019,'1496395',2334,,1126,120,,,0
3019,'1496396',1449,,1127,120,,,0
3019,'1496398',1419,,1129,120,,,0
3019,'1496400',1549,,1131,120,,,0
3019,'1496402',1349,,1133,120,,,0
3019,'1496404',2234,,1135,120,,,0
3019,'1496409',919,,1140,120,,,0
3019,'1496411',1849,,1142,120,,,0
3019,'1496412',1519,,1143,120,,,0
3019,'1496413',1119,,1144,120,,,0
3019,'1496417',1149,,1148,120,,,0
3019,'1496422',1319,,1153,120,,,0
3019,'1496423',1749,,1154,120,,,0
3019,'1496425',1049,,1156,120,,,0
3019,'1496426',1619,,1157,120,,,0
3019,'1496427',1934,,1158,120,,,0
3019,'1496430',619,,1161,30,,,0
3019,'1496431',649,,1162,64,,,0
3019,'1496432',2034,,1163,120,,,0
3019,'1496434',749,,1165,120,,,0
3019,'1496453',834,,1166,120,,,0
3019,'1496455',1534,,1168,120,,,0
3019,'1496457',934,,1170,120,,,0
3019,'1496458',1234,,1171,120,,,0
3019,'1496459',2334,,1172,120,,,0
3019,'1496460',1934,,1173,120,,,0
3019,'1496463',1434,,1176,120,,,0
3019,'1496465',2034,,1178,120,,,0
3019,'1496467',1734,,1180,120,,,0
3019,'1496468',1034,,1181,120,,,0
3019,'1496469',1334,,1182,120,,,0
3019,'1496473',2234,,1186,120,,,0
3019,'1496474',1834,,1187,120,,,0
3019,'1496475',1134,,1188,120,,,0
3019,'1496479',1634,,1192,120,,,0
3019,'1496484',2134,,1197,120,,,0
3019,'1496486',704,,1199,64,,,0
3019,'1496488',734,,1201,120,,,0
3019,'1496627',834,,1203,120,,,0
3019,'1496629',1534,,1205,120,,,0
3019,'1496631',934,,1207,120,,,0
3019,'1496632',1234,,1208,120,,,0
3019,'1496633',1934,,1209,120,,,0
3019,'1496636',1434,,1212,120,,,0
3019,'1496638',2034,,1214,120,,,0
3019,'1496640',1734,,1216,120,,,0
3019,'1496641',1034,,1217,120,,,0
3019,'1496642',1334,,1218,120,,,0
3019,'1496645',2234,,1221,120,,,0
3019,'1496646',1834,,1222,120,,,0
3019,'1496647',1134,,1223,120,,,0
3019,'1496651',1634,,1227,120,,,0
3019,'1496656',2134,,1232,120,,,0
3019,'1496658',804,,1234,64,,,0
