3019,'1491899',1619,,370,84,,,0
3019,'1491900',1749,,371,84,,,0
3019,'1491901',2104,,372,84,,,0
3019,'1491902',919,,373,84,,,0
3019,'1491903',749,,374,84,,,0
3019,'1491904',1649,,375,84,,,0
3019,'1491905',1219,,376,84,,,0
3019,'1491906',1149,,377,84,,,0
3019,'1491907',819,,378,84,,,0
3019,'1491908',949,,379,84,,,0
3019,'1491909',2304,,380,84,,,0
3019,'1491910',1419,,381,84,,,0
3019,'1491911',1349,,382,84,,,0
3019,'1491912',1519,,383,84,,,0
3019,'1491913',1319,,384,84,,,0
3019,'1491914',2204,,385,84,,,0
3019,'1491915',849,,386,84,,,0
3019,'1491916',1819,,387,84,,,0
3019,'1491917',1449,,388,84,,,0
3019,'1491918',1049,,389,84,,,0
3019,'1491919',1119,,390,84,,,0
3019,'1491920',1249,,391,84,,,0
3019,'1491921',1719,,392,84,,,0
3019,'1491922',1019,,393,84,,,0
3019,'1491923',1549,,394,84,,,0
3019,'1491924',1904,,395,84,,,0
3019,'1491927',619,,398,27,,,0
3019,'1491928',2004,,399,84,,,0
3019,'1492021',719,,400,84,,,0
3019,'1496989',804,,647,83,,,0
3019,'1496991',1504,,649,83,,,0
3019,'1496993',904,,651,83,,,0
3019,'1496994',1204,,652,83,,,0
3019,'1496995',2304,,653,83,,,0
3019,'1496996',1904,,654,83,,,0
3019,'1496999',1404,,657,83,,,0
3019,'1497001',2004,,659,83,,,0
3019,'1497003',1704,,661,83,,,0
3019,'1497004',1004,,662,83,,,0
3019,'1497005',1304,,663,83,,,0
3019,'1497009',2204,,667,83,,,0
3019,'1497010',1804,,668,83,,,0
3019,'1497011',1104,,669,83,,,0
3019,'1497015',1604,,673,83,,,0
3019,'1497020',2104,,678,83,,,0
3019,'1497022',634,,680,27,,,0
3019,'1497024',704,,682,83,,,0
