1019,'1491950',737,,37,46,,,0
1019,'1491952',837,,38,46,,,0
1019,'1491955',1607,,39,46,,,0
1019,'1491956',2152,,40,46,,,0
1019,'1491957',1707,,41,46,,,0
1019,'1491959',807,,42,46,,,0
1019,'1491960',1507,,43,46,,,0
1019,'1491961',1307,,44,46,,,0
1019,'1491962',1837,,45,46,,,0
1019,'1491967',1407,,46,46,,,0
1019,'1491968',1952,,47,46,,,0
1019,'1491969',2052,,48,46,,,0
1019,'1491975',1107,,49,46,,,0
1019,'1491977',1337,,50,46,,,0
1019,'1491980',907,,51,46,,,0
1019,'1491981',1207,,52,46,,,0
1019,'1491982',1007,,53,46,,,0
1019,'1491984',2345,,54,46,,,0
1019,'1491985',1807,,55,46,,,0
1019,'1491988',1037,,56,46,,,0
1019,'1491990',937,,57,46,,,0
1019,'1491992',2252,,58,46,,,0
1019,'1491994',1437,,59,46,,,0
1019,'1491995',1537,,60,46,,,0
1019,'1491997',707,,61,46,,,0
1019,'1491998',1237,,62,46,,,0
1019,'1491999',1137,,63,46,,,0
1019,'1492002',1737,,64,46,,,0
1019,'1492004',1637,,65,46,,,0
1019,'1492005',607,,66,16,,,0
1019,'1492007',1907,,67,46,,,0
1019,'1496918',1352,,576,47,,,0
1019,'1496921',1952,,577,47,,,0
1019,'1496922',752,,578,47,,,0
1019,'1496923',652,,579,47,,,0
1019,'1496924',2052,,580,47,,,0
1019,'1496928',1052,,581,47,,,0
1019,'1496930',1452,,582,47,,,0
1019,'1496933',1652,,583,47,,,0
1019,'1496935',1152,,584,47,,,0
1019,'1496938',2152,,585,47,,,0
1019,'1496940',1552,,586,47,,,0
1019,'1496941',1752,,587,47,,,0
1019,'1496945',952,,588,47,,,0
1019,'1496946',852,,589,47,,,0
1019,'1496949',1252,,590,47,,,0
1019,'1496950',1852,,591,47,,,0
1019,'1496951',2344,,592,47,,,0
1019,'1496952',2252,,593,47,,,0
