4019,'1497026',852,,684,58,,,0
4019,'1497027',752,,685,58,,,0
4019,'1497028',1652,,686,58,,,0
4019,'1497029',2252,,687,58,,,0
4019,'1497030',1752,,688,58,,,0
4019,'1497031',1452,,689,58,,,0
4019,'1497032',2152,,690,58,,,0
4019,'1497033',1052,,691,58,,,0
4019,'1497034',1952,,692,58,,,0
4019,'1497035',1552,,693,58,,,0
4019,'1497036',952,,694,58,,,0
4019,'1497037',1852,,695,58,,,0
4019,'1497038',1352,,696,58,,,0
4019,'1497039',652,,697,58,,,0
4019,'1497040',2052,,698,58,,,0
4019,'1497041',1152,,699,58,,,0
4019,'1497042',1252,,700,58,,,0
4019,'1497043',2346,,701,58,,,0
