3019,'1496126',932,,1057,120,0,5,0
3019,'1496127',1132,,1058,120,0,5,0
3019,'1496132',1202,,1063,120,0,5,0
3019,'1496135',1732,,1066,120,0,5,0
3019,'1496137',1532,,1068,120,0,5,0
3019,'1496139',1302,,1070,120,0,5,0
3019,'1496140',832,,1071,120,0,5,0
3019,'1496143',802,,1074,120,0,5,0
3019,'1496145',1832,,1076,120,0,5,0
3019,'1496147',1402,,1078,120,0,5,0
3019,'1496148',1102,,1079,120,0,5,0
3019,'1496149',1332,,1080,120,0,5,0
3019,'1496150',1432,,1081,120,0,5,0
3019,'1496152',902,,1083,120,0,5,0
3019,'1496156',1032,,1087,120,0,5,0
3019,'1496157',1702,,1088,120,0,5,0
3019,'1496158',1502,,1089,120,0,5,0
3019,'1496160',1802,,1091,120,0,5,0
3019,'1496161',1232,,1092,120,0,5,0
3019,'1496162',1602,,1093,120,0,5,0
3019,'1496163',632,,1094,42,0,5,0
3019,'1496166',1632,,1097,120,0,5,0
3019,'1496169',1002,,1100,120,0,5,0
3019,'1496172',702,,1103,89,0,5,0
3019,'1496375',932,,1106,120,0,5,0
3019,'1496376',1132,,1107,120,0,5,0
3019,'1496379',2202,,1110,120,0,5,0
3019,'1496383',2302,,1114,120,0,5,0
3019,'1496384',1202,,1115,120,0,5,0
3019,'1496387',1732,,1118,120,0,5,0
3019,'1496389',2352,,1120,120,0,5,0
3019,'1496390',1532,,1121,120,0,5,0
3019,'1496391',2002,,1122,120,0,5,0
3019,'1496393',1302,,1124,120,0,5,0
3019,'1496394',832,,1125,120,0,5,0
3019,'1496397',2102,,1128,120,0,5,0
3019,'1496399',802,,1130,120,0,5,0
3019,'1496401',1832,,1132,120,0,5,0
3019,'1496403',1402,,1134,120,0,5,0
3019,'1496405',1902,,1136,120,0,5,0
3019,'1496406',1102,,1137,120,0,5,0
3019,'1496407',1332,,1138,120,0,5,0
3019,'1496408',1432,,1139,120,0,5,0
3019,'1496410',902,,1141,120,0,5,0
3019,'1496414',1032,,1145,120,0,5,0
3019,'1496415',1702,,1146,120,0,5,0
3019,'1496416',1502,,1147,120,0,5,0
3019,'1496418',1802,,1149,120,0,5,0
3019,'1496419',1232,,1150,120,0,5,0
3019,'1496420',1602,,1151,120,0,5,0
3019,'1496421',632,,1152,42,0,5,0
3019,'1496424',1632,,1155,120,0,5,0
3019,'1496428',1002,,1159,120,0,5,0
3019,'1496433',702,,1164,89,0,5,0
3019,'1496454',1802,,1167,120,0,5,0
3019,'1496456',2302,,1169,120,0,5,0
3019,'1496461',2002,,1174,120,0,5,0
3019,'1496462',1502,,1175,120,0,5,0
3019,'1496464',2102,,1177,120,0,5,0
3019,'1496466',2352,,1179,120,0,5,0
3019,'1496470',1902,,1183,120,0,5,0
3019,'1496471',802,,1184,120,0,5,0
3019,'1496472',1002,,1185,120,0,5,0
3019,'1496476',1102,,1189,120,0,5,0
3019,'1496477',1402,,1190,120,0,5,0
3019,'1496478',1702,,1191,120,0,5,0
3019,'1496480',1202,,1193,120,0,5,0
3019,'1496481',1602,,1194,120,0,5,0
3019,'1496482',2202,,1195,120,0,5,0
3019,'1496483',902,,1196,120,0,5,0
3019,'1496485',1302,,1198,120,0,5,0
3019,'1496489',632,,1202,42,0,5,0
3019,'1496628',1802,,1204,120,0,5,0
3019,'1496630',2302,,1206,120,0,5,0
3019,'1496634',2002,,1210,120,0,5,0
3019,'1496635',1502,,1211,120,0,5,0
3019,'1496637',2102,,1213,120,0,5,0
3019,'1496639',2352,,1215,120,0,5,0
3019,'1496643',1902,,1219,120,0,5,0
3019,'1496644',1002,,1220,120,0,5,0
3019,'1496648',1102,,1224,120,0,5,0
3019,'1496649',1402,,1225,120,0,5,0
3019,'1496650',1702,,1226,120,0,5,0
3019,'1496652',1202,,1228,120,0,5,0
3019,'1496653',1602,,1229,120,0,5,0
3019,'1496654',2202,,1230,120,0,5,0
3019,'1496655',902,,1231,120,0,5,0
3019,'1496657',1302,,1233,120,0,5,0
3019,'1496660',732,,1236,42,0,5,0
