2019,'1492023',2257,,191,54,,,0
2019,'1492024',1242,,192,54,,,0
2019,'1492025',1412,,193,54,,,0
2019,'1492027',2157,,194,54,,,0
2019,'1492028',1857,,195,54,,,0
2019,'1492032',1342,,196,54,,,0
2019,'1492034',1512,,197,54,,,0
2019,'1492036',1012,,198,54,,,0
2019,'1492037',1542,,199,54,,,0
2019,'1492038',942,,200,54,,,0
2019,'1492040',1142,,201,54,,,0
2019,'1492042',912,,202,54,,,0
2019,'1492043',842,,203,54,,,0
2019,'1492045',1042,,204,54,,,0
2019,'1492048',1612,,205,54,,,0
2019,'1492053',2057,,206,54,,,0
2019,'1492055',742,,207,54,,,0
2019,'1492057',1742,,208,54,,,0
2019,'1492058',2353,,209,54,,,0
2019,'1492062',1442,,210,54,,,0
2019,'1492064',1112,,211,54,,,0
2019,'1492066',1212,,212,54,,,0
2019,'1492067',1642,,213,54,,,0
2019,'1492068',1812,,214,54,,,0
2019,'1492069',1712,,215,54,,,0
2019,'1492074',812,,216,54,,,0
2019,'1492075',1312,,217,54,,,0
2019,'1492077',712,,218,54,,,0
2019,'1492079',612,,220,32,,,0
2019,'1492080',1957,,221,54,,,0
2019,'1496953',1755,,611,55,,,0
2019,'1496954',2155,,612,55,,,0
2019,'1496955',1355,,613,55,,,0
2019,'1496957',1155,,614,55,,,0
2019,'1496958',1455,,615,55,,,0
2019,'1496961',2055,,616,55,,,0
2019,'1496962',755,,617,55,,,0
2019,'1496968',1255,,618,55,,,0
2019,'1496970',2255,,619,55,,,0
2019,'1496973',1555,,620,55,,,0
2019,'1496974',1855,,621,55,,,0
2019,'1496975',1055,,622,55,,,0
2019,'1496979',955,,623,55,,,0
2019,'1496981',855,,624,55,,,0
2019,'1496983',1655,,625,55,,,0
2019,'1496984',1955,,626,55,,,0
2019,'1496986',655,,627,55,,,0
2019,'1496987',625,,628,23,,,0
2019,'1496988',2353,,629,55,,,0
3019,'1491899',1643,,370,109,,,0
3019,'1491900',1813,,371,109,,,0
3019,'1491901',2128,,372,109,,,0
3019,'1491902',943,,373,109,,,0
3019,'1491903',813,,374,109,,,0
3019,'1491904',1713,,375,109,,,0
3019,'1491905',1243,,376,109,,,0
3019,'1491906',1213,,377,109,,,0
3019,'1491907',843,,378,109,,,0
3019,'1491908',1013,,379,109,,,0
3019,'1491909',2328,,380,109,,,0
3019,'1491910',1443,,381,109,,,0
3019,'1491911',1413,,382,109,,,0
3019,'1491912',1543,,383,109,,,0
3019,'1491913',1343,,384,109,,,0
3019,'1491914',2228,,385,109,,,0
3019,'1491915',913,,386,109,,,0
3019,'1491916',1843,,387,109,,,0
3019,'1491917',1513,,388,109,,,0
3019,'1491918',1113,,389,109,,,0
3019,'1491919',1143,,390,109,,,0
3019,'1491920',1313,,391,109,,,0
3019,'1491921',1743,,392,109,,,0
3019,'1491922',1043,,393,109,,,0
3019,'1491923',1613,,394,109,,,0
3019,'1491924',1928,,395,109,,,0
3019,'1491926',613,,397,18,,,0
3019,'1491927',643,,398,52,,,0
3019,'1491928',2028,,399,109,,,0
3019,'1492021',743,,400,109,,,0
3019,'1496989',828,,647,109,,,0
3019,'1496991',1528,,649,109,,,0
3019,'1496993',928,,651,109,,,0
3019,'1496994',1228,,652,109,,,0
3019,'1496995',2328,,653,109,,,0
3019,'1496996',1928,,654,109,,,0
3019,'1496999',1428,,657,109,,,0
3019,'1497001',2028,,659,109,,,0
3019,'1497003',1728,,661,109,,,0
3019,'1497004',1028,,662,109,,,0
3019,'1497005',1328,,663,109,,,0
3019,'1497009',2228,,667,109,,,0
3019,'1497010',1828,,668,109,,,0
3019,'1497011',1128,,669,109,,,0
3019,'1497015',1628,,673,109,,,0
3019,'1497020',2128,,678,109,,,0
3019,'1497022',658,,680,53,,,0
3019,'1497024',728,,682,109,,,0
