1019,'1496918',1407,,576,70,,,0
1019,'1496921',2007,,577,70,,,0
1019,'1496922',807,,578,70,,,0
1019,'1496923',707,,579,70,,,0
1019,'1496924',2107,,580,70,,,0
1019,'1496928',1107,,581,70,,,0
1019,'1496930',1507,,582,70,,,0
1019,'1496933',1707,,583,70,,,0
1019,'1496935',1207,,584,70,,,0
1019,'1496938',2207,,585,70,,,0
1019,'1496940',1607,,586,70,,,0
1019,'1496941',1807,,587,70,,,0
1019,'1496945',1007,,588,70,,,0
1019,'1496946',907,,589,70,,,0
1019,'1496949',1307,,590,70,,,0
1019,'1496950',1907,,591,70,,,0
1019,'1496951',2356,,592,70,,,0
1019,'1496952',2307,,593,70,,,0
