2019,'1492023',2317,,191,91,,,0
2019,'1492024',1302,,192,91,,,0
2019,'1492025',1432,,193,91,,,0
2019,'1492027',2217,,194,91,,,0
2019,'1492028',1917,,195,91,,,0
2019,'1492032',1402,,196,91,,,0
2019,'1492034',1532,,197,91,,,0
2019,'1492036',1032,,198,91,,,0
2019,'1492037',1602,,199,91,,,0
2019,'1492038',1002,,200,91,,,0
2019,'1492040',1202,,201,91,,,0
2019,'1492042',932,,202,91,,,0
2019,'1492043',902,,203,91,,,0
2019,'1492045',1102,,204,91,,,0
2019,'1492048',1632,,205,91,,,0
2019,'1492053',2117,,206,91,,,0
2019,'1492055',802,,207,91,,,0
2019,'1492057',1802,,208,91,,,0
2019,'1492062',1502,,210,91,,,0
2019,'1492064',1132,,211,91,,,0
2019,'1492066',1232,,212,91,,,0
2019,'1492067',1702,,213,91,,,0
2019,'1492068',1832,,214,91,,,0
2019,'1492069',1732,,215,91,,,0
2019,'1492074',832,,216,91,,,0
2019,'1492075',1332,,217,91,,,0
2019,'1492077',732,,218,91,,,0
2019,'1492078',602,,219,6,,,0
2019,'1492079',632,,220,69,,,0
2019,'1492080',2017,,221,91,,,0
2019,'1496953',1817,,611,92,,,0
2019,'1496954',2217,,612,92,,,0
2019,'1496955',1417,,613,92,,,0
2019,'1496957',1217,,614,92,,,0
2019,'1496958',1517,,615,92,,,0
2019,'1496961',2117,,616,92,,,0
2019,'1496962',817,,617,92,,,0
2019,'1496968',1317,,618,92,,,0
2019,'1496970',2317,,619,92,,,0
2019,'1496973',1617,,620,92,,,0
2019,'1496974',1917,,621,92,,,0
2019,'1496975',1117,,622,92,,,0
2019,'1496979',1017,,623,92,,,0
2019,'1496981',917,,624,92,,,0
2019,'1496983',1717,,625,92,,,0
2019,'1496984',2017,,626,92,,,0
2019,'1496986',717,,627,92,,,0
2019,'1496987',647,,628,60,,,0
