2029,'1492022',2001,,280,25,,,0
2029,'1492026',901,,281,25,,,0
2029,'1492029',1401,,282,25,,,0
2029,'1492030',1201,,283,25,,,0
2029,'1492031',1801,,284,25,,,0
2029,'1492033',1231,,285,25,,,0
2029,'1492035',1531,,286,25,,,0
2029,'1492039',931,,287,25,,,0
2029,'1492041',2201,,288,25,,,0
2029,'1492044',801,,289,25,,,0
2029,'1492046',1601,,290,25,,,0
2029,'1492047',1431,,291,25,,,0
2029,'1492049',2300,,292,25,,,0
2029,'1492050',1031,,293,25,,,0
2029,'1492051',701,,294,25,,,0
2029,'1492052',1301,,295,25,,,0
2029,'1492054',1901,,296,25,,,0
2029,'1492056',1631,,297,25,,,0
2029,'1492059',1501,,298,25,,,0
2029,'1492060',1331,,299,25,,,0
2029,'1492061',731,,300,25,,,0
2029,'1492063',1701,,301,25,,,0
2029,'1492065',1001,,302,25,,,0
2029,'1492070',831,,303,25,,,0
2029,'1492071',2101,,304,25,,,0
2029,'1492072',1131,,305,25,,,0
2029,'1492073',1101,,306,25,,,0
2029,'1492076',1731,,307,25,,,0
2029,'1496956',1703,,630,26,,,0
2029,'1496959',1103,,631,26,,,0
2029,'1496960',2203,,632,26,,,0
2029,'1496963',2300,,633,26,,,0
2029,'1496964',1003,,634,26,,,0
2029,'1496965',2003,,635,26,,,0
2029,'1496966',903,,636,26,,,0
2029,'1496967',1503,,637,26,,,0
2029,'1496969',2103,,638,26,,,0
2029,'1496971',1803,,639,26,,,0
2029,'1496972',1203,,640,26,,,0
2029,'1496976',1403,,641,26,,,0
2029,'1496977',803,,642,26,,,0
2029,'1496978',1303,,643,26,,,0
2029,'1496980',1903,,644,26,,,0
2029,'1496982',1603,,645,26,,,0
2029,'1496985',703,,646,26,,,0
