3019,'1488507',917,,436,94,0,5,0
3019,'1488508',1117,,437,94,0,5,0
3019,'1488511',2147,,438,94,0,5,0
3019,'1488515',2247,,439,94,0,5,0
3019,'1488516',1147,,440,94,0,5,0
3019,'1488519',1717,,441,94,0,5,0
3019,'1488521',2338,,442,94,0,5,0
3019,'1488522',1517,,443,94,0,5,0
3019,'1488523',1947,,444,94,0,5,0
3019,'1488525',1247,,445,94,0,5,0
3019,'1488526',817,,446,94,0,5,0
3019,'1488529',2047,,447,94,0,5,0
3019,'1488531',747,,448,94,0,5,0
3019,'1488533',1817,,449,94,0,5,0
3019,'1488535',1347,,450,94,0,5,0
3019,'1488537',1847,,451,94,0,5,0
3019,'1488538',1047,,452,94,0,5,0
3019,'1488539',1317,,453,94,0,5,0
3019,'1488540',1417,,454,94,0,5,0
3019,'1488542',847,,455,94,0,5,0
3019,'1488546',1017,,456,94,0,5,0
3019,'1488547',1647,,457,94,0,5,0
3019,'1488548',1447,,458,94,0,5,0
3019,'1488550',1747,,459,94,0,5,0
3019,'1488551',1217,,460,94,0,5,0
3019,'1488552',1547,,461,94,0,5,0
3019,'1488553',617,,462,14,0,5,0
3019,'1488556',1617,,463,94,0,5,0
3019,'1488560',947,,464,94,0,5,0
3019,'1488565',647,,465,61,0,5,0
3019,'1496990',1747,,648,92,0,5,0
3019,'1496992',2247,,650,92,0,5,0
3019,'1496997',1947,,655,92,0,5,0
3019,'1496998',1447,,656,92,0,5,0
3019,'1497000',2047,,658,92,0,5,0
3019,'1497002',2338,,660,92,0,5,0
3019,'1497006',1847,,664,92,0,5,0
3019,'1497007',747,,665,92,0,5,0
3019,'1497008',947,,666,92,0,5,0
3019,'1497012',1047,,670,92,0,5,0
3019,'1497013',1347,,671,92,0,5,0
3019,'1497014',1647,,672,92,0,5,0
3019,'1497016',1147,,674,92,0,5,0
3019,'1497017',1547,,675,92,0,5,0
3019,'1497018',2147,,676,92,0,5,0
3019,'1497019',847,,677,92,0,5,0
3019,'1497021',1247,,679,92,0,5,0
3019,'1497025',620,,683,14,0,5,0
