1029,'1496065',1509,,792,72,,,0
1029,'1496066',1609,,793,72,,,0
1029,'1496068',1709,,794,72,,,0
1029,'1496070',809,,795,72,,,0
1029,'1496073',1109,,796,72,,,0
1029,'1496077',939,,797,72,,,0
1029,'1496078',1739,,798,72,,,0
1029,'1496079',1639,,799,72,,,0
1029,'1496081',1239,,800,72,,,0
1029,'1496082',1309,,801,72,,,0
1029,'1496083',1439,,802,72,,,0
1029,'1496084',1039,,803,72,,,0
1029,'1496086',739,,804,72,,,0
1029,'1496088',1809,,805,72,,,0
1029,'1496092',1409,,806,72,,,0
1029,'1496094',1009,,807,72,,,0
1029,'1496096',1209,,808,72,,,0
1029,'1496098',909,,809,72,,,0
1029,'1496101',839,,810,72,,,0
1029,'1496105',1539,,811,72,,,0
1029,'1496106',1339,,812,72,,,0
1029,'1496108',1139,,813,72,,,0
1029,'1496111',641,,814,27,,,0
1029,'1496294',1509,,815,72,,,0
1029,'1496295',1609,,816,72,,,0
1029,'1496297',1709,,817,72,,,0
1029,'1496299',809,,818,72,,,0
1029,'1496300',2139,,819,72,,,0
1029,'1496304',1109,,820,72,,,0
1029,'1496309',2039,,821,72,,,0
1029,'1496310',939,,822,72,,,0
1029,'1496311',1739,,823,72,,,0
1029,'1496312',1639,,824,72,,,0
1029,'1496316',1839,,825,72,,,0
1029,'1496317',1239,,826,72,,,0
1029,'1496318',1309,,827,72,,,0
1029,'1496319',1439,,828,72,,,0
1029,'1496320',1039,,829,72,,,0
1029,'1496322',739,,830,72,,,0
1029,'1496324',1909,,831,72,,,0
1029,'1496325',1809,,832,72,,,0
1029,'1496329',1409,,833,72,,,0
1029,'1496332',1009,,834,72,,,0
1029,'1496333',2239,,835,72,,,0
1029,'1496335',1209,,836,72,,,0
1029,'1496337',2339,,837,72,,,0
1029,'1496339',909,,838,72,,,0
1029,'1496342',839,,839,72,,,0
1029,'1496346',1539,,840,72,,,0
1029,'1496347',1339,,841,72,,,0
1029,'1496349',1139,,842,72,,,0
1029,'1496352',641,,843,27,,,0
1029,'1496354',1939,,844,72,,,0
1029,'1496527',1939,,845,72,,,0
1029,'1496528',2139,,846,72,,,0
1029,'1496533',1839,,847,72,,,0
1029,'1496534',2239,,848,72,,,0
1029,'1496535',1339,,849,72,,,0
1029,'1496537',1139,,850,72,,,0
1029,'1496539',1039,,851,72,,,0
1029,'1496540',2039,,852,72,,,0
1029,'1496542',739,,853,72,,,0
1029,'1496544',2339,,854,72,,,0
1029,'1496545',1539,,855,72,,,0
1029,'1496547',1639,,856,72,,,0
1029,'1496550',839,,857,72,,,0
1029,'1496551',1239,,858,72,,,0
1029,'1496552',939,,859,72,,,0
1029,'1496555',1739,,860,72,,,0
1029,'1496556',1439,,861,72,,,0
1029,'1496562',1939,,862,72,,,0
1029,'1496563',2139,,863,72,,,0
1029,'1496567',1839,,864,72,,,0
1029,'1496568',2239,,865,72,,,0
1029,'1496569',1339,,866,72,,,0
1029,'1496571',1139,,867,72,,,0
1029,'1496573',1039,,868,72,,,0
1029,'1496574',2039,,869,72,,,0
1029,'1496577',2339,,870,72,,,0
1029,'1496578',1539,,871,72,,,0
1029,'1496580',1639,,872,72,,,0
1029,'1496583',839,,873,72,,,0
1029,'1496584',1239,,874,72,,,0
1029,'1496585',939,,875,72,,,0
1029,'1496588',1739,,876,72,,,0
1029,'1496589',1439,,877,72,,,0
4019,'1496112',724,,1237,80,,,0
4019,'1496113',1124,,1238,80,,,0
4019,'1496114',924,,1239,80,,,0
4019,'1496115',1724,,1240,80,,,0
4019,'1496116',1024,,1241,80,,,0
4019,'1496117',1224,,1242,80,,,0
4019,'1496118',824,,1243,80,,,0
4019,'1496119',1624,,1244,80,,,0
4019,'1496120',1824,,1245,80,,,0
4019,'1496121',1424,,1246,80,,,0
4019,'1496122',1524,,1247,80,,,0
4019,'1496123',1324,,1248,80,,,0
4019,'1496124',624,,1249,46,,,0
4019,'1496355',724,,1250,80,,,0
4019,'1496356',2359,,1251,80,,,0
4019,'1496357',1124,,1252,80,,,0
4019,'1496358',924,,1253,80,,,0
4019,'1496359',2109,,1254,80,,,0
4019,'1496360',1724,,1255,80,,,0
4019,'1496361',1924,,1256,80,,,0
4019,'1496362',2209,,1257,80,,,0
4019,'1496363',1024,,1258,80,,,0
4019,'1496364',1224,,1259,80,,,0
4019,'1496365',2009,,1260,80,,,0
4019,'1496366',824,,1261,80,,,0
4019,'1496367',1624,,1262,80,,,0
4019,'1496368',1824,,1263,80,,,0
4019,'1496369',1424,,1264,80,,,0
4019,'1496370',1524,,1265,80,,,0
4019,'1496371',2309,,1266,80,,,0
4019,'1496372',1324,,1267,80,,,0
4019,'1496373',624,,1268,46,,,0
4019,'1496435',909,,1269,80,,,0
4019,'1496436',809,,1270,80,,,0
4019,'1496437',1709,,1271,80,,,0
4019,'1496438',2309,,1272,80,,,0
4019,'1496439',1809,,1273,80,,,0
4019,'1496440',1509,,1274,80,,,0
4019,'1496441',2209,,1275,80,,,0
4019,'1496442',1109,,1276,80,,,0
4019,'1496443',2009,,1277,80,,,0
4019,'1496444',1609,,1278,80,,,0
4019,'1496445',1009,,1279,80,,,0
4019,'1496446',1909,,1280,80,,,0
4019,'1496447',1409,,1281,80,,,0
4019,'1496448',709,,1282,80,,,0
4019,'1496449',2109,,1283,80,,,0
4019,'1496450',1209,,1284,80,,,0
4019,'1496451',1309,,1285,80,,,0
4019,'1496452',2359,,1286,80,,,0
4019,'1496661',909,,1287,80,,,0
4019,'1496662',809,,1288,80,,,0
4019,'1496663',1709,,1289,80,,,0
4019,'1496664',2309,,1290,80,,,0
4019,'1496665',1809,,1291,80,,,0
4019,'1496666',1509,,1292,80,,,0
4019,'1496667',2209,,1293,80,,,0
4019,'1496668',1109,,1294,80,,,0
4019,'1496669',2009,,1295,80,,,0
4019,'1496670',1609,,1296,80,,,0
4019,'1496671',1009,,1297,80,,,0
4019,'1496672',1909,,1298,80,,,0
4019,'1496673',1409,,1299,80,,,0
4019,'1496674',2109,,1300,80,,,0
4019,'1496675',1209,,1301,80,,,0
4019,'1496676',1309,,1302,80,,,0
4019,'1496677',2359,,1303,80,,,0
