2029,'1488850',623,,970,11,,,0
2029,'1496221',652,,971,71,,,0
2029,'1496281',652,,972,71,,,0
2029,'1497044',953,,973,108,,,0
2029,'1497045',1453,,974,108,,,0
2029,'1497046',1253,,975,108,,,0
2029,'1497047',1323,,976,108,,,0
2029,'1497048',1623,,977,108,,,0
2029,'1497049',1023,,978,108,,,0
2029,'1497050',853,,979,108,,,0
2029,'1497051',1653,,980,108,,,0
2029,'1497052',1523,,981,108,,,0
2029,'1497053',1123,,982,108,,,0
2029,'1497054',753,,983,108,,,0
2029,'1497055',1353,,984,108,,,0
2029,'1497056',1723,,985,108,,,0
2029,'1497057',1553,,986,108,,,0
2029,'1497058',1423,,987,108,,,0
2029,'1497059',823,,988,108,,,0
2029,'1497060',1753,,989,108,,,0
2029,'1497061',1053,,990,108,,,0
2029,'1497062',923,,991,108,,,0
2029,'1497063',1223,,992,108,,,0
2029,'1497064',1153,,993,108,,,0
2029,'1497065',1823,,994,108,,,0
2029,'1497066',2053,,995,108,,,0
2029,'1497067',953,,996,108,,,0
2029,'1497068',1453,,997,108,,,0
2029,'1497069',1253,,998,108,,,0
2029,'1497070',1853,,999,108,,,0
2029,'1497071',1323,,1000,108,,,0
2029,'1497072',1623,,1001,108,,,0
2029,'1497073',1023,,1002,108,,,0
2029,'1497074',2253,,1003,108,,,0
2029,'1497075',853,,1004,108,,,0
2029,'1497076',1653,,1005,108,,,0
2029,'1497077',1523,,1006,108,,,0
2029,'1497078',2346,,1007,108,,,0
2029,'1497079',1123,,1008,108,,,0
2029,'1497080',753,,1009,108,,,0
2029,'1497081',1353,,1010,108,,,0
2029,'1497082',1953,,1011,108,,,0
2029,'1497083',1723,,1012,108,,,0
2029,'1497084',1553,,1013,108,,,0
2029,'1497085',1423,,1014,108,,,0
2029,'1497086',823,,1015,108,,,0
2029,'1497087',1753,,1016,108,,,0
2029,'1497088',1053,,1017,108,,,0
2029,'1497089',923,,1018,108,,,0
2029,'1497090',2153,,1019,108,,,0
2029,'1497091',1223,,1020,108,,,0
2029,'1497092',1153,,1021,108,,,0
2029,'1497093',1823,,1022,108,,,0
2029,'1497094',1753,,1023,108,,,0
2029,'1497095',1153,,1024,108,,,0
2029,'1497096',2253,,1025,108,,,0
2029,'1497097',2346,,1026,108,,,0
2029,'1497098',1053,,1027,108,,,0
2029,'1497099',2053,,1028,108,,,0
2029,'1497100',953,,1029,108,,,0
2029,'1497101',1553,,1030,108,,,0
2029,'1497102',2153,,1031,108,,,0
2029,'1497103',1853,,1032,108,,,0
2029,'1497104',1253,,1033,108,,,0
2029,'1497105',1453,,1034,108,,,0
2029,'1497106',853,,1035,108,,,0
2029,'1497107',1353,,1036,108,,,0
2029,'1497108',1953,,1037,108,,,0
2029,'1497109',1653,,1038,108,,,0
2029,'1497110',753,,1039,108,,,0
2029,'1497111',1753,,1040,108,,,0
2029,'1497112',1153,,1041,108,,,0
2029,'1497113',2253,,1042,108,,,0
2029,'1497114',2346,,1043,108,,,0
2029,'1497115',1053,,1044,108,,,0
2029,'1497116',2053,,1045,108,,,0
2029,'1497117',953,,1046,108,,,0
2029,'1497118',1553,,1047,108,,,0
2029,'1497119',2153,,1048,108,,,0
2029,'1497120',1853,,1049,108,,,0
2029,'1497121',1253,,1050,108,,,0
2029,'1497122',1453,,1051,108,,,0
2029,'1497123',853,,1052,108,,,0
2029,'1497124',1353,,1053,108,,,0
2029,'1497125',1953,,1054,108,,,0
2029,'1497126',1653,,1055,108,,,0
