2019,'1492023',2329,,191,108,,,0
2019,'1492024',1314,,192,108,,,0
2019,'1492025',1444,,193,108,,,0
2019,'1492027',2229,,194,108,,,0
2019,'1492028',1929,,195,108,,,0
2019,'1492032',1414,,196,108,,,0
2019,'1492034',1544,,197,108,,,0
2019,'1492036',1044,,198,108,,,0
2019,'1492037',1614,,199,108,,,0
2019,'1492038',1014,,200,108,,,0
2019,'1492040',1214,,201,108,,,0
2019,'1492042',944,,202,108,,,0
2019,'1492043',914,,203,108,,,0
2019,'1492045',1114,,204,108,,,0
2019,'1492048',1644,,205,108,,,0
2019,'1492053',2129,,206,108,,,0
2019,'1492055',814,,207,108,,,0
2019,'1492057',1814,,208,108,,,0
2019,'1492062',1514,,210,108,,,0
2019,'1492064',1144,,211,108,,,0
2019,'1492066',1244,,212,108,,,0
2019,'1492067',1714,,213,108,,,0
2019,'1492068',1844,,214,108,,,0
2019,'1492069',1744,,215,108,,,0
2019,'1492074',844,,216,108,,,0
2019,'1492075',1344,,217,108,,,0
2019,'1492077',744,,218,108,,,0
2019,'1492078',614,,219,23,,,0
2019,'1492079',644,,220,86,,,0
2019,'1492080',2029,,221,108,,,0
2019,'1496953',1829,,611,109,,,0
2019,'1496954',2229,,612,109,,,0
2019,'1496955',1429,,613,109,,,0
2019,'1496957',1229,,614,109,,,0
2019,'1496958',1529,,615,109,,,0
2019,'1496961',2129,,616,109,,,0
2019,'1496962',829,,617,109,,,0
2019,'1496968',1329,,618,109,,,0
2019,'1496970',2329,,619,109,,,0
2019,'1496973',1629,,620,109,,,0
2019,'1496974',1929,,621,109,,,0
2019,'1496975',1129,,622,109,,,0
2019,'1496979',1029,,623,109,,,0
2019,'1496981',929,,624,109,,,0
2019,'1496983',1729,,625,109,,,0
2019,'1496984',2029,,626,109,,,0
2019,'1496986',729,,627,109,,,0
2019,'1496987',659,,628,77,,,0
