3019,'1488507',911,,436,84,0,5,0
3019,'1488508',1111,,437,84,0,5,0
3019,'1488511',2141,,438,84,0,5,0
3019,'1488515',2241,,439,84,0,5,0
3019,'1488516',1141,,440,84,0,5,0
3019,'1488519',1711,,441,84,0,5,0
3019,'1488521',2334,,442,84,0,5,0
3019,'1488522',1511,,443,84,0,5,0
3019,'1488523',1941,,444,84,0,5,0
3019,'1488525',1241,,445,84,0,5,0
3019,'1488526',811,,446,84,0,5,0
3019,'1488529',2041,,447,84,0,5,0
3019,'1488531',741,,448,84,0,5,0
3019,'1488533',1811,,449,84,0,5,0
3019,'1488535',1341,,450,84,0,5,0
3019,'1488537',1841,,451,84,0,5,0
3019,'1488538',1041,,452,84,0,5,0
3019,'1488539',1311,,453,84,0,5,0
3019,'1488540',1411,,454,84,0,5,0
3019,'1488542',841,,455,84,0,5,0
3019,'1488546',1011,,456,84,0,5,0
3019,'1488547',1641,,457,84,0,5,0
3019,'1488548',1441,,458,84,0,5,0
3019,'1488550',1741,,459,84,0,5,0
3019,'1488551',1211,,460,84,0,5,0
3019,'1488552',1541,,461,84,0,5,0
3019,'1488553',611,,462,4,0,5,0
3019,'1488556',1611,,463,84,0,5,0
3019,'1488560',941,,464,84,0,5,0
3019,'1488565',641,,465,51,0,5,0
3019,'1496990',1741,,648,82,0,5,0
3019,'1496992',2241,,650,82,0,5,0
3019,'1496997',1941,,655,82,0,5,0
3019,'1496998',1441,,656,82,0,5,0
3019,'1497000',2041,,658,82,0,5,0
3019,'1497002',2334,,660,82,0,5,0
3019,'1497006',1841,,664,82,0,5,0
3019,'1497007',741,,665,82,0,5,0
3019,'1497008',941,,666,82,0,5,0
3019,'1497012',1041,,670,82,0,5,0
3019,'1497013',1341,,671,82,0,5,0
3019,'1497014',1641,,672,82,0,5,0
3019,'1497016',1141,,674,82,0,5,0
3019,'1497017',1541,,675,82,0,5,0
3019,'1497018',2141,,676,82,0,5,0
3019,'1497019',841,,677,82,0,5,0
3019,'1497021',1241,,679,82,0,5,0
3019,'1497025',616,,683,4,0,5,0
