1019,'1491950',714,,37,19,,,0,8,,37,25,,,0
1019,'1491952',814,,38,19,,,0,8,,38,25,,,0
1019,'1491955',1544,,39,19,,,0,8,,39,25,,,0
1019,'1491956',2129,,40,19,,,0,8,,40,25,,,0
1019,'1491957',1644,,41,19,,,0,8,,41,25,,,0
1019,'1491959',744,,42,19,,,0,8,,42,25,,,0
1019,'1491960',1444,,43,19,,,0,8,,43,25,,,0
1019,'1491961',1244,,44,19,,,0,8,,44,25,,,0
1019,'1491962',1814,,45,19,,,0,8,,45,25,,,0
1019,'1491967',1344,,46,19,,,0,8,,46,25,,,0
1019,'1491968',1929,,47,19,,,0,8,,47,25,,,0
1019,'1491969',2029,,48,19,,,0,8,,48,25,,,0
1019,'1491975',1044,,49,19,,,0,8,,49,25,,,0
1019,'1491977',1314,,50,19,,,0,8,,50,25,,,0
1019,'1491980',844,,51,19,,,0,8,,51,25,,,0
1019,'1491981',1144,,52,19,,,0,8,,52,25,,,0
1019,'1491982',944,,53,19,,,0,8,,53,25,,,0
1019,'1491984',2329,,54,19,,,0,7,,54,25,,,0
1019,'1491985',1744,,55,19,,,0,8,,55,25,,,0
1019,'1491988',1014,,56,19,,,0,8,,56,25,,,0
1019,'1491990',914,,57,19,,,0,8,,57,25,,,0
1019,'1491992',2229,,58,19,,,0,8,,58,25,,,0
1019,'1491994',1414,,59,19,,,0,8,,59,25,,,0
1019,'1491995',1514,,60,19,,,0,8,,60,25,,,0
1019,'1491997',644,,61,19,,,0,8,,61,25,,,0
1019,'1491998',1214,,62,19,,,0,8,,62,25,,,0
1019,'1491999',1114,,63,19,,,0,8,,63,25,,,0
1019,'1492002',1714,,64,19,,,0,8,,64,25,,,0
1019,'1492004',1614,,65,19,,,0,8,,65,25,,,0
1019,'1492007',1844,,67,19,,,0,8,,67,25,,,0
1019,'1496918',1329,,576,20,,,0,8,,576,26,,,0
1019,'1496921',1929,,577,20,,,0,8,,577,26,,,0
1019,'1496922',729,,578,20,,,0,8,,578,26,,,0
1019,'1496923',629,,579,20,,,0,8,,579,26,,,0
1019,'1496924',2029,,580,20,,,0,8,,580,26,,,0
1019,'1496928',1029,,581,20,,,0,8,,581,26,,,0
1019,'1496930',1429,,582,20,,,0,8,,582,26,,,0
1019,'1496933',1629,,583,20,,,0,8,,583,26,,,0
1019,'1496935',1129,,584,20,,,0,8,,584,26,,,0
1019,'1496938',2129,,585,20,,,0,8,,585,26,,,0
1019,'1496940',1529,,586,20,,,0,8,,586,26,,,0
1019,'1496941',1729,,587,20,,,0,8,,587,26,,,0
1019,'1496945',929,,588,20,,,0,8,,588,26,,,0
1019,'1496946',829,,589,20,,,0,8,,589,26,,,0
1019,'1496949',1229,,590,20,,,0,8,,590,26,,,0
1019,'1496950',1829,,591,20,,,0,8,,591,26,,,0
1019,'1496951',2329,,592,20,,,0,7,,592,26,,,0
1019,'1496952',2229,,593,20,,,0,8,,593,26,,,0
1029,'1491948',1452,,124,51,,,0
1029,'1491949',1552,,125,51,,,0
1029,'1491951',1652,,126,51,,,0
1029,'1491953',752,,127,51,,,0
1029,'1491954',2122,,128,51,,,0
1029,'1491958',1052,,129,51,,,0
1029,'1491963',2022,,130,51,,,0
1029,'1491964',922,,131,51,,,0
1029,'1491965',1722,,132,51,,,0
1029,'1491966',1622,,133,51,,,0
1029,'1491970',1822,,134,51,,,0
1029,'1491971',1222,,135,51,,,0
1029,'1491972',1252,,136,51,,,0
1029,'1491973',1422,,137,51,,,0
1029,'1491974',1022,,138,51,,,0
1029,'1491976',722,,139,51,,,0
1029,'1491978',1852,,140,51,,,0
1029,'1491979',1752,,141,51,,,0
1029,'1491983',1352,,142,51,,,0
1029,'1491986',952,,143,51,,,0
1029,'1491987',2222,,144,51,,,0
1029,'1491989',1152,,145,51,,,0
1029,'1491991',2322,,146,51,,,0
1029,'1491993',852,,147,51,,,0
1029,'1491996',822,,148,51,,,0
1029,'1492000',1522,,149,51,,,0
1029,'1492001',1322,,150,51,,,0
1029,'1492003',1122,,151,51,,,0
1029,'1492006',622,,152,6,,,0
1029,'1492008',1922,,153,51,,,0
1029,'1496919',1920,,594,51,,,0
1029,'1496920',2120,,595,51,,,0
1029,'1496925',1820,,596,51,,,0
1029,'1496926',2220,,597,51,,,0
1029,'1496927',1320,,598,51,,,0
1029,'1496929',1120,,599,51,,,0
1029,'1496931',1020,,600,51,,,0
1029,'1496932',2020,,601,51,,,0
1029,'1496934',720,,602,51,,,0
1029,'1496936',2320,,603,51,,,0
1029,'1496937',1520,,604,51,,,0
1029,'1496939',1620,,605,51,,,0
1029,'1496942',820,,606,51,,,0
1029,'1496943',1220,,607,51,,,0
1029,'1496944',920,,608,51,,,0
1029,'1496947',1720,,609,51,,,0
1029,'1496948',1420,,610,51,,,0
2019,'1492023',2255,,191,52,,,0
2019,'1492024',1240,,192,52,,,0
2019,'1492025',1410,,193,52,,,0
2019,'1492027',2155,,194,52,,,0
2019,'1492028',1855,,195,52,,,0
2019,'1492032',1340,,196,52,,,0
2019,'1492034',1510,,197,52,,,0
2019,'1492036',1010,,198,52,,,0
2019,'1492037',1540,,199,52,,,0
2019,'1492038',940,,200,52,,,0
2019,'1492040',1140,,201,52,,,0
2019,'1492042',910,,202,52,,,0
2019,'1492043',840,,203,52,,,0
2019,'1492045',1040,,204,52,,,0
2019,'1492048',1610,,205,52,,,0
2019,'1492053',2055,,206,52,,,0
2019,'1492055',740,,207,52,,,0
2019,'1492057',1740,,208,52,,,0
2019,'1492058',2351,,209,52,,,0
2019,'1492062',1440,,210,52,,,0
2019,'1492064',1110,,211,52,,,0
2019,'1492066',1210,,212,52,,,0
2019,'1492067',1640,,213,52,,,0
2019,'1492068',1810,,214,52,,,0
2019,'1492069',1710,,215,52,,,0
2019,'1492074',810,,216,52,,,0
2019,'1492075',1310,,217,52,,,0
2019,'1492077',710,,218,52,,,0
2019,'1492079',610,,220,30,,,0
2019,'1492080',1955,,221,52,,,0
2019,'1496953',1753,,611,53,,,0
2019,'1496954',2153,,612,53,,,0
2019,'1496955',1353,,613,53,,,0
2019,'1496957',1153,,614,53,,,0
2019,'1496958',1453,,615,53,,,0
2019,'1496961',2053,,616,53,,,0
2019,'1496962',753,,617,53,,,0
2019,'1496968',1253,,618,53,,,0
2019,'1496970',2253,,619,53,,,0
2019,'1496973',1553,,620,53,,,0
2019,'1496974',1853,,621,53,,,0
2019,'1496975',1053,,622,53,,,0
2019,'1496979',953,,623,53,,,0
2019,'1496981',853,,624,53,,,0
2019,'1496983',1653,,625,53,,,0
2019,'1496984',1953,,626,53,,,0
2019,'1496986',653,,627,53,,,0
2019,'1496987',623,,628,21,,,0
2019,'1496988',2351,,629,53,,,0
2029,'1492022',2030,,280,74,,,0
2029,'1492026',930,,281,74,,,0
2029,'1492029',1430,,282,74,,,0
2029,'1492030',1230,,283,74,,,0
2029,'1492031',1830,,284,74,,,0
2029,'1492033',1300,,285,74,,,0
2029,'1492035',1600,,286,74,,,0
2029,'1492039',1000,,287,74,,,0
2029,'1492041',2230,,288,74,,,0
2029,'1492044',830,,289,74,,,0
2029,'1492046',1630,,290,74,,,0
2029,'1492047',1500,,291,74,,,0
2029,'1492049',2327,,292,74,,,0
2029,'1492050',1100,,293,74,,,0
2029,'1492051',730,,294,74,,,0
2029,'1492052',1330,,295,74,,,0
2029,'1492054',1930,,296,74,,,0
2029,'1492056',1700,,297,74,,,0
2029,'1492059',1530,,298,74,,,0
2029,'1492060',1400,,299,74,,,0
2029,'1492061',800,,300,74,,,0
2029,'1492063',1730,,301,74,,,0
2029,'1492065',1030,,302,74,,,0
2029,'1492070',900,,303,74,,,0
2029,'1492071',2130,,304,74,,,0
2029,'1492072',1200,,305,74,,,0
2029,'1492073',1130,,306,74,,,0
2029,'1492076',1800,,307,74,,,0
2029,'1492081',630,,308,38,,,0
2029,'1496956',1730,,630,75,,,0
2029,'1496959',1130,,631,75,,,0
2029,'1496960',2230,,632,75,,,0
2029,'1496963',2327,,633,75,,,0
2029,'1496964',1030,,634,75,,,0
2029,'1496965',2030,,635,75,,,0
2029,'1496966',930,,636,75,,,0
2029,'1496967',1530,,637,75,,,0
2029,'1496969',2130,,638,75,,,0
2029,'1496971',1830,,639,75,,,0
2029,'1496972',1230,,640,75,,,0
2029,'1496976',1430,,641,75,,,0
2029,'1496977',830,,642,75,,,0
2029,'1496978',1330,,643,75,,,0
2029,'1496980',1930,,644,75,,,0
2029,'1496982',1630,,645,75,,,0
2029,'1496985',730,,646,75,,,0
3019,'1488507',830,,436,25,0,5,0
3019,'1488508',1030,,437,25,0,5,0
3019,'1488511',2100,,438,25,0,5,0
3019,'1488515',2200,,439,25,0,5,0
3019,'1488516',1100,,440,25,0,5,0
3019,'1488519',1630,,441,25,0,5,0
3019,'1488521',2300,,442,25,0,5,0
3019,'1488522',1430,,443,25,0,5,0
3019,'1488523',1900,,444,25,0,5,0
3019,'1488525',1200,,445,25,0,5,0
3019,'1488526',730,,446,25,0,5,0
3019,'1488529',2000,,447,25,0,5,0
3019,'1488531',700,,448,25,0,5,0
3019,'1488533',1730,,449,25,0,5,0
3019,'1488535',1300,,450,25,0,5,0
3019,'1488537',1800,,451,25,0,5,0
3019,'1488538',1000,,452,25,0,5,0
3019,'1488539',1230,,453,25,0,5,0
3019,'1488540',1330,,454,25,0,5,0
3019,'1488542',800,,455,25,0,5,0
3019,'1488546',930,,456,25,0,5,0
3019,'1488547',1600,,457,25,0,5,0
3019,'1488548',1400,,458,25,0,5,0
3019,'1488550',1700,,459,25,0,5,0
3019,'1488551',1130,,460,25,0,5,0
3019,'1488552',1500,,461,25,0,5,0
3019,'1488556',1530,,463,25,0,5,0
3019,'1488560',900,,464,25,0,5,0
3019,'1491899',1641,,370,107,,,0
3019,'1491900',1811,,371,107,,,0
3019,'1491901',2126,,372,107,,,0
3019,'1491902',941,,373,107,,,0
3019,'1491903',811,,374,107,,,0
3019,'1491904',1711,,375,107,,,0
3019,'1491905',1241,,376,107,,,0
3019,'1491906',1211,,377,107,,,0
3019,'1491907',841,,378,107,,,0
3019,'1491908',1011,,379,107,,,0
3019,'1491909',2326,,380,107,,,0
3019,'1491910',1441,,381,107,,,0
3019,'1491911',1411,,382,107,,,0
3019,'1491912',1541,,383,107,,,0
3019,'1491913',1341,,384,107,,,0
3019,'1491914',2226,,385,107,,,0
3019,'1491915',911,,386,107,,,0
3019,'1491916',1841,,387,107,,,0
3019,'1491917',1511,,388,107,,,0
3019,'1491918',1111,,389,107,,,0
3019,'1491919',1141,,390,107,,,0
3019,'1491920',1311,,391,107,,,0
3019,'1491921',1741,,392,107,,,0
3019,'1491922',1041,,393,107,,,0
3019,'1491923',1611,,394,107,,,0
3019,'1491924',1926,,395,107,,,0
3019,'1491926',611,,397,16,,,0
3019,'1491927',641,,398,50,,,0
3019,'1491928',2026,,399,107,,,0
3019,'1492021',741,,400,107,,,0
3019,'1496989',826,,647,107,,,0
3019,'1496990',1700,,648,24,0,5,0
3019,'1496991',1526,,649,107,,,0
3019,'1496992',2200,,650,24,0,5,0
3019,'1496993',926,,651,107,,,0
3019,'1496994',1226,,652,107,,,0
3019,'1496995',2326,,653,107,,,0
3019,'1496996',1926,,654,107,,,0
3019,'1496997',1900,,655,24,0,5,0
3019,'1496998',1400,,656,24,0,5,0
3019,'1496999',1426,,657,107,,,0
3019,'1497000',2000,,658,24,0,5,0
3019,'1497001',2026,,659,107,,,0
3019,'1497002',2300,,660,24,0,5,0
3019,'1497003',1726,,661,107,,,0
3019,'1497004',1026,,662,107,,,0
3019,'1497005',1326,,663,107,,,0
3019,'1497006',1800,,664,24,0,5,0
3019,'1497007',700,,665,24,0,5,0
3019,'1497008',900,,666,24,0,5,0
3019,'1497009',2226,,667,107,,,0
3019,'1497010',1826,,668,107,,,0
3019,'1497011',1126,,669,107,,,0
3019,'1497012',1000,,670,24,0,5,0
3019,'1497013',1300,,671,24,0,5,0
3019,'1497014',1600,,672,24,0,5,0
3019,'1497015',1626,,673,107,,,0
3019,'1497016',1100,,674,24,0,5,0
3019,'1497017',1500,,675,24,0,5,0
3019,'1497018',2100,,676,24,0,5,0
3019,'1497019',800,,677,24,0,5,0
3019,'1497020',2126,,678,107,,,0
3019,'1497021',1200,,679,24,0,5,0
3019,'1497022',656,,680,51,,,0
3019,'1497024',726,,682,107,,,0
4019,'1491929',642,,525,20,,,0
4019,'1491930',2325,,526,20,,,0
4019,'1491931',1042,,527,20,,,0
4019,'1491932',842,,528,20,,,0
4019,'1491933',2027,,529,20,,,0
4019,'1491934',1642,,530,20,,,0
4019,'1491935',1842,,531,20,,,0
4019,'1491936',2127,,532,20,,,0
4019,'1491937',942,,533,20,,,0
4019,'1491938',1142,,534,20,,,0
4019,'1491939',1927,,535,20,,,0
4019,'1491940',742,,536,20,,,0
4019,'1491941',1542,,537,20,,,0
4019,'1491942',1742,,538,20,,,0
4019,'1491943',1342,,539,20,,,0
4019,'1491944',1442,,540,20,,,0
4019,'1491945',2227,,541,20,,,0
4019,'1491946',1242,,542,20,,,0
4019,'1497026',827,,684,20,,,0
4019,'1497027',727,,685,20,,,0
4019,'1497028',1627,,686,20,,,0
4019,'1497029',2227,,687,20,,,0
4019,'1497030',1727,,688,20,,,0
4019,'1497031',1427,,689,20,,,0
4019,'1497032',2127,,690,20,,,0
4019,'1497033',1027,,691,20,,,0
4019,'1497034',1927,,692,20,,,0
4019,'1497035',1527,,693,20,,,0
4019,'1497036',927,,694,20,,,0
4019,'1497037',1827,,695,20,,,0
4019,'1497038',1327,,696,20,,,0
4019,'1497039',627,,697,20,,,0
4019,'1497040',2027,,698,20,,,0
4019,'1497041',1127,,699,20,,,0
4019,'1497042',1227,,700,20,,,0
4019,'1497043',2325,,701,20,,,0
8019,'1492009',1755,,556,12,,,0
8019,'1492010',1055,,557,12,,,0
8019,'1492011',1355,,558,12,,,0
8019,'1492012',955,,559,12,,,0
8019,'1492013',1455,,560,12,,,0
8019,'1492014',755,,561,12,,,0
8019,'1492015',1655,,562,12,,,0
8019,'1492016',855,,563,12,,,0
8019,'1492017',655,,564,12,,,0
8019,'1492018',1555,,565,12,,,0
8019,'1492019',1255,,566,12,,,0
8019,'1492020',1155,,567,12,,,0
10019,'1492131',1245,,574,4,,,0,65,,574,6,,,0
10019,'1492132',1545,,575,4,,,0,65,,575,6,,,0
