3019,'1496125',1544,,1056,28,,,0
3019,'1496128',1714,,1059,28,,,0
3019,'1496129',844,,1060,28,,,0
3019,'1496130',714,,1061,28,,,0
3019,'1496131',1614,,1062,28,,,0
3019,'1496133',1144,,1064,28,,,0
3019,'1496134',1114,,1065,28,,,0
3019,'1496136',744,,1067,28,,,0
3019,'1496138',914,,1069,28,,,0
3019,'1496141',1344,,1072,28,,,0
3019,'1496142',1314,,1073,28,,,0
3019,'1496144',1444,,1075,28,,,0
3019,'1496146',1244,,1077,28,,,0
3019,'1496151',814,,1082,28,,,0
3019,'1496153',1744,,1084,28,,,0
3019,'1496154',1414,,1085,28,,,0
3019,'1496155',1014,,1086,28,,,0
3019,'1496159',1044,,1090,28,,,0
3019,'1496164',1214,,1095,28,,,0
3019,'1496165',1644,,1096,28,,,0
3019,'1496167',944,,1098,28,,,0
3019,'1496168',1514,,1099,28,,,0
3019,'1496173',644,,1104,28,,,0
3019,'1496374',1544,,1105,28,,,0
3019,'1496377',1714,,1108,28,,,0
3019,'1496378',2029,,1109,28,,,0
3019,'1496380',844,,1111,28,,,0
3019,'1496381',714,,1112,28,,,0
3019,'1496382',1614,,1113,28,,,0
3019,'1496385',1144,,1116,28,,,0
3019,'1496386',1114,,1117,28,,,0
3019,'1496388',744,,1119,28,,,0
3019,'1496392',914,,1123,28,,,0
3019,'1496395',2229,,1126,28,,,0
3019,'1496396',1344,,1127,28,,,0
3019,'1496398',1314,,1129,28,,,0
3019,'1496400',1444,,1131,28,,,0
3019,'1496402',1244,,1133,28,,,0
3019,'1496404',2129,,1135,28,,,0
3019,'1496409',814,,1140,28,,,0
3019,'1496411',1744,,1142,28,,,0
3019,'1496412',1414,,1143,28,,,0
3019,'1496413',1014,,1144,28,,,0
3019,'1496417',1044,,1148,28,,,0
3019,'1496422',1214,,1153,28,,,0
3019,'1496423',1644,,1154,28,,,0
3019,'1496425',944,,1156,28,,,0
3019,'1496426',1514,,1157,28,,,0
3019,'1496427',1829,,1158,28,,,0
3019,'1496429',2327,,1160,28,,,0
3019,'1496432',1929,,1163,28,,,0
3019,'1496434',644,,1165,28,,,0
3019,'1496453',729,,1166,28,,,0
3019,'1496455',1429,,1168,28,,,0
3019,'1496457',829,,1170,28,,,0
3019,'1496458',1129,,1171,28,,,0
3019,'1496459',2229,,1172,28,,,0
3019,'1496460',1829,,1173,28,,,0
3019,'1496463',1329,,1176,28,,,0
3019,'1496465',1929,,1178,28,,,0
3019,'1496467',1629,,1180,28,,,0
3019,'1496468',929,,1181,28,,,0
3019,'1496469',1229,,1182,28,,,0
3019,'1496473',2129,,1186,28,,,0
3019,'1496474',1729,,1187,28,,,0
3019,'1496475',1029,,1188,28,,,0
3019,'1496479',1529,,1192,28,,,0
3019,'1496484',2029,,1197,28,,,0
3019,'1496487',2327,,1200,28,,,0
3019,'1496488',629,,1201,28,,,0
3019,'1496627',729,,1203,28,,,0
3019,'1496629',1429,,1205,28,,,0
3019,'1496631',829,,1207,28,,,0
3019,'1496632',1129,,1208,28,,,0
3019,'1496633',1829,,1209,28,,,0
3019,'1496636',1329,,1212,28,,,0
3019,'1496638',1929,,1214,28,,,0
3019,'1496640',1629,,1216,28,,,0
3019,'1496641',929,,1217,28,,,0
3019,'1496642',1229,,1218,28,,,0
3019,'1496645',2129,,1221,28,,,0
3019,'1496646',1729,,1222,28,,,0
3019,'1496647',1029,,1223,28,,,0
3019,'1496651',1529,,1227,28,,,0
3019,'1496656',2029,,1232,28,,,0
3019,'1496659',2327,,1235,28,,,0
