2019,'1492023',2219,,191,8,,,0
2019,'1492024',1204,,192,8,,,0
2019,'1492025',1334,,193,8,,,0
2019,'1492027',2119,,194,8,,,0
2019,'1492028',1819,,195,8,,,0
2019,'1492032',1304,,196,8,,,0
2019,'1492034',1434,,197,8,,,0
2019,'1492036',934,,198,8,,,0
2019,'1492037',1504,,199,8,,,0
2019,'1492038',904,,200,8,,,0
2019,'1492040',1104,,201,8,,,0
2019,'1492042',834,,202,8,,,0
2019,'1492043',804,,203,8,,,0
2019,'1492045',1004,,204,8,,,0
2019,'1492048',1534,,205,8,,,0
2019,'1492053',2019,,206,8,,,0
2019,'1492055',704,,207,8,,,0
2019,'1492057',1704,,208,8,,,0
2019,'1492058',2318,,209,8,,,0
2019,'1492062',1404,,210,8,,,0
2019,'1492064',1034,,211,8,,,0
2019,'1492066',1134,,212,8,,,0
2019,'1492067',1604,,213,8,,,0
2019,'1492068',1734,,214,8,,,0
2019,'1492069',1634,,215,8,,,0
2019,'1492074',734,,216,8,,,0
2019,'1492075',1234,,217,8,,,0
2019,'1492077',634,,218,8,,,0
2019,'1492080',1919,,221,8,,,0
2019,'1496953',1719,,611,8,,,0
2019,'1496954',2119,,612,8,,,0
2019,'1496955',1319,,613,8,,,0
2019,'1496957',1119,,614,8,,,0
2019,'1496958',1419,,615,8,,,0
2019,'1496961',2019,,616,8,,,0
2019,'1496962',719,,617,8,,,0
2019,'1496968',1219,,618,8,,,0
2019,'1496970',2219,,619,8,,,0
2019,'1496973',1519,,620,8,,,0
2019,'1496974',1819,,621,8,,,0
2019,'1496975',1019,,622,8,,,0
2019,'1496979',919,,623,8,,,0
2019,'1496981',819,,624,8,,,0
2019,'1496983',1619,,625,8,,,0
2019,'1496984',1919,,626,8,,,0
2019,'1496986',619,,627,8,,,0
2019,'1496988',2318,,629,8,,,0
