2029,'1496221',645,,971,60,,,0
2029,'1496281',645,,972,60,,,0
2029,'1497044',946,,973,97,,,0
2029,'1497045',1446,,974,97,,,0
2029,'1497046',1246,,975,97,,,0
2029,'1497047',1316,,976,97,,,0
2029,'1497048',1616,,977,97,,,0
2029,'1497049',1016,,978,97,,,0
2029,'1497050',846,,979,97,,,0
2029,'1497051',1646,,980,97,,,0
2029,'1497052',1516,,981,97,,,0
2029,'1497053',1116,,982,97,,,0
2029,'1497054',746,,983,97,,,0
2029,'1497055',1346,,984,97,,,0
2029,'1497056',1716,,985,97,,,0
2029,'1497057',1546,,986,97,,,0
2029,'1497058',1416,,987,97,,,0
2029,'1497059',816,,988,97,,,0
2029,'1497060',1746,,989,97,,,0
2029,'1497061',1046,,990,97,,,0
2029,'1497062',916,,991,97,,,0
2029,'1497063',1216,,992,97,,,0
2029,'1497064',1146,,993,97,,,0
2029,'1497065',1816,,994,97,,,0
2029,'1497066',2046,,995,97,,,0
2029,'1497067',946,,996,97,,,0
2029,'1497068',1446,,997,97,,,0
2029,'1497069',1246,,998,97,,,0
2029,'1497070',1846,,999,97,,,0
2029,'1497071',1316,,1000,97,,,0
2029,'1497072',1616,,1001,97,,,0
2029,'1497073',1016,,1002,97,,,0
2029,'1497074',2246,,1003,97,,,0
2029,'1497075',846,,1004,97,,,0
2029,'1497076',1646,,1005,97,,,0
2029,'1497077',1516,,1006,97,,,0
2029,'1497078',2340,,1007,97,,,0
2029,'1497079',1116,,1008,97,,,0
2029,'1497080',746,,1009,97,,,0
2029,'1497081',1346,,1010,97,,,0
2029,'1497082',1946,,1011,97,,,0
2029,'1497083',1716,,1012,97,,,0
2029,'1497084',1546,,1013,97,,,0
2029,'1497085',1416,,1014,97,,,0
2029,'1497086',816,,1015,97,,,0
2029,'1497087',1746,,1016,97,,,0
2029,'1497088',1046,,1017,97,,,0
2029,'1497089',916,,1018,97,,,0
2029,'1497090',2146,,1019,97,,,0
2029,'1497091',1216,,1020,97,,,0
2029,'1497092',1146,,1021,97,,,0
2029,'1497093',1816,,1022,97,,,0
2029,'1497094',1746,,1023,97,,,0
2029,'1497095',1146,,1024,97,,,0
2029,'1497096',2246,,1025,97,,,0
2029,'1497097',2340,,1026,97,,,0
2029,'1497098',1046,,1027,97,,,0
2029,'1497099',2046,,1028,97,,,0
2029,'1497100',946,,1029,97,,,0
2029,'1497101',1546,,1030,97,,,0
2029,'1497102',2146,,1031,97,,,0
2029,'1497103',1846,,1032,97,,,0
2029,'1497104',1246,,1033,97,,,0
2029,'1497105',1446,,1034,97,,,0
2029,'1497106',846,,1035,97,,,0
2029,'1497107',1346,,1036,97,,,0
2029,'1497108',1946,,1037,97,,,0
2029,'1497109',1646,,1038,97,,,0
2029,'1497110',746,,1039,97,,,0
2029,'1497111',1746,,1040,97,,,0
2029,'1497112',1146,,1041,97,,,0
2029,'1497113',2246,,1042,97,,,0
2029,'1497114',2340,,1043,97,,,0
2029,'1497115',1046,,1044,97,,,0
2029,'1497116',2046,,1045,97,,,0
2029,'1497117',946,,1046,97,,,0
2029,'1497118',1546,,1047,97,,,0
2029,'1497119',2146,,1048,97,,,0
2029,'1497120',1846,,1049,97,,,0
2029,'1497121',1246,,1050,97,,,0
2029,'1497122',1446,,1051,97,,,0
2029,'1497123',846,,1052,97,,,0
2029,'1497124',1346,,1053,97,,,0
2029,'1497125',1946,,1054,97,,,0
2029,'1497126',1646,,1055,97,,,0
