3019,'1496125',1602,,1056,60,,,0
3019,'1496128',1732,,1059,60,,,0
3019,'1496129',902,,1060,60,,,0
3019,'1496130',732,,1061,60,,,0
3019,'1496131',1632,,1062,60,,,0
3019,'1496133',1202,,1064,60,,,0
3019,'1496134',1132,,1065,60,,,0
3019,'1496136',802,,1067,60,,,0
3019,'1496138',932,,1069,60,,,0
3019,'1496141',1402,,1072,60,,,0
3019,'1496142',1332,,1073,60,,,0
3019,'1496144',1502,,1075,60,,,0
3019,'1496146',1302,,1077,60,,,0
3019,'1496151',832,,1082,60,,,0
3019,'1496153',1802,,1084,60,,,0
3019,'1496154',1432,,1085,60,,,0
3019,'1496155',1032,,1086,60,,,0
3019,'1496159',1102,,1090,60,,,0
3019,'1496164',1232,,1095,60,,,0
3019,'1496165',1702,,1096,60,,,0
3019,'1496167',1002,,1098,60,,,0
3019,'1496168',1532,,1099,60,,,0
3019,'1496171',602,,1102,4,,,0
3019,'1496173',702,,1104,60,,,0
3019,'1496374',1602,,1105,60,,,0
3019,'1496377',1732,,1108,60,,,0
3019,'1496378',2047,,1109,60,,,0
3019,'1496380',902,,1111,60,,,0
3019,'1496381',732,,1112,60,,,0
3019,'1496382',1632,,1113,60,,,0
3019,'1496385',1202,,1116,60,,,0
3019,'1496386',1132,,1117,60,,,0
3019,'1496388',802,,1119,60,,,0
3019,'1496392',932,,1123,60,,,0
3019,'1496395',2247,,1126,60,,,0
3019,'1496396',1402,,1127,60,,,0
3019,'1496398',1332,,1129,60,,,0
3019,'1496400',1502,,1131,60,,,0
3019,'1496402',1302,,1133,60,,,0
3019,'1496404',2147,,1135,60,,,0
3019,'1496409',832,,1140,60,,,0
3019,'1496411',1802,,1142,60,,,0
3019,'1496412',1432,,1143,60,,,0
3019,'1496413',1032,,1144,60,,,0
3019,'1496417',1102,,1148,60,,,0
3019,'1496422',1232,,1153,60,,,0
3019,'1496423',1702,,1154,60,,,0
3019,'1496425',1002,,1156,60,,,0
3019,'1496426',1532,,1157,60,,,0
3019,'1496427',1847,,1158,60,,,0
3019,'1496429',2343,,1160,60,,,0
3019,'1496431',602,,1162,4,,,0
3019,'1496432',1947,,1163,60,,,0
3019,'1496434',702,,1165,60,,,0
3019,'1496453',747,,1166,60,,,0
3019,'1496455',1447,,1168,60,,,0
3019,'1496457',847,,1170,60,,,0
3019,'1496458',1147,,1171,60,,,0
3019,'1496459',2247,,1172,60,,,0
3019,'1496460',1847,,1173,60,,,0
3019,'1496463',1347,,1176,60,,,0
3019,'1496465',1947,,1178,60,,,0
3019,'1496467',1647,,1180,60,,,0
3019,'1496468',947,,1181,60,,,0
3019,'1496469',1247,,1182,60,,,0
3019,'1496473',2147,,1186,60,,,0
3019,'1496474',1747,,1187,60,,,0
3019,'1496475',1047,,1188,60,,,0
3019,'1496479',1547,,1192,60,,,0
3019,'1496484',2047,,1197,60,,,0
3019,'1496486',617,,1199,4,,,0
3019,'1496487',2343,,1200,60,,,0
3019,'1496488',647,,1201,60,,,0
3019,'1496627',747,,1203,60,,,0
3019,'1496629',1447,,1205,60,,,0
3019,'1496631',847,,1207,60,,,0
3019,'1496632',1147,,1208,60,,,0
3019,'1496633',1847,,1209,60,,,0
3019,'1496636',1347,,1212,60,,,0
3019,'1496638',1947,,1214,60,,,0
3019,'1496640',1647,,1216,60,,,0
3019,'1496641',947,,1217,60,,,0
3019,'1496642',1247,,1218,60,,,0
3019,'1496645',2147,,1221,60,,,0
3019,'1496646',1747,,1222,60,,,0
3019,'1496647',1047,,1223,60,,,0
3019,'1496651',1547,,1227,60,,,0
3019,'1496656',2047,,1232,60,,,0
3019,'1496658',717,,1234,4,,,0
3019,'1496659',2343,,1235,60,,,0
