2019,'1492023',2313,,191,82,,,0
2019,'1492024',1258,,192,82,,,0
2019,'1492025',1428,,193,82,,,0
2019,'1492027',2213,,194,82,,,0
2019,'1492028',1913,,195,82,,,0
2019,'1492032',1358,,196,82,,,0
2019,'1492034',1528,,197,82,,,0
2019,'1492036',1028,,198,82,,,0
2019,'1492037',1558,,199,82,,,0
2019,'1492038',958,,200,82,,,0
2019,'1492040',1158,,201,82,,,0
2019,'1492042',928,,202,82,,,0
2019,'1492043',858,,203,82,,,0
2019,'1492045',1058,,204,82,,,0
2019,'1492048',1628,,205,82,,,0
2019,'1492053',2113,,206,82,,,0
2019,'1492055',758,,207,82,,,0
2019,'1492057',1758,,208,82,,,0
2019,'1492062',1458,,210,82,,,0
2019,'1492064',1128,,211,82,,,0
2019,'1492066',1228,,212,82,,,0
2019,'1492067',1658,,213,82,,,0
2019,'1492068',1828,,214,82,,,0
2019,'1492069',1728,,215,82,,,0
2019,'1492074',828,,216,82,,,0
2019,'1492075',1328,,217,82,,,0
2019,'1492077',728,,218,82,,,0
2019,'1492079',628,,220,60,,,0
2019,'1492080',2013,,221,82,,,0
2019,'1496953',1813,,611,83,,,0
2019,'1496954',2213,,612,83,,,0
2019,'1496955',1413,,613,83,,,0
2019,'1496957',1213,,614,83,,,0
2019,'1496958',1513,,615,83,,,0
2019,'1496961',2113,,616,83,,,0
2019,'1496962',813,,617,83,,,0
2019,'1496968',1313,,618,83,,,0
2019,'1496970',2313,,619,83,,,0
2019,'1496973',1613,,620,83,,,0
2019,'1496974',1913,,621,83,,,0
2019,'1496975',1113,,622,83,,,0
2019,'1496979',1013,,623,83,,,0
2019,'1496981',913,,624,83,,,0
2019,'1496983',1713,,625,83,,,0
2019,'1496984',2013,,626,83,,,0
2019,'1496986',713,,627,83,,,0
2019,'1496987',643,,628,51,,,0
