1029,'1491948',1502,,124,59,,,0
1029,'1491949',1602,,125,59,,,0
1029,'1491951',1702,,126,59,,,0
1029,'1491953',802,,127,59,,,0
1029,'1491954',2132,,128,59,,,0
1029,'1491958',1102,,129,59,,,0
1029,'1491963',2032,,130,59,,,0
1029,'1491964',932,,131,59,,,0
1029,'1491965',1732,,132,59,,,0
1029,'1491966',1632,,133,59,,,0
1029,'1491970',1832,,134,59,,,0
1029,'1491971',1232,,135,59,,,0
1029,'1491972',1302,,136,59,,,0
1029,'1491973',1432,,137,59,,,0
1029,'1491974',1032,,138,59,,,0
1029,'1491976',732,,139,59,,,0
1029,'1491978',1902,,140,59,,,0
1029,'1491979',1802,,141,59,,,0
1029,'1491983',1402,,142,59,,,0
1029,'1491986',1002,,143,59,,,0
1029,'1491987',2232,,144,59,,,0
1029,'1491989',1202,,145,59,,,0
1029,'1491991',2332,,146,59,,,0
1029,'1491993',902,,147,59,,,0
1029,'1491996',832,,148,59,,,0
1029,'1492000',1532,,149,59,,,0
1029,'1492001',1332,,150,59,,,0
1029,'1492003',1132,,151,59,,,0
1029,'1492006',632,,152,14,,,0
1029,'1492008',1932,,153,59,,,0
1029,'1496919',1931,,594,59,,,0
1029,'1496920',2131,,595,59,,,0
1029,'1496925',1831,,596,59,,,0
1029,'1496926',2231,,597,59,,,0
1029,'1496927',1331,,598,59,,,0
1029,'1496929',1131,,599,59,,,0
1029,'1496931',1031,,600,59,,,0
1029,'1496932',2031,,601,59,,,0
1029,'1496934',731,,602,59,,,0
1029,'1496936',2331,,603,59,,,0
1029,'1496937',1531,,604,59,,,0
1029,'1496939',1631,,605,59,,,0
1029,'1496942',831,,606,59,,,0
1029,'1496943',1231,,607,59,,,0
1029,'1496944',931,,608,59,,,0
1029,'1496947',1731,,609,59,,,0
1029,'1496948',1431,,610,59,,,0
