3019,'1488507',938,,436,134,0,5,0
3019,'1488508',1138,,437,134,0,5,0
3019,'1488511',2208,,438,134,0,5,0
3019,'1488515',2308,,439,134,0,5,0
3019,'1488516',1208,,440,134,0,5,0
3019,'1488519',1738,,441,134,0,5,0
3019,'1488521',2358,,442,134,0,5,0
3019,'1488522',1538,,443,134,0,5,0
3019,'1488523',2008,,444,134,0,5,0
3019,'1488525',1308,,445,134,0,5,0
3019,'1488526',838,,446,134,0,5,0
3019,'1488529',2108,,447,134,0,5,0
3019,'1488531',808,,448,134,0,5,0
3019,'1488533',1838,,449,134,0,5,0
3019,'1488535',1408,,450,134,0,5,0
3019,'1488537',1908,,451,134,0,5,0
3019,'1488538',1108,,452,134,0,5,0
3019,'1488539',1338,,453,134,0,5,0
3019,'1488540',1438,,454,134,0,5,0
3019,'1488542',908,,455,134,0,5,0
3019,'1488546',1038,,456,134,0,5,0
3019,'1488547',1708,,457,134,0,5,0
3019,'1488548',1508,,458,134,0,5,0
3019,'1488550',1808,,459,134,0,5,0
3019,'1488551',1238,,460,134,0,5,0
3019,'1488552',1608,,461,134,0,5,0
3019,'1488553',638,,462,54,0,5,0
3019,'1488556',1638,,463,134,0,5,0
3019,'1488560',1008,,464,134,0,5,0
3019,'1488565',708,,465,101,0,5,0
3019,'1496990',1808,,648,131,0,5,0
3019,'1496992',2308,,650,131,0,5,0
3019,'1496997',2008,,655,131,0,5,0
3019,'1496998',1508,,656,131,0,5,0
3019,'1497000',2108,,658,131,0,5,0
3019,'1497002',2358,,660,131,0,5,0
3019,'1497006',1908,,664,131,0,5,0
3019,'1497007',808,,665,131,0,5,0
3019,'1497008',1008,,666,131,0,5,0
3019,'1497012',1108,,670,131,0,5,0
3019,'1497013',1408,,671,131,0,5,0
3019,'1497014',1708,,672,131,0,5,0
3019,'1497016',1208,,674,131,0,5,0
3019,'1497017',1608,,675,131,0,5,0
3019,'1497018',2208,,676,131,0,5,0
3019,'1497019',908,,677,131,0,5,0
3019,'1497021',1308,,679,131,0,5,0
3019,'1497025',638,,683,53,0,5,0
