3019,'1491899',1607,,370,67,,,0
3019,'1491900',1737,,371,67,,,0
3019,'1491901',2052,,372,67,,,0
3019,'1491902',907,,373,67,,,0
3019,'1491903',737,,374,67,,,0
3019,'1491904',1637,,375,67,,,0
3019,'1491905',1207,,376,67,,,0
3019,'1491906',1137,,377,67,,,0
3019,'1491907',807,,378,67,,,0
3019,'1491908',937,,379,67,,,0
3019,'1491909',2252,,380,67,,,0
3019,'1491910',1407,,381,67,,,0
3019,'1491911',1337,,382,67,,,0
3019,'1491912',1507,,383,67,,,0
3019,'1491913',1307,,384,67,,,0
3019,'1491914',2152,,385,67,,,0
3019,'1491915',837,,386,67,,,0
3019,'1491916',1807,,387,67,,,0
3019,'1491917',1437,,388,67,,,0
3019,'1491918',1037,,389,67,,,0
3019,'1491919',1107,,390,67,,,0
3019,'1491920',1237,,391,67,,,0
3019,'1491921',1707,,392,67,,,0
3019,'1491922',1007,,393,67,,,0
3019,'1491923',1537,,394,67,,,0
3019,'1491924',1852,,395,67,,,0
3019,'1491925',2347,,396,67,,,0
3019,'1491927',607,,398,10,,,0
3019,'1491928',1952,,399,67,,,0
3019,'1492021',707,,400,67,,,0
3019,'1496989',752,,647,66,,,0
3019,'1496991',1452,,649,66,,,0
3019,'1496993',852,,651,66,,,0
3019,'1496994',1152,,652,66,,,0
3019,'1496995',2252,,653,66,,,0
3019,'1496996',1852,,654,66,,,0
3019,'1496999',1352,,657,66,,,0
3019,'1497001',1952,,659,66,,,0
3019,'1497003',1652,,661,66,,,0
3019,'1497004',952,,662,66,,,0
3019,'1497005',1252,,663,66,,,0
3019,'1497009',2152,,667,66,,,0
3019,'1497010',1752,,668,66,,,0
3019,'1497011',1052,,669,66,,,0
3019,'1497015',1552,,673,66,,,0
3019,'1497020',2052,,678,66,,,0
3019,'1497022',622,,680,10,,,0
3019,'1497023',2347,,681,66,,,0
3019,'1497024',652,,682,66,,,0
