3019,'1488507',901,,436,65,0,5,0
3019,'1488508',1101,,437,65,0,5,0
3019,'1488511',2131,,438,65,0,5,0
3019,'1488515',2231,,439,65,0,5,0
3019,'1488516',1131,,440,65,0,5,0
3019,'1488519',1701,,441,65,0,5,0
3019,'1488521',2324,,442,65,0,5,0
3019,'1488522',1501,,443,65,0,5,0
3019,'1488523',1931,,444,65,0,5,0
3019,'1488525',1231,,445,65,0,5,0
3019,'1488526',801,,446,65,0,5,0
3019,'1488529',2031,,447,65,0,5,0
3019,'1488531',731,,448,65,0,5,0
3019,'1488533',1801,,449,65,0,5,0
3019,'1488535',1331,,450,65,0,5,0
3019,'1488537',1831,,451,65,0,5,0
3019,'1488538',1031,,452,65,0,5,0
3019,'1488539',1301,,453,65,0,5,0
3019,'1488540',1401,,454,65,0,5,0
3019,'1488542',831,,455,65,0,5,0
3019,'1488546',1001,,456,65,0,5,0
3019,'1488547',1631,,457,65,0,5,0
3019,'1488548',1431,,458,65,0,5,0
3019,'1488550',1731,,459,65,0,5,0
3019,'1488551',1201,,460,65,0,5,0
3019,'1488552',1531,,461,65,0,5,0
3019,'1488556',1601,,463,65,0,5,0
3019,'1488560',931,,464,65,0,5,0
3019,'1488565',631,,465,32,0,5,0
3019,'1496990',1731,,648,63,0,5,0
3019,'1496992',2231,,650,63,0,5,0
3019,'1496997',1931,,655,63,0,5,0
3019,'1496998',1431,,656,63,0,5,0
3019,'1497000',2031,,658,63,0,5,0
3019,'1497002',2325,,660,63,0,5,0
3019,'1497006',1831,,664,63,0,5,0
3019,'1497007',731,,665,63,0,5,0
3019,'1497008',931,,666,63,0,5,0
3019,'1497012',1031,,670,63,0,5,0
3019,'1497013',1331,,671,63,0,5,0
3019,'1497014',1631,,672,63,0,5,0
3019,'1497016',1131,,674,63,0,5,0
3019,'1497017',1531,,675,63,0,5,0
3019,'1497018',2131,,676,63,0,5,0
3019,'1497019',831,,677,63,0,5,0
3019,'1497021',1231,,679,63,0,5,0
