2029,'1492022',2019,,280,58,,,0
2029,'1492026',919,,281,58,,,0
2029,'1492029',1419,,282,58,,,0
2029,'1492030',1219,,283,58,,,0
2029,'1492031',1819,,284,58,,,0
2029,'1492033',1249,,285,58,,,0
2029,'1492035',1549,,286,58,,,0
2029,'1492039',949,,287,58,,,0
2029,'1492041',2219,,288,58,,,0
2029,'1492044',819,,289,58,,,0
2029,'1492046',1619,,290,58,,,0
2029,'1492047',1449,,291,58,,,0
2029,'1492049',2316,,292,58,,,0
2029,'1492050',1049,,293,58,,,0
2029,'1492051',719,,294,58,,,0
2029,'1492052',1319,,295,58,,,0
2029,'1492054',1919,,296,58,,,0
2029,'1492056',1649,,297,58,,,0
2029,'1492059',1519,,298,58,,,0
2029,'1492060',1349,,299,58,,,0
2029,'1492061',749,,300,58,,,0
2029,'1492063',1719,,301,58,,,0
2029,'1492065',1019,,302,58,,,0
2029,'1492070',849,,303,58,,,0
2029,'1492071',2119,,304,58,,,0
2029,'1492072',1149,,305,58,,,0
2029,'1492073',1119,,306,58,,,0
2029,'1492076',1749,,307,58,,,0
2029,'1492081',619,,308,22,,,0
2029,'1496956',1719,,630,59,,,0
2029,'1496959',1119,,631,59,,,0
2029,'1496960',2219,,632,59,,,0
2029,'1496963',2316,,633,59,,,0
2029,'1496964',1019,,634,59,,,0
2029,'1496965',2019,,635,59,,,0
2029,'1496966',919,,636,59,,,0
2029,'1496967',1519,,637,59,,,0
2029,'1496969',2119,,638,59,,,0
2029,'1496971',1819,,639,59,,,0
2029,'1496972',1219,,640,59,,,0
2029,'1496976',1419,,641,59,,,0
2029,'1496977',819,,642,59,,,0
2029,'1496978',1319,,643,59,,,0
2029,'1496980',1919,,644,59,,,0
2029,'1496982',1619,,645,59,,,0
2029,'1496985',719,,646,59,,,0
