2019,'1492023',2300,,191,60,,,0
2019,'1492024',1245,,192,60,,,0
2019,'1492025',1415,,193,60,,,0
2019,'1492027',2200,,194,60,,,0
2019,'1492028',1900,,195,60,,,0
2019,'1492032',1345,,196,60,,,0
2019,'1492034',1515,,197,60,,,0
2019,'1492036',1015,,198,60,,,0
2019,'1492037',1545,,199,60,,,0
2019,'1492038',945,,200,60,,,0
2019,'1492040',1145,,201,60,,,0
2019,'1492042',915,,202,60,,,0
2019,'1492043',845,,203,60,,,0
2019,'1492045',1045,,204,60,,,0
2019,'1492048',1615,,205,60,,,0
2019,'1492053',2100,,206,60,,,0
2019,'1492055',745,,207,60,,,0
2019,'1492057',1745,,208,60,,,0
2019,'1492062',1445,,210,60,,,0
2019,'1492064',1115,,211,60,,,0
2019,'1492066',1215,,212,60,,,0
2019,'1492067',1645,,213,60,,,0
2019,'1492068',1815,,214,60,,,0
2019,'1492069',1715,,215,60,,,0
2019,'1492074',815,,216,60,,,0
2019,'1492075',1315,,217,60,,,0
2019,'1492077',715,,218,60,,,0
2019,'1492079',615,,220,38,,,0
2019,'1492080',2000,,221,60,,,0
2019,'1496953',1759,,611,61,,,0
2019,'1496954',2159,,612,61,,,0
2019,'1496955',1359,,613,61,,,0
2019,'1496957',1159,,614,61,,,0
2019,'1496958',1459,,615,61,,,0
2019,'1496961',2059,,616,61,,,0
2019,'1496962',759,,617,61,,,0
2019,'1496968',1259,,618,61,,,0
2019,'1496970',2259,,619,61,,,0
2019,'1496973',1559,,620,61,,,0
2019,'1496974',1859,,621,61,,,0
2019,'1496975',1059,,622,61,,,0
2019,'1496979',959,,623,61,,,0
2019,'1496981',859,,624,61,,,0
2019,'1496983',1659,,625,61,,,0
2019,'1496984',1959,,626,61,,,0
2019,'1496986',659,,627,61,,,0
2019,'1496987',629,,628,29,,,0
