2019,'1496174',1212,,878,16,,,0
2019,'1496175',1342,,879,16,,,0
2019,'1496179',1312,,880,16,,,0
2019,'1496181',1442,,881,16,,,0
2019,'1496183',942,,882,16,,,0
2019,'1496184',1512,,883,16,,,0
2019,'1496185',912,,884,16,,,0
2019,'1496187',1112,,885,16,,,0
2019,'1496188',842,,886,16,,,0
2019,'1496189',812,,887,16,,,0
2019,'1496191',1012,,888,16,,,0
2019,'1496194',1542,,889,16,,,0
2019,'1496198',712,,890,16,,,0
2019,'1496200',1712,,891,16,,,0
2019,'1496204',1412,,892,16,,,0
2019,'1496206',1042,,893,16,,,0
2019,'1496208',1142,,894,16,,,0
2019,'1496209',1612,,895,16,,,0
2019,'1496210',1742,,896,16,,,0
2019,'1496211',1642,,897,16,,,0
2019,'1496215',742,,898,16,,,0
2019,'1496216',1242,,899,16,,,0
2019,'1496218',642,,900,16,,,0
2019,'1496223',2227,,903,16,,,0
2019,'1496224',1212,,904,16,,,0
2019,'1496225',1342,,905,16,,,0
2019,'1496227',2127,,906,16,,,0
2019,'1496228',1827,,907,16,,,0
2019,'1496232',1312,,908,16,,,0
2019,'1496234',1442,,909,16,,,0
2019,'1496236',942,,910,16,,,0
2019,'1496237',1512,,911,16,,,0
2019,'1496238',912,,912,16,,,0
2019,'1496240',1112,,913,16,,,0
2019,'1496242',842,,914,16,,,0
2019,'1496243',812,,915,16,,,0
2019,'1496245',1012,,916,16,,,0
2019,'1496248',1542,,917,16,,,0
2019,'1496253',2027,,918,16,,,0
2019,'1496255',712,,919,16,,,0
2019,'1496257',1712,,920,16,,,0
2019,'1496258',2325,,921,16,,,0
2019,'1496262',1412,,922,16,,,0
2019,'1496264',1042,,923,16,,,0
2019,'1496266',1142,,924,16,,,0
2019,'1496267',1612,,925,16,,,0
2019,'1496268',1742,,926,16,,,0
2019,'1496269',1642,,927,16,,,0
2019,'1496274',742,,928,16,,,0
2019,'1496275',1242,,929,16,,,0
2019,'1496277',642,,930,16,,,0
2019,'1496280',1927,,933,16,,,0
2019,'1496490',1727,,934,16,,,0
2019,'1496491',2127,,935,16,,,0
2019,'1496492',1327,,936,16,,,0
2019,'1496494',1127,,937,16,,,0
2019,'1496495',1427,,938,16,,,0
2019,'1496498',2027,,939,16,,,0
2019,'1496499',727,,940,16,,,0
2019,'1496505',1227,,941,16,,,0
2019,'1496507',2227,,942,16,,,0
2019,'1496510',1527,,943,16,,,0
2019,'1496511',1827,,944,16,,,0
2019,'1496512',1027,,945,16,,,0
2019,'1496516',927,,946,16,,,0
2019,'1496518',827,,947,16,,,0
2019,'1496520',1627,,948,16,,,0
2019,'1496521',1927,,949,16,,,0
2019,'1496523',627,,950,16,,,0
2019,'1496525',2324,,952,16,,,0
2019,'1496594',1727,,953,16,,,0
2019,'1496595',2127,,954,16,,,0
2019,'1496596',1327,,955,16,,,0
2019,'1496598',1127,,956,16,,,0
2019,'1496599',1427,,957,16,,,0
2019,'1496602',2027,,958,16,,,0
2019,'1496603',727,,959,16,,,0
2019,'1496609',1227,,960,16,,,0
2019,'1496613',1527,,961,16,,,0
2019,'1496614',1827,,962,16,,,0
2019,'1496615',1027,,963,16,,,0
2019,'1496619',927,,964,16,,,0
2019,'1496621',827,,965,16,,,0
2019,'1496623',1627,,966,16,,,0
2019,'1496624',1927,,967,16,,,0
2019,'1496626',2324,,969,16,,,0
