1019,'1491950',729,,37,33,,,0
1019,'1491952',829,,38,33,,,0
1019,'1491955',1559,,39,33,,,0
1019,'1491956',2144,,40,33,,,0
1019,'1491957',1659,,41,33,,,0
1019,'1491959',759,,42,33,,,0
1019,'1491960',1459,,43,33,,,0
1019,'1491961',1259,,44,33,,,0
1019,'1491962',1829,,45,33,,,0
1019,'1491967',1359,,46,33,,,0
1019,'1491968',1944,,47,33,,,0
1019,'1491969',2044,,48,33,,,0
1019,'1491975',1059,,49,33,,,0
1019,'1491977',1329,,50,33,,,0
1019,'1491980',859,,51,33,,,0
1019,'1491981',1159,,52,33,,,0
1019,'1491982',959,,53,33,,,0
1019,'1491984',2339,,54,33,,,0
1019,'1491985',1759,,55,33,,,0
1019,'1491988',1029,,56,33,,,0
1019,'1491990',929,,57,33,,,0
1019,'1491992',2244,,58,33,,,0
1019,'1491994',1429,,59,33,,,0
1019,'1491995',1529,,60,33,,,0
1019,'1491997',659,,61,33,,,0
1019,'1491998',1229,,62,33,,,0
1019,'1491999',1129,,63,33,,,0
1019,'1492002',1729,,64,33,,,0
1019,'1492004',1629,,65,33,,,0
1019,'1492005',559,,66,3,,,0
1019,'1492007',1859,,67,33,,,0
1019,'1496918',1344,,576,34,,,0
1019,'1496921',1944,,577,34,,,0
1019,'1496922',744,,578,34,,,0
1019,'1496923',644,,579,34,,,0
1019,'1496924',2044,,580,34,,,0
1019,'1496928',1044,,581,34,,,0
1019,'1496930',1444,,582,34,,,0
1019,'1496933',1644,,583,34,,,0
1019,'1496935',1144,,584,34,,,0
1019,'1496938',2144,,585,34,,,0
1019,'1496940',1544,,586,34,,,0
1019,'1496941',1744,,587,34,,,0
1019,'1496945',944,,588,34,,,0
1019,'1496946',844,,589,34,,,0
1019,'1496949',1244,,590,34,,,0
1019,'1496950',1844,,591,34,,,0
1019,'1496951',2340,,592,34,,,0
1019,'1496952',2244,,593,34,,,0
