2029,'1496221',628,,971,36,,,0
2029,'1496281',628,,972,36,,,0
2029,'1497044',929,,973,73,,,0
2029,'1497045',1429,,974,73,,,0
2029,'1497046',1229,,975,73,,,0
2029,'1497047',1259,,976,73,,,0
2029,'1497048',1559,,977,73,,,0
2029,'1497049',959,,978,73,,,0
2029,'1497050',829,,979,73,,,0
2029,'1497051',1629,,980,73,,,0
2029,'1497052',1459,,981,73,,,0
2029,'1497053',1059,,982,73,,,0
2029,'1497054',729,,983,73,,,0
2029,'1497055',1329,,984,73,,,0
2029,'1497056',1659,,985,73,,,0
2029,'1497057',1529,,986,73,,,0
2029,'1497058',1359,,987,73,,,0
2029,'1497059',759,,988,73,,,0
2029,'1497060',1729,,989,73,,,0
2029,'1497061',1029,,990,73,,,0
2029,'1497062',859,,991,73,,,0
2029,'1497063',1159,,992,73,,,0
2029,'1497064',1129,,993,73,,,0
2029,'1497065',1759,,994,73,,,0
2029,'1497066',2029,,995,73,,,0
2029,'1497067',929,,996,73,,,0
2029,'1497068',1429,,997,73,,,0
2029,'1497069',1229,,998,73,,,0
2029,'1497070',1829,,999,73,,,0
2029,'1497071',1259,,1000,73,,,0
2029,'1497072',1559,,1001,73,,,0
2029,'1497073',959,,1002,73,,,0
2029,'1497074',2229,,1003,73,,,0
2029,'1497075',829,,1004,73,,,0
2029,'1497076',1629,,1005,73,,,0
2029,'1497077',1459,,1006,73,,,0
2029,'1497078',2326,,1007,73,,,0
2029,'1497079',1059,,1008,73,,,0
2029,'1497080',729,,1009,73,,,0
2029,'1497081',1329,,1010,73,,,0
2029,'1497082',1929,,1011,73,,,0
2029,'1497083',1659,,1012,73,,,0
2029,'1497084',1529,,1013,73,,,0
2029,'1497085',1359,,1014,73,,,0
2029,'1497086',759,,1015,73,,,0
2029,'1497087',1729,,1016,73,,,0
2029,'1497088',1029,,1017,73,,,0
2029,'1497089',859,,1018,73,,,0
2029,'1497090',2129,,1019,73,,,0
2029,'1497091',1159,,1020,73,,,0
2029,'1497092',1129,,1021,73,,,0
2029,'1497093',1759,,1022,73,,,0
2029,'1497094',1729,,1023,73,,,0
2029,'1497095',1129,,1024,73,,,0
2029,'1497096',2229,,1025,73,,,0
2029,'1497097',2326,,1026,73,,,0
2029,'1497098',1029,,1027,73,,,0
2029,'1497099',2029,,1028,73,,,0
2029,'1497100',929,,1029,73,,,0
2029,'1497101',1529,,1030,73,,,0
2029,'1497102',2129,,1031,73,,,0
2029,'1497103',1829,,1032,73,,,0
2029,'1497104',1229,,1033,73,,,0
2029,'1497105',1429,,1034,73,,,0
2029,'1497106',829,,1035,73,,,0
2029,'1497107',1329,,1036,73,,,0
2029,'1497108',1929,,1037,73,,,0
2029,'1497109',1629,,1038,73,,,0
2029,'1497110',729,,1039,73,,,0
2029,'1497111',1729,,1040,73,,,0
2029,'1497112',1129,,1041,73,,,0
2029,'1497113',2229,,1042,73,,,0
2029,'1497114',2326,,1043,73,,,0
2029,'1497115',1029,,1044,73,,,0
2029,'1497116',2029,,1045,73,,,0
2029,'1497117',929,,1046,73,,,0
2029,'1497118',1529,,1047,73,,,0
2029,'1497119',2129,,1048,73,,,0
2029,'1497120',1829,,1049,73,,,0
2029,'1497121',1229,,1050,73,,,0
2029,'1497122',1429,,1051,73,,,0
2029,'1497123',829,,1052,73,,,0
2029,'1497124',1329,,1053,73,,,0
2029,'1497125',1929,,1054,73,,,0
2029,'1497126',1629,,1055,73,,,0
