2019,'1496174',1317,,878,114,,,0
2019,'1496175',1447,,879,114,,,0
2019,'1496179',1417,,880,114,,,0
2019,'1496181',1547,,881,114,,,0
2019,'1496183',1047,,882,114,,,0
2019,'1496184',1617,,883,114,,,0
2019,'1496185',1017,,884,114,,,0
2019,'1496187',1217,,885,114,,,0
2019,'1496188',947,,886,114,,,0
2019,'1496189',917,,887,114,,,0
2019,'1496191',1117,,888,114,,,0
2019,'1496194',1647,,889,114,,,0
2019,'1496198',817,,890,114,,,0
2019,'1496200',1817,,891,114,,,0
2019,'1496204',1517,,892,114,,,0
2019,'1496206',1147,,893,114,,,0
2019,'1496208',1247,,894,114,,,0
2019,'1496209',1717,,895,114,,,0
2019,'1496210',1847,,896,114,,,0
2019,'1496211',1747,,897,114,,,0
2019,'1496215',847,,898,114,,,0
2019,'1496216',1347,,899,114,,,0
2019,'1496218',747,,900,114,,,0
2019,'1496219',617,,901,28,,,0
2019,'1496220',647,,902,82,,,0
2019,'1496223',2332,,903,114,,,0
2019,'1496224',1317,,904,114,,,0
2019,'1496225',1447,,905,114,,,0
2019,'1496227',2232,,906,114,,,0
2019,'1496228',1932,,907,114,,,0
2019,'1496232',1417,,908,114,,,0
2019,'1496234',1547,,909,114,,,0
2019,'1496236',1047,,910,114,,,0
2019,'1496237',1617,,911,114,,,0
2019,'1496238',1017,,912,114,,,0
2019,'1496240',1217,,913,114,,,0
2019,'1496242',947,,914,114,,,0
2019,'1496243',917,,915,114,,,0
2019,'1496245',1117,,916,114,,,0
2019,'1496248',1647,,917,114,,,0
2019,'1496253',2132,,918,114,,,0
2019,'1496255',817,,919,114,,,0
2019,'1496257',1817,,920,114,,,0
2019,'1496262',1517,,922,114,,,0
2019,'1496264',1147,,923,114,,,0
2019,'1496266',1247,,924,114,,,0
2019,'1496267',1717,,925,114,,,0
2019,'1496268',1847,,926,114,,,0
2019,'1496269',1747,,927,114,,,0
2019,'1496274',847,,928,114,,,0
2019,'1496275',1347,,929,114,,,0
2019,'1496277',747,,930,114,,,0
2019,'1496278',617,,931,28,,,0
2019,'1496279',647,,932,92,,,0
2019,'1496280',2032,,933,114,,,0
2019,'1496490',1832,,934,114,,,0
2019,'1496491',2232,,935,114,,,0
2019,'1496492',1432,,936,114,,,0
2019,'1496494',1232,,937,114,,,0
2019,'1496495',1532,,938,114,,,0
2019,'1496498',2132,,939,114,,,0
2019,'1496499',832,,940,114,,,0
2019,'1496505',1332,,941,114,,,0
2019,'1496507',2332,,942,114,,,0
2019,'1496510',1632,,943,114,,,0
2019,'1496511',1932,,944,114,,,0
2019,'1496512',1132,,945,114,,,0
2019,'1496516',1032,,946,114,,,0
2019,'1496518',932,,947,114,,,0
2019,'1496520',1732,,948,114,,,0
2019,'1496521',2032,,949,114,,,0
2019,'1496523',732,,950,114,,,0
2019,'1496524',702,,951,82,,,0
2019,'1496594',1832,,953,114,,,0
2019,'1496595',2232,,954,114,,,0
2019,'1496596',1432,,955,114,,,0
2019,'1496598',1232,,956,114,,,0
2019,'1496599',1532,,957,114,,,0
2019,'1496602',2132,,958,114,,,0
2019,'1496603',832,,959,114,,,0
2019,'1496609',1332,,960,114,,,0
2019,'1496613',1632,,961,114,,,0
2019,'1496614',1932,,962,114,,,0
2019,'1496615',1132,,963,114,,,0
2019,'1496619',1032,,964,114,,,0
2019,'1496621',932,,965,114,,,0
2019,'1496623',1732,,966,114,,,0
2019,'1496624',2032,,967,114,,,0
2019,'1496625',802,,968,82,,,0
