2029,'1492022',1946,,280,2,,,0
2029,'1492026',846,,281,2,,,0
2029,'1492029',1346,,282,2,,,0
2029,'1492030',1146,,283,2,,,0
2029,'1492031',1746,,284,2,,,0
2029,'1492033',1216,,285,2,,,0
2029,'1492035',1516,,286,2,,,0
2029,'1492039',916,,287,2,,,0
2029,'1492041',2146,,288,2,,,0
2029,'1492044',746,,289,2,,,0
2029,'1492046',1546,,290,2,,,0
2029,'1492047',1416,,291,2,,,0
2029,'1492049',2246,,292,2,,,0
2029,'1492050',1016,,293,2,,,0
2029,'1492051',646,,294,2,,,0
2029,'1492052',1246,,295,2,,,0
2029,'1492054',1846,,296,2,,,0
2029,'1492056',1616,,297,2,,,0
2029,'1492059',1446,,298,2,,,0
2029,'1492060',1316,,299,2,,,0
2029,'1492061',716,,300,2,,,0
2029,'1492063',1646,,301,2,,,0
2029,'1492065',946,,302,2,,,0
2029,'1492070',816,,303,2,,,0
2029,'1492071',2046,,304,2,,,0
2029,'1492072',1116,,305,2,,,0
2029,'1492073',1046,,306,2,,,0
2029,'1492076',1716,,307,2,,,0
2029,'1496956',1646,,630,2,,,0
2029,'1496959',1046,,631,2,,,0
2029,'1496960',2146,,632,2,,,0
2029,'1496963',2246,,633,2,,,0
2029,'1496964',946,,634,2,,,0
2029,'1496965',1946,,635,2,,,0
2029,'1496966',846,,636,2,,,0
2029,'1496967',1446,,637,2,,,0
2029,'1496969',2046,,638,2,,,0
2029,'1496971',1746,,639,2,,,0
2029,'1496972',1146,,640,2,,,0
2029,'1496976',1346,,641,2,,,0
2029,'1496977',746,,642,2,,,0
2029,'1496978',1246,,643,2,,,0
2029,'1496980',1846,,644,2,,,0
2029,'1496982',1546,,645,2,,,0
2029,'1496985',646,,646,2,,,0
4019,'1491929',631,,525,2,,,0
4019,'1491930',2316,,526,2,,,0
4019,'1491931',1031,,527,2,,,0
4019,'1491932',831,,528,2,,,0
4019,'1491933',2016,,529,2,,,0
4019,'1491934',1631,,530,2,,,0
4019,'1491935',1831,,531,2,,,0
4019,'1491936',2116,,532,2,,,0
4019,'1491937',931,,533,2,,,0
4019,'1491938',1131,,534,2,,,0
4019,'1491939',1916,,535,2,,,0
4019,'1491940',731,,536,2,,,0
4019,'1491941',1531,,537,2,,,0
4019,'1491942',1731,,538,2,,,0
4019,'1491943',1331,,539,2,,,0
4019,'1491944',1431,,540,2,,,0
4019,'1491945',2216,,541,2,,,0
4019,'1491946',1231,,542,2,,,0
4019,'1497026',816,,684,2,,,0
4019,'1497027',716,,685,2,,,0
4019,'1497028',1616,,686,2,,,0
4019,'1497029',2216,,687,2,,,0
4019,'1497030',1716,,688,2,,,0
4019,'1497031',1416,,689,2,,,0
4019,'1497032',2116,,690,2,,,0
4019,'1497033',1016,,691,2,,,0
4019,'1497034',1916,,692,2,,,0
4019,'1497035',1516,,693,2,,,0
4019,'1497036',916,,694,2,,,0
4019,'1497037',1816,,695,2,,,0
4019,'1497038',1316,,696,2,,,0
4019,'1497039',616,,697,2,,,0
4019,'1497040',2016,,698,2,,,0
4019,'1497041',1116,,699,2,,,0
4019,'1497042',1216,,700,2,,,0
4019,'1497043',2316,,701,2,,,0
