3019,'1491899',1646,,370,114,,,0
3019,'1491900',1816,,371,114,,,0
3019,'1491901',2131,,372,114,,,0
3019,'1491902',946,,373,114,,,0
3019,'1491903',816,,374,114,,,0
3019,'1491904',1716,,375,114,,,0
3019,'1491905',1246,,376,114,,,0
3019,'1491906',1216,,377,114,,,0
3019,'1491907',846,,378,114,,,0
3019,'1491908',1016,,379,114,,,0
3019,'1491909',2331,,380,114,,,0
3019,'1491910',1446,,381,114,,,0
3019,'1491911',1416,,382,114,,,0
3019,'1491912',1546,,383,114,,,0
3019,'1491913',1346,,384,114,,,0
3019,'1491914',2231,,385,114,,,0
3019,'1491915',916,,386,114,,,0
3019,'1491916',1846,,387,114,,,0
3019,'1491917',1516,,388,114,,,0
3019,'1491918',1116,,389,114,,,0
3019,'1491919',1146,,390,114,,,0
3019,'1491920',1316,,391,114,,,0
3019,'1491921',1746,,392,114,,,0
3019,'1491922',1046,,393,114,,,0
3019,'1491923',1616,,394,114,,,0
3019,'1491924',1931,,395,114,,,0
3019,'1491926',616,,397,23,,,0
3019,'1491927',646,,398,57,,,0
3019,'1491928',2031,,399,114,,,0
3019,'1492021',746,,400,114,,,0
3019,'1496989',831,,647,114,,,0
3019,'1496991',1531,,649,114,,,0
3019,'1496993',931,,651,114,,,0
3019,'1496994',1231,,652,114,,,0
3019,'1496995',2331,,653,114,,,0
3019,'1496996',1931,,654,114,,,0
3019,'1496999',1431,,657,114,,,0
3019,'1497001',2031,,659,114,,,0
3019,'1497003',1731,,661,114,,,0
3019,'1497004',1031,,662,114,,,0
3019,'1497005',1331,,663,114,,,0
3019,'1497009',2231,,667,114,,,0
3019,'1497010',1831,,668,114,,,0
3019,'1497011',1131,,669,114,,,0
3019,'1497015',1631,,673,114,,,0
3019,'1497020',2131,,678,114,,,0
3019,'1497022',701,,680,58,,,0
3019,'1497024',731,,682,114,,,0
4019,'1491929',720,,525,70,,,0
4019,'1491930',2355,,526,70,,,0
4019,'1491931',1120,,527,70,,,0
4019,'1491932',920,,528,70,,,0
4019,'1491933',2105,,529,70,,,0
4019,'1491934',1720,,530,70,,,0
4019,'1491935',1920,,531,70,,,0
4019,'1491936',2205,,532,70,,,0
4019,'1491937',1020,,533,70,,,0
4019,'1491938',1220,,534,70,,,0
4019,'1491939',2005,,535,70,,,0
4019,'1491940',820,,536,70,,,0
4019,'1491941',1620,,537,70,,,0
4019,'1491942',1820,,538,70,,,0
4019,'1491943',1420,,539,70,,,0
4019,'1491944',1520,,540,70,,,0
4019,'1491945',2305,,541,70,,,0
4019,'1491946',1320,,542,70,,,0
4019,'1491947',620,,543,36,,,0
4019,'1497026',905,,684,74,,,0
4019,'1497027',805,,685,74,,,0
4019,'1497028',1705,,686,74,,,0
4019,'1497029',2305,,687,74,,,0
4019,'1497030',1805,,688,74,,,0
4019,'1497031',1505,,689,74,,,0
4019,'1497032',2205,,690,74,,,0
4019,'1497033',1105,,691,74,,,0
4019,'1497034',2005,,692,74,,,0
4019,'1497035',1605,,693,74,,,0
4019,'1497036',1005,,694,74,,,0
4019,'1497037',1905,,695,74,,,0
4019,'1497038',1405,,696,74,,,0
4019,'1497039',705,,697,74,,,0
4019,'1497040',2105,,698,74,,,0
4019,'1497041',1205,,699,74,,,0
4019,'1497042',1305,,700,74,,,0
4019,'1497043',2355,,701,74,,,0
