3019,'1491899',1532,,370,3,,,0
3019,'1491900',1702,,371,3,,,0
3019,'1491901',2017,,372,3,,,0
3019,'1491902',832,,373,3,,,0
3019,'1491903',702,,374,3,,,0
3019,'1491904',1602,,375,3,,,0
3019,'1491905',1132,,376,3,,,0
3019,'1491906',1102,,377,3,,,0
3019,'1491907',732,,378,3,,,0
3019,'1491908',902,,379,3,,,0
3019,'1491909',2217,,380,3,,,0
3019,'1491910',1332,,381,3,,,0
3019,'1491911',1302,,382,3,,,0
3019,'1491912',1432,,383,3,,,0
3019,'1491913',1232,,384,3,,,0
3019,'1491914',2117,,385,3,,,0
3019,'1491915',802,,386,3,,,0
3019,'1491916',1732,,387,3,,,0
3019,'1491917',1402,,388,3,,,0
3019,'1491918',1002,,389,3,,,0
3019,'1491919',1032,,390,3,,,0
3019,'1491920',1202,,391,3,,,0
3019,'1491921',1632,,392,3,,,0
3019,'1491922',932,,393,3,,,0
3019,'1491923',1502,,394,3,,,0
3019,'1491924',1817,,395,3,,,0
3019,'1491925',2317,,396,3,,,0
3019,'1491928',1917,,399,3,,,0
3019,'1492021',632,,400,3,,,0
3019,'1496989',717,,647,3,,,0
3019,'1496991',1417,,649,3,,,0
3019,'1496993',817,,651,3,,,0
3019,'1496994',1117,,652,3,,,0
3019,'1496995',2217,,653,3,,,0
3019,'1496996',1817,,654,3,,,0
3019,'1496999',1317,,657,3,,,0
3019,'1497001',1917,,659,3,,,0
3019,'1497003',1617,,661,3,,,0
3019,'1497004',917,,662,3,,,0
3019,'1497005',1217,,663,3,,,0
3019,'1497009',2117,,667,3,,,0
3019,'1497010',1717,,668,3,,,0
3019,'1497011',1017,,669,3,,,0
3019,'1497015',1517,,673,3,,,0
3019,'1497020',2017,,678,3,,,0
3019,'1497023',2317,,681,3,,,0
3019,'1497024',617,,682,3,,,0
