3019,'1491899',1648,,370,119,,,0
3019,'1491900',1818,,371,119,,,0
3019,'1491901',2133,,372,119,,,0
3019,'1491902',948,,373,119,,,0
3019,'1491903',818,,374,119,,,0
3019,'1491904',1718,,375,119,,,0
3019,'1491905',1248,,376,119,,,0
3019,'1491906',1218,,377,119,,,0
3019,'1491907',848,,378,119,,,0
3019,'1491908',1018,,379,119,,,0
3019,'1491909',2333,,380,119,,,0
3019,'1491910',1448,,381,119,,,0
3019,'1491911',1418,,382,119,,,0
3019,'1491912',1548,,383,119,,,0
3019,'1491913',1348,,384,119,,,0
3019,'1491914',2233,,385,119,,,0
3019,'1491915',918,,386,119,,,0
3019,'1491916',1848,,387,119,,,0
3019,'1491917',1518,,388,119,,,0
3019,'1491918',1118,,389,119,,,0
3019,'1491919',1148,,390,119,,,0
3019,'1491920',1318,,391,119,,,0
3019,'1491921',1748,,392,119,,,0
3019,'1491922',1048,,393,119,,,0
3019,'1491923',1618,,394,119,,,0
3019,'1491924',1933,,395,119,,,0
3019,'1491926',618,,397,28,,,0
3019,'1491927',648,,398,62,,,0
3019,'1491928',2033,,399,119,,,0
3019,'1492021',748,,400,119,,,0
3019,'1496989',833,,647,119,,,0
3019,'1496991',1533,,649,119,,,0
3019,'1496993',933,,651,119,,,0
3019,'1496994',1233,,652,119,,,0
3019,'1496995',2333,,653,119,,,0
3019,'1496996',1933,,654,119,,,0
3019,'1496999',1433,,657,119,,,0
3019,'1497001',2033,,659,119,,,0
3019,'1497003',1733,,661,119,,,0
3019,'1497004',1033,,662,119,,,0
3019,'1497005',1333,,663,119,,,0
3019,'1497009',2233,,667,119,,,0
3019,'1497010',1833,,668,119,,,0
3019,'1497011',1133,,669,119,,,0
3019,'1497015',1633,,673,119,,,0
3019,'1497020',2133,,678,119,,,0
3019,'1497022',703,,680,63,,,0
3019,'1497024',733,,682,119,,,0
