3019,'1496125',1601,,1056,58,,,0
3019,'1496128',1731,,1059,58,,,0
3019,'1496129',901,,1060,58,,,0
3019,'1496130',731,,1061,58,,,0
3019,'1496131',1631,,1062,58,,,0
3019,'1496133',1201,,1064,58,,,0
3019,'1496134',1131,,1065,58,,,0
3019,'1496136',801,,1067,58,,,0
3019,'1496138',931,,1069,58,,,0
3019,'1496141',1401,,1072,58,,,0
3019,'1496142',1331,,1073,58,,,0
3019,'1496144',1501,,1075,58,,,0
3019,'1496146',1301,,1077,58,,,0
3019,'1496151',831,,1082,58,,,0
3019,'1496153',1801,,1084,58,,,0
3019,'1496154',1431,,1085,58,,,0
3019,'1496155',1031,,1086,58,,,0
3019,'1496159',1101,,1090,58,,,0
3019,'1496164',1231,,1095,58,,,0
3019,'1496165',1701,,1096,58,,,0
3019,'1496167',1001,,1098,58,,,0
3019,'1496168',1531,,1099,58,,,0
3019,'1496171',601,,1102,2,,,0
3019,'1496173',701,,1104,58,,,0
3019,'1496374',1601,,1105,58,,,0
3019,'1496377',1731,,1108,58,,,0
3019,'1496378',2046,,1109,58,,,0
3019,'1496380',901,,1111,58,,,0
3019,'1496381',731,,1112,58,,,0
3019,'1496382',1631,,1113,58,,,0
3019,'1496385',1201,,1116,58,,,0
3019,'1496386',1131,,1117,58,,,0
3019,'1496388',801,,1119,58,,,0
3019,'1496392',931,,1123,58,,,0
3019,'1496395',2246,,1126,58,,,0
3019,'1496396',1401,,1127,58,,,0
3019,'1496398',1331,,1129,58,,,0
3019,'1496400',1501,,1131,58,,,0
3019,'1496402',1301,,1133,58,,,0
3019,'1496404',2146,,1135,58,,,0
3019,'1496409',831,,1140,58,,,0
3019,'1496411',1801,,1142,58,,,0
3019,'1496412',1431,,1143,58,,,0
3019,'1496413',1031,,1144,58,,,0
3019,'1496417',1101,,1148,58,,,0
3019,'1496422',1231,,1153,58,,,0
3019,'1496423',1701,,1154,58,,,0
3019,'1496425',1001,,1156,58,,,0
3019,'1496426',1531,,1157,58,,,0
3019,'1496427',1846,,1158,58,,,0
3019,'1496429',2342,,1160,58,,,0
3019,'1496431',601,,1162,2,,,0
3019,'1496432',1946,,1163,58,,,0
3019,'1496434',701,,1165,58,,,0
3019,'1496453',746,,1166,58,,,0
3019,'1496455',1446,,1168,58,,,0
3019,'1496457',846,,1170,58,,,0
3019,'1496458',1146,,1171,58,,,0
3019,'1496459',2246,,1172,58,,,0
3019,'1496460',1846,,1173,58,,,0
3019,'1496463',1346,,1176,58,,,0
3019,'1496465',1946,,1178,58,,,0
3019,'1496467',1646,,1180,58,,,0
3019,'1496468',946,,1181,58,,,0
3019,'1496469',1246,,1182,58,,,0
3019,'1496473',2146,,1186,58,,,0
3019,'1496474',1746,,1187,58,,,0
3019,'1496475',1046,,1188,58,,,0
3019,'1496479',1546,,1192,58,,,0
3019,'1496484',2046,,1197,58,,,0
3019,'1496486',616,,1199,2,,,0
3019,'1496487',2342,,1200,58,,,0
3019,'1496488',646,,1201,58,,,0
3019,'1496627',746,,1203,58,,,0
3019,'1496629',1446,,1205,58,,,0
3019,'1496631',846,,1207,58,,,0
3019,'1496632',1146,,1208,58,,,0
3019,'1496633',1846,,1209,58,,,0
3019,'1496636',1346,,1212,58,,,0
3019,'1496638',1946,,1214,58,,,0
3019,'1496640',1646,,1216,58,,,0
3019,'1496641',946,,1217,58,,,0
3019,'1496642',1246,,1218,58,,,0
3019,'1496645',2146,,1221,58,,,0
3019,'1496646',1746,,1222,58,,,0
3019,'1496647',1046,,1223,58,,,0
3019,'1496651',1546,,1227,58,,,0
3019,'1496656',2046,,1232,58,,,0
3019,'1496658',716,,1234,2,,,0
3019,'1496659',2342,,1235,58,,,0
