3019,'1496125',1549,,1056,36,,,0
3019,'1496128',1719,,1059,36,,,0
3019,'1496129',849,,1060,36,,,0
3019,'1496130',719,,1061,36,,,0
3019,'1496131',1619,,1062,36,,,0
3019,'1496133',1149,,1064,36,,,0
3019,'1496134',1119,,1065,36,,,0
3019,'1496136',749,,1067,36,,,0
3019,'1496138',919,,1069,36,,,0
3019,'1496141',1349,,1072,36,,,0
3019,'1496142',1319,,1073,36,,,0
3019,'1496144',1449,,1075,36,,,0
3019,'1496146',1249,,1077,36,,,0
3019,'1496151',819,,1082,36,,,0
3019,'1496153',1749,,1084,36,,,0
3019,'1496154',1419,,1085,36,,,0
3019,'1496155',1019,,1086,36,,,0
3019,'1496159',1049,,1090,36,,,0
3019,'1496164',1219,,1095,36,,,0
3019,'1496165',1649,,1096,36,,,0
3019,'1496167',949,,1098,36,,,0
3019,'1496168',1519,,1099,36,,,0
3019,'1496173',649,,1104,36,,,0
3019,'1496374',1549,,1105,36,,,0
3019,'1496377',1719,,1108,36,,,0
3019,'1496378',2034,,1109,36,,,0
3019,'1496380',849,,1111,36,,,0
3019,'1496381',719,,1112,36,,,0
3019,'1496382',1619,,1113,36,,,0
3019,'1496385',1149,,1116,36,,,0
3019,'1496386',1119,,1117,36,,,0
3019,'1496388',749,,1119,36,,,0
3019,'1496392',919,,1123,36,,,0
3019,'1496395',2234,,1126,36,,,0
3019,'1496396',1349,,1127,36,,,0
3019,'1496398',1319,,1129,36,,,0
3019,'1496400',1449,,1131,36,,,0
3019,'1496402',1249,,1133,36,,,0
3019,'1496404',2134,,1135,36,,,0
3019,'1496409',819,,1140,36,,,0
3019,'1496411',1749,,1142,36,,,0
3019,'1496412',1419,,1143,36,,,0
3019,'1496413',1019,,1144,36,,,0
3019,'1496417',1049,,1148,36,,,0
3019,'1496422',1219,,1153,36,,,0
3019,'1496423',1649,,1154,36,,,0
3019,'1496425',949,,1156,36,,,0
3019,'1496426',1519,,1157,36,,,0
3019,'1496427',1834,,1158,36,,,0
3019,'1496429',2332,,1160,36,,,0
3019,'1496432',1934,,1163,36,,,0
3019,'1496434',649,,1165,36,,,0
3019,'1496453',734,,1166,36,,,0
3019,'1496455',1434,,1168,36,,,0
3019,'1496457',834,,1170,36,,,0
3019,'1496458',1134,,1171,36,,,0
3019,'1496459',2234,,1172,36,,,0
3019,'1496460',1834,,1173,36,,,0
3019,'1496463',1334,,1176,36,,,0
3019,'1496465',1934,,1178,36,,,0
3019,'1496467',1634,,1180,36,,,0
3019,'1496468',934,,1181,36,,,0
3019,'1496469',1234,,1182,36,,,0
3019,'1496473',2134,,1186,36,,,0
3019,'1496474',1734,,1187,36,,,0
3019,'1496475',1034,,1188,36,,,0
3019,'1496479',1534,,1192,36,,,0
3019,'1496484',2034,,1197,36,,,0
3019,'1496487',2332,,1200,36,,,0
3019,'1496488',634,,1201,36,,,0
3019,'1496627',734,,1203,36,,,0
3019,'1496629',1434,,1205,36,,,0
3019,'1496631',834,,1207,36,,,0
3019,'1496632',1134,,1208,36,,,0
3019,'1496633',1834,,1209,36,,,0
3019,'1496636',1334,,1212,36,,,0
3019,'1496638',1934,,1214,36,,,0
3019,'1496640',1634,,1216,36,,,0
3019,'1496641',934,,1217,36,,,0
3019,'1496642',1234,,1218,36,,,0
3019,'1496645',2134,,1221,36,,,0
3019,'1496646',1734,,1222,36,,,0
3019,'1496647',1034,,1223,36,,,0
3019,'1496651',1534,,1227,36,,,0
3019,'1496656',2034,,1232,36,,,0
3019,'1496659',2332,,1235,36,,,0
