1019,'1496918',1406,,576,68,,,0
1019,'1496921',2006,,577,68,,,0
1019,'1496922',806,,578,68,,,0
1019,'1496923',706,,579,68,,,0
1019,'1496924',2106,,580,68,,,0
1019,'1496928',1106,,581,68,,,0
1019,'1496930',1506,,582,68,,,0
1019,'1496933',1706,,583,68,,,0
1019,'1496935',1206,,584,68,,,0
1019,'1496938',2206,,585,68,,,0
1019,'1496940',1606,,586,68,,,0
1019,'1496941',1806,,587,68,,,0
1019,'1496945',1006,,588,68,,,0
1019,'1496946',906,,589,68,,,0
1019,'1496949',1306,,590,68,,,0
1019,'1496950',1906,,591,68,,,0
1019,'1496951',2355,,592,68,,,0
1019,'1496952',2306,,593,68,,,0
