2029,'1492022',2039,,280,86,,,0
2029,'1492026',939,,281,86,,,0
2029,'1492029',1439,,282,86,,,0
2029,'1492030',1239,,283,86,,,0
2029,'1492031',1839,,284,86,,,0
2029,'1492033',1309,,285,86,,,0
2029,'1492035',1609,,286,86,,,0
2029,'1492039',1009,,287,86,,,0
2029,'1492041',2239,,288,86,,,0
2029,'1492044',839,,289,86,,,0
2029,'1492046',1639,,290,86,,,0
2029,'1492047',1509,,291,86,,,0
2029,'1492049',2334,,292,86,,,0
2029,'1492050',1109,,293,86,,,0
2029,'1492051',739,,294,86,,,0
2029,'1492052',1339,,295,86,,,0
2029,'1492054',1939,,296,86,,,0
2029,'1492056',1709,,297,86,,,0
2029,'1492059',1539,,298,86,,,0
2029,'1492060',1409,,299,86,,,0
2029,'1492061',809,,300,86,,,0
2029,'1492063',1739,,301,86,,,0
2029,'1492065',1039,,302,86,,,0
2029,'1492070',909,,303,86,,,0
2029,'1492071',2139,,304,86,,,0
2029,'1492072',1209,,305,86,,,0
2029,'1492073',1139,,306,86,,,0
2029,'1492076',1809,,307,86,,,0
2029,'1492081',639,,308,50,,,0
2029,'1496956',1739,,630,87,,,0
2029,'1496959',1139,,631,87,,,0
2029,'1496960',2239,,632,87,,,0
2029,'1496963',2334,,633,87,,,0
2029,'1496964',1039,,634,87,,,0
2029,'1496965',2039,,635,87,,,0
2029,'1496966',939,,636,87,,,0
2029,'1496967',1539,,637,87,,,0
2029,'1496969',2139,,638,87,,,0
2029,'1496971',1839,,639,87,,,0
2029,'1496972',1239,,640,87,,,0
2029,'1496976',1439,,641,87,,,0
2029,'1496977',839,,642,87,,,0
2029,'1496978',1339,,643,87,,,0
2029,'1496980',1939,,644,87,,,0
2029,'1496982',1639,,645,87,,,0
2029,'1496985',739,,646,87,,,0
