2029,'1492022',1953,,280,15,,,0
2029,'1492026',853,,281,15,,,0
2029,'1492029',1353,,282,15,,,0
2029,'1492030',1153,,283,15,,,0
2029,'1492031',1753,,284,15,,,0
2029,'1492033',1223,,285,15,,,0
2029,'1492035',1523,,286,15,,,0
2029,'1492039',923,,287,15,,,0
2029,'1492041',2153,,288,15,,,0
2029,'1492044',753,,289,15,,,0
2029,'1492046',1553,,290,15,,,0
2029,'1492047',1423,,291,15,,,0
2029,'1492049',2252,,292,15,,,0
2029,'1492050',1023,,293,15,,,0
2029,'1492051',653,,294,15,,,0
2029,'1492052',1253,,295,15,,,0
2029,'1492054',1853,,296,15,,,0
2029,'1492056',1623,,297,15,,,0
2029,'1492059',1453,,298,15,,,0
2029,'1492060',1323,,299,15,,,0
2029,'1492061',723,,300,15,,,0
2029,'1492063',1653,,301,15,,,0
2029,'1492065',953,,302,15,,,0
2029,'1492070',823,,303,15,,,0
2029,'1492071',2053,,304,15,,,0
2029,'1492072',1123,,305,15,,,0
2029,'1492073',1053,,306,15,,,0
2029,'1492076',1723,,307,15,,,0
2029,'1496956',1654,,630,15,,,0
2029,'1496959',1054,,631,15,,,0
2029,'1496960',2154,,632,15,,,0
2029,'1496963',2251,,633,15,,,0
2029,'1496964',954,,634,15,,,0
2029,'1496965',1954,,635,15,,,0
2029,'1496966',854,,636,15,,,0
2029,'1496967',1454,,637,15,,,0
2029,'1496969',2054,,638,15,,,0
2029,'1496971',1754,,639,15,,,0
2029,'1496972',1154,,640,15,,,0
2029,'1496976',1354,,641,15,,,0
2029,'1496977',754,,642,15,,,0
2029,'1496978',1254,,643,15,,,0
2029,'1496980',1854,,644,15,,,0
2029,'1496982',1554,,645,15,,,0
2029,'1496985',654,,646,15,,,0
10019,'1492131',1235,5,574,3,,,0,85,,574,7,,,0
10019,'1492132',1535,5,575,3,,,0,85,,575,7,,,0
