2029,'1492022',2107,,280,126,,,0
2029,'1492026',1007,,281,126,,,0
2029,'1492029',1507,,282,126,,,0
2029,'1492030',1307,,283,126,,,0
2029,'1492031',1907,,284,126,,,0
2029,'1492033',1337,,285,126,,,0
2029,'1492035',1637,,286,126,,,0
2029,'1492039',1037,,287,126,,,0
2029,'1492041',2307,,288,126,,,0
2029,'1492044',907,,289,126,,,0
2029,'1492046',1707,,290,126,,,0
2029,'1492047',1537,,291,126,,,0
2029,'1492049',2357,,292,126,,,0
2029,'1492050',1137,,293,126,,,0
2029,'1492051',807,,294,126,,,0
2029,'1492052',1407,,295,126,,,0
2029,'1492054',2007,,296,126,,,0
2029,'1492056',1737,,297,126,,,0
2029,'1492059',1607,,298,126,,,0
2029,'1492060',1437,,299,126,,,0
2029,'1492061',837,,300,126,,,0
2029,'1492063',1807,,301,126,,,0
2029,'1492065',1107,,302,126,,,0
2029,'1492070',937,,303,126,,,0
2029,'1492071',2207,,304,126,,,0
2029,'1492072',1237,,305,126,,,0
2029,'1492073',1207,,306,126,,,0
2029,'1492076',1837,,307,126,,,0
2029,'1492081',707,,308,90,,,0
2029,'1496956',1807,,630,127,,,0
2029,'1496959',1207,,631,127,,,0
2029,'1496960',2307,,632,127,,,0
2029,'1496963',2357,,633,127,,,0
2029,'1496964',1107,,634,127,,,0
2029,'1496965',2107,,635,127,,,0
2029,'1496966',1007,,636,127,,,0
2029,'1496967',1607,,637,127,,,0
2029,'1496969',2207,,638,127,,,0
2029,'1496971',1907,,639,127,,,0
2029,'1496972',1307,,640,127,,,0
2029,'1496976',1507,,641,127,,,0
2029,'1496977',907,,642,127,,,0
2029,'1496978',1407,,643,127,,,0
2029,'1496980',2007,,644,127,,,0
2029,'1496982',1707,,645,127,,,0
2029,'1496985',807,,646,127,,,0
