2019,'1496174',1315,,878,111,,,0
2019,'1496175',1445,,879,111,,,0
2019,'1496179',1415,,880,111,,,0
2019,'1496181',1545,,881,111,,,0
2019,'1496183',1045,,882,111,,,0
2019,'1496184',1615,,883,111,,,0
2019,'1496185',1015,,884,111,,,0
2019,'1496187',1215,,885,111,,,0
2019,'1496188',945,,886,111,,,0
2019,'1496189',915,,887,111,,,0
2019,'1496191',1115,,888,111,,,0
2019,'1496194',1645,,889,111,,,0
2019,'1496198',815,,890,111,,,0
2019,'1496200',1815,,891,111,,,0
2019,'1496204',1515,,892,111,,,0
2019,'1496206',1145,,893,111,,,0
2019,'1496208',1245,,894,111,,,0
2019,'1496209',1715,,895,111,,,0
2019,'1496210',1845,,896,111,,,0
2019,'1496211',1745,,897,111,,,0
2019,'1496215',845,,898,111,,,0
2019,'1496216',1345,,899,111,,,0
2019,'1496218',745,,900,111,,,0
2019,'1496219',615,,901,25,,,0
2019,'1496220',645,,902,79,,,0
2019,'1496223',2330,,903,111,,,0
2019,'1496224',1315,,904,111,,,0
2019,'1496225',1445,,905,111,,,0
2019,'1496227',2230,,906,111,,,0
2019,'1496228',1930,,907,111,,,0
2019,'1496232',1415,,908,111,,,0
2019,'1496234',1545,,909,111,,,0
2019,'1496236',1045,,910,111,,,0
2019,'1496237',1615,,911,111,,,0
2019,'1496238',1015,,912,111,,,0
2019,'1496240',1215,,913,111,,,0
2019,'1496242',945,,914,111,,,0
2019,'1496243',915,,915,111,,,0
2019,'1496245',1115,,916,111,,,0
2019,'1496248',1645,,917,111,,,0
2019,'1496253',2130,,918,111,,,0
2019,'1496255',815,,919,111,,,0
2019,'1496257',1815,,920,111,,,0
2019,'1496262',1515,,922,111,,,0
2019,'1496264',1145,,923,111,,,0
2019,'1496266',1245,,924,111,,,0
2019,'1496267',1715,,925,111,,,0
2019,'1496268',1845,,926,111,,,0
2019,'1496269',1745,,927,111,,,0
2019,'1496274',845,,928,111,,,0
2019,'1496275',1345,,929,111,,,0
2019,'1496277',745,,930,111,,,0
2019,'1496278',615,,931,25,,,0
2019,'1496279',645,,932,89,,,0
2019,'1496280',2030,,933,111,,,0
2019,'1496490',1830,,934,111,,,0
2019,'1496491',2230,,935,111,,,0
2019,'1496492',1430,,936,111,,,0
2019,'1496494',1230,,937,111,,,0
2019,'1496495',1530,,938,111,,,0
2019,'1496498',2130,,939,111,,,0
2019,'1496499',830,,940,111,,,0
2019,'1496505',1330,,941,111,,,0
2019,'1496507',2330,,942,111,,,0
2019,'1496510',1630,,943,111,,,0
2019,'1496511',1930,,944,111,,,0
2019,'1496512',1130,,945,111,,,0
2019,'1496516',1030,,946,111,,,0
2019,'1496518',930,,947,111,,,0
2019,'1496520',1730,,948,111,,,0
2019,'1496521',2030,,949,111,,,0
2019,'1496523',730,,950,111,,,0
2019,'1496524',700,,951,79,,,0
2019,'1496594',1830,,953,111,,,0
2019,'1496595',2230,,954,111,,,0
2019,'1496596',1430,,955,111,,,0
2019,'1496598',1230,,956,111,,,0
2019,'1496599',1530,,957,111,,,0
2019,'1496602',2130,,958,111,,,0
2019,'1496603',830,,959,111,,,0
2019,'1496609',1330,,960,111,,,0
2019,'1496613',1630,,961,111,,,0
2019,'1496614',1930,,962,111,,,0
2019,'1496615',1130,,963,111,,,0
2019,'1496619',1030,,964,111,,,0
2019,'1496621',930,,965,111,,,0
2019,'1496623',1730,,966,111,,,0
2019,'1496624',2030,,967,111,,,0
2019,'1496625',800,,968,79,,,0
