2019,'1492023',2241,,191,37,,,0
2019,'1492024',1226,,192,37,,,0
2019,'1492025',1356,,193,37,,,0
2019,'1492027',2141,,194,37,,,0
2019,'1492028',1841,,195,37,,,0
2019,'1492032',1326,,196,37,,,0
2019,'1492034',1456,,197,37,,,0
2019,'1492036',956,,198,37,,,0
2019,'1492037',1526,,199,37,,,0
2019,'1492038',926,,200,37,,,0
2019,'1492040',1126,,201,37,,,0
2019,'1492042',856,,202,37,,,0
2019,'1492043',826,,203,37,,,0
2019,'1492045',1026,,204,37,,,0
2019,'1492048',1556,,205,37,,,0
2019,'1492053',2041,,206,37,,,0
2019,'1492055',726,,207,37,,,0
2019,'1492057',1726,,208,37,,,0
2019,'1492058',2339,,209,37,,,0
2019,'1492062',1426,,210,37,,,0
2019,'1492064',1056,,211,37,,,0
2019,'1492066',1156,,212,37,,,0
2019,'1492067',1626,,213,37,,,0
2019,'1492068',1756,,214,37,,,0
2019,'1492069',1656,,215,37,,,0
2019,'1492074',756,,216,37,,,0
2019,'1492075',1256,,217,37,,,0
2019,'1492077',656,,218,37,,,0
2019,'1492079',556,,220,15,,,0
2019,'1492080',1941,,221,37,,,0
2019,'1496953',1740,,611,38,,,0
2019,'1496954',2140,,612,38,,,0
2019,'1496955',1340,,613,38,,,0
2019,'1496957',1140,,614,38,,,0
2019,'1496958',1440,,615,38,,,0
2019,'1496961',2040,,616,38,,,0
2019,'1496962',740,,617,38,,,0
2019,'1496968',1240,,618,38,,,0
2019,'1496970',2240,,619,38,,,0
2019,'1496973',1540,,620,38,,,0
2019,'1496974',1840,,621,38,,,0
2019,'1496975',1040,,622,38,,,0
2019,'1496979',940,,623,38,,,0
2019,'1496981',840,,624,38,,,0
2019,'1496983',1640,,625,38,,,0
2019,'1496984',1940,,626,38,,,0
2019,'1496986',640,,627,38,,,0
2019,'1496987',610,,628,6,,,0
2019,'1496988',2339,,629,38,,,0
