2029,'1492022',2032,,280,76,,,0
2029,'1492026',932,,281,76,,,0
2029,'1492029',1432,,282,76,,,0
2029,'1492030',1232,,283,76,,,0
2029,'1492031',1832,,284,76,,,0
2029,'1492033',1302,,285,76,,,0
2029,'1492035',1602,,286,76,,,0
2029,'1492039',1002,,287,76,,,0
2029,'1492041',2232,,288,76,,,0
2029,'1492044',832,,289,76,,,0
2029,'1492046',1632,,290,76,,,0
2029,'1492047',1502,,291,76,,,0
2029,'1492049',2328,,292,76,,,0
2029,'1492050',1102,,293,76,,,0
2029,'1492051',732,,294,76,,,0
2029,'1492052',1332,,295,76,,,0
2029,'1492054',1932,,296,76,,,0
2029,'1492056',1702,,297,76,,,0
2029,'1492059',1532,,298,76,,,0
2029,'1492060',1402,,299,76,,,0
2029,'1492061',802,,300,76,,,0
2029,'1492063',1732,,301,76,,,0
2029,'1492065',1032,,302,76,,,0
2029,'1492070',902,,303,76,,,0
2029,'1492071',2132,,304,76,,,0
2029,'1492072',1202,,305,76,,,0
2029,'1492073',1132,,306,76,,,0
2029,'1492076',1802,,307,76,,,0
2029,'1492081',632,,308,40,,,0
2029,'1496956',1732,,630,77,,,0
2029,'1496959',1132,,631,77,,,0
2029,'1496960',2232,,632,77,,,0
2029,'1496963',2328,,633,77,,,0
2029,'1496964',1032,,634,77,,,0
2029,'1496965',2032,,635,77,,,0
2029,'1496966',932,,636,77,,,0
2029,'1496967',1532,,637,77,,,0
2029,'1496969',2132,,638,77,,,0
2029,'1496971',1832,,639,77,,,0
2029,'1496972',1232,,640,77,,,0
2029,'1496976',1432,,641,77,,,0
2029,'1496977',832,,642,77,,,0
2029,'1496978',1332,,643,77,,,0
2029,'1496980',1932,,644,77,,,0
2029,'1496982',1632,,645,77,,,0
2029,'1496985',732,,646,77,,,0
