2019,'1496174',1231,,878,46,,,0
2019,'1496175',1401,,879,46,,,0
2019,'1496179',1331,,880,46,,,0
2019,'1496181',1501,,881,46,,,0
2019,'1496183',1001,,882,46,,,0
2019,'1496184',1531,,883,46,,,0
2019,'1496185',931,,884,46,,,0
2019,'1496187',1131,,885,46,,,0
2019,'1496188',901,,886,46,,,0
2019,'1496189',831,,887,46,,,0
2019,'1496191',1031,,888,46,,,0
2019,'1496194',1601,,889,46,,,0
2019,'1496198',731,,890,46,,,0
2019,'1496200',1731,,891,46,,,0
2019,'1496204',1431,,892,46,,,0
2019,'1496206',1101,,893,46,,,0
2019,'1496208',1201,,894,46,,,0
2019,'1496209',1631,,895,46,,,0
2019,'1496210',1801,,896,46,,,0
2019,'1496211',1701,,897,46,,,0
2019,'1496215',801,,898,46,,,0
2019,'1496216',1301,,899,46,,,0
2019,'1496218',701,,900,46,,,0
2019,'1496220',601,,902,14,,,0
2019,'1496223',2246,,903,46,,,0
2019,'1496224',1231,,904,46,,,0
2019,'1496225',1401,,905,46,,,0
2019,'1496227',2146,,906,46,,,0
2019,'1496228',1846,,907,46,,,0
2019,'1496232',1331,,908,46,,,0
2019,'1496234',1501,,909,46,,,0
2019,'1496236',1001,,910,46,,,0
2019,'1496237',1531,,911,46,,,0
2019,'1496238',931,,912,46,,,0
2019,'1496240',1131,,913,46,,,0
2019,'1496242',901,,914,46,,,0
2019,'1496243',831,,915,46,,,0
2019,'1496245',1031,,916,46,,,0
2019,'1496248',1601,,917,46,,,0
2019,'1496253',2046,,918,46,,,0
2019,'1496255',731,,919,46,,,0
2019,'1496257',1731,,920,46,,,0
2019,'1496258',2345,,921,46,,,0
2019,'1496262',1431,,922,46,,,0
2019,'1496264',1101,,923,46,,,0
2019,'1496266',1201,,924,46,,,0
2019,'1496267',1631,,925,46,,,0
2019,'1496268',1801,,926,46,,,0
2019,'1496269',1701,,927,46,,,0
2019,'1496274',801,,928,46,,,0
2019,'1496275',1301,,929,46,,,0
2019,'1496277',701,,930,46,,,0
2019,'1496279',601,,932,24,,,0
2019,'1496280',1946,,933,46,,,0
2019,'1496490',1746,,934,46,,,0
2019,'1496491',2146,,935,46,,,0
2019,'1496492',1346,,936,46,,,0
2019,'1496494',1146,,937,46,,,0
2019,'1496495',1446,,938,46,,,0
2019,'1496498',2046,,939,46,,,0
2019,'1496499',746,,940,46,,,0
2019,'1496505',1246,,941,46,,,0
2019,'1496507',2246,,942,46,,,0
2019,'1496510',1546,,943,46,,,0
2019,'1496511',1846,,944,46,,,0
2019,'1496512',1046,,945,46,,,0
2019,'1496516',946,,946,46,,,0
2019,'1496518',846,,947,46,,,0
2019,'1496520',1646,,948,46,,,0
2019,'1496521',1946,,949,46,,,0
2019,'1496523',646,,950,46,,,0
2019,'1496524',616,,951,14,,,0
2019,'1496525',2345,,952,46,,,0
2019,'1496594',1746,,953,46,,,0
2019,'1496595',2146,,954,46,,,0
2019,'1496596',1346,,955,46,,,0
2019,'1496598',1146,,956,46,,,0
2019,'1496599',1446,,957,46,,,0
2019,'1496602',2046,,958,46,,,0
2019,'1496603',746,,959,46,,,0
2019,'1496609',1246,,960,46,,,0
2019,'1496613',1546,,961,46,,,0
2019,'1496614',1846,,962,46,,,0
2019,'1496615',1046,,963,46,,,0
2019,'1496619',946,,964,46,,,0
2019,'1496621',846,,965,46,,,0
2019,'1496623',1646,,966,46,,,0
2019,'1496624',1946,,967,46,,,0
2019,'1496625',716,,968,14,,,0
2019,'1496626',2345,,969,46,,,0
2029,'1496221',635,,971,47,,,0
2029,'1496281',635,,972,47,,,0
2029,'1497044',936,,973,84,,,0
2029,'1497045',1436,,974,84,,,0
2029,'1497046',1236,,975,84,,,0
2029,'1497047',1306,,976,84,,,0
2029,'1497048',1606,,977,84,,,0
2029,'1497049',1006,,978,84,,,0
2029,'1497050',836,,979,84,,,0
2029,'1497051',1636,,980,84,,,0
2029,'1497052',1506,,981,84,,,0
2029,'1497053',1106,,982,84,,,0
2029,'1497054',736,,983,84,,,0
2029,'1497055',1336,,984,84,,,0
2029,'1497056',1706,,985,84,,,0
2029,'1497057',1536,,986,84,,,0
2029,'1497058',1406,,987,84,,,0
2029,'1497059',806,,988,84,,,0
2029,'1497060',1736,,989,84,,,0
2029,'1497061',1036,,990,84,,,0
2029,'1497062',906,,991,84,,,0
2029,'1497063',1206,,992,84,,,0
2029,'1497064',1136,,993,84,,,0
2029,'1497065',1806,,994,84,,,0
2029,'1497066',2036,,995,84,,,0
2029,'1497067',936,,996,84,,,0
2029,'1497068',1436,,997,84,,,0
2029,'1497069',1236,,998,84,,,0
2029,'1497070',1836,,999,84,,,0
2029,'1497071',1306,,1000,84,,,0
2029,'1497072',1606,,1001,84,,,0
2029,'1497073',1006,,1002,84,,,0
2029,'1497074',2236,,1003,84,,,0
2029,'1497075',836,,1004,84,,,0
2029,'1497076',1636,,1005,84,,,0
2029,'1497077',1506,,1006,84,,,0
2029,'1497078',2332,,1007,84,,,0
2029,'1497079',1106,,1008,84,,,0
2029,'1497080',736,,1009,84,,,0
2029,'1497081',1336,,1010,84,,,0
2029,'1497082',1936,,1011,84,,,0
2029,'1497083',1706,,1012,84,,,0
2029,'1497084',1536,,1013,84,,,0
2029,'1497085',1406,,1014,84,,,0
2029,'1497086',806,,1015,84,,,0
2029,'1497087',1736,,1016,84,,,0
2029,'1497088',1036,,1017,84,,,0
2029,'1497089',906,,1018,84,,,0
2029,'1497090',2136,,1019,84,,,0
2029,'1497091',1206,,1020,84,,,0
2029,'1497092',1136,,1021,84,,,0
2029,'1497093',1806,,1022,84,,,0
2029,'1497094',1736,,1023,84,,,0
2029,'1497095',1136,,1024,84,,,0
2029,'1497096',2236,,1025,84,,,0
2029,'1497097',2332,,1026,84,,,0
2029,'1497098',1036,,1027,84,,,0
2029,'1497099',2036,,1028,84,,,0
2029,'1497100',936,,1029,84,,,0
2029,'1497101',1536,,1030,84,,,0
2029,'1497102',2136,,1031,84,,,0
2029,'1497103',1836,,1032,84,,,0
2029,'1497104',1236,,1033,84,,,0
2029,'1497105',1436,,1034,84,,,0
2029,'1497106',836,,1035,84,,,0
2029,'1497107',1336,,1036,84,,,0
2029,'1497108',1936,,1037,84,,,0
2029,'1497109',1636,,1038,84,,,0
2029,'1497110',736,,1039,84,,,0
2029,'1497111',1736,,1040,84,,,0
2029,'1497112',1136,,1041,84,,,0
2029,'1497113',2236,,1042,84,,,0
2029,'1497114',2332,,1043,84,,,0
2029,'1497115',1036,,1044,84,,,0
2029,'1497116',2036,,1045,84,,,0
2029,'1497117',936,,1046,84,,,0
2029,'1497118',1536,,1047,84,,,0
2029,'1497119',2136,,1048,84,,,0
2029,'1497120',1836,,1049,84,,,0
2029,'1497121',1236,,1050,84,,,0
2029,'1497122',1436,,1051,84,,,0
2029,'1497123',836,,1052,84,,,0
2029,'1497124',1336,,1053,84,,,0
2029,'1497125',1936,,1054,84,,,0
2029,'1497126',1636,,1055,84,,,0
3019,'1496125',1631,,1056,97,,,0
3019,'1496126',842,,1057,38,0,5,0
3019,'1496127',1042,,1058,38,0,5,0
3019,'1496128',1801,,1059,97,,,0
3019,'1496129',931,,1060,97,,,0
3019,'1496130',801,,1061,97,,,0
3019,'1496131',1701,,1062,97,,,0
3019,'1496132',1112,,1063,38,0,5,0
3019,'1496133',1231,,1064,97,,,0
3019,'1496134',1201,,1065,97,,,0
3019,'1496135',1642,,1066,38,0,5,0
3019,'1496136',831,,1067,97,,,0
3019,'1496137',1442,,1068,38,0,5,0
3019,'1496138',1001,,1069,97,,,0
3019,'1496139',1212,,1070,38,0,5,0
3019,'1496140',742,,1071,38,0,5,0
3019,'1496141',1431,,1072,97,,,0
3019,'1496142',1401,,1073,97,,,0
3019,'1496143',712,,1074,38,0,5,0
3019,'1496144',1531,,1075,97,,,0
3019,'1496145',1742,,1076,38,0,5,0
3019,'1496146',1331,,1077,97,,,0
3019,'1496147',1312,,1078,38,0,5,0
3019,'1496148',1012,,1079,38,0,5,0
3019,'1496149',1242,,1080,38,0,5,0
3019,'1496150',1342,,1081,38,0,5,0
3019,'1496151',901,,1082,97,,,0
3019,'1496152',812,,1083,38,0,5,0
3019,'1496153',1831,,1084,97,,,0
3019,'1496154',1501,,1085,97,,,0
3019,'1496155',1101,,1086,97,,,0
3019,'1496156',942,,1087,38,0,5,0
3019,'1496157',1612,,1088,38,0,5,0
3019,'1496158',1412,,1089,38,0,5,0
3019,'1496159',1131,,1090,97,,,0
3019,'1496160',1712,,1091,38,0,5,0
3019,'1496161',1142,,1092,38,0,5,0
3019,'1496162',1512,,1093,38,0,5,0
3019,'1496164',1301,,1095,97,,,0
3019,'1496165',1731,,1096,97,,,0
3019,'1496166',1542,,1097,38,0,5,0
3019,'1496167',1031,,1098,97,,,0
3019,'1496168',1601,,1099,97,,,0
3019,'1496169',912,,1100,38,0,5,0
3019,'1496170',601,,1101,7,,,0
3019,'1496171',631,,1102,41,,,0
3019,'1496172',612,,1103,7,0,5,0
3019,'1496173',731,,1104,97,,,0
3019,'1496374',1631,,1105,97,,,0
3019,'1496375',842,,1106,38,0,5,0
3019,'1496376',1042,,1107,38,0,5,0
3019,'1496377',1801,,1108,97,,,0
3019,'1496378',2116,,1109,97,,,0
3019,'1496379',2112,,1110,38,0,5,0
3019,'1496380',931,,1111,97,,,0
3019,'1496381',801,,1112,97,,,0
3019,'1496382',1701,,1113,97,,,0
3019,'1496383',2212,,1114,38,0,5,0
3019,'1496384',1112,,1115,38,0,5,0
3019,'1496385',1231,,1116,97,,,0
3019,'1496386',1201,,1117,97,,,0
3019,'1496387',1642,,1118,38,0,5,0
3019,'1496388',831,,1119,97,,,0
3019,'1496389',2310,,1120,38,0,5,0
3019,'1496390',1442,,1121,38,0,5,0
3019,'1496391',1912,,1122,38,0,5,0
3019,'1496392',1001,,1123,97,,,0
3019,'1496393',1212,,1124,38,0,5,0
3019,'1496394',742,,1125,38,0,5,0
3019,'1496395',2316,,1126,97,,,0
3019,'1496396',1431,,1127,97,,,0
3019,'1496397',2012,,1128,38,0,5,0
3019,'1496398',1401,,1129,97,,,0
3019,'1496399',712,,1130,38,0,5,0
3019,'1496400',1531,,1131,97,,,0
3019,'1496401',1742,,1132,38,0,5,0
3019,'1496402',1331,,1133,97,,,0
3019,'1496403',1312,,1134,38,0,5,0
3019,'1496404',2216,,1135,97,,,0
3019,'1496405',1812,,1136,38,0,5,0
3019,'1496406',1012,,1137,38,0,5,0
3019,'1496407',1242,,1138,38,0,5,0
3019,'1496408',1342,,1139,38,0,5,0
3019,'1496409',901,,1140,97,,,0
3019,'1496410',812,,1141,38,0,5,0
3019,'1496411',1831,,1142,97,,,0
3019,'1496412',1501,,1143,97,,,0
3019,'1496413',1101,,1144,97,,,0
3019,'1496414',942,,1145,38,0,5,0
3019,'1496415',1612,,1146,38,0,5,0
3019,'1496416',1412,,1147,38,0,5,0
3019,'1496417',1131,,1148,97,,,0
3019,'1496418',1712,,1149,38,0,5,0
3019,'1496419',1142,,1150,38,0,5,0
3019,'1496420',1512,,1151,38,0,5,0
3019,'1496422',1301,,1153,97,,,0
3019,'1496423',1731,,1154,97,,,0
3019,'1496424',1542,,1155,38,0,5,0
3019,'1496425',1031,,1156,97,,,0
3019,'1496426',1601,,1157,97,,,0
3019,'1496427',1916,,1158,97,,,0
3019,'1496428',912,,1159,38,0,5,0
3019,'1496430',601,,1161,7,,,0
3019,'1496431',631,,1162,41,,,0
3019,'1496432',2016,,1163,97,,,0
3019,'1496433',612,,1164,7,0,5,0
3019,'1496434',731,,1165,97,,,0
3019,'1496453',816,,1166,97,,,0
3019,'1496454',1712,,1167,38,0,5,0
3019,'1496455',1516,,1168,97,,,0
3019,'1496456',2212,,1169,38,0,5,0
3019,'1496457',916,,1170,97,,,0
3019,'1496458',1216,,1171,97,,,0
3019,'1496459',2316,,1172,97,,,0
3019,'1496460',1916,,1173,97,,,0
3019,'1496461',1912,,1174,38,0,5,0
3019,'1496462',1412,,1175,38,0,5,0
3019,'1496463',1416,,1176,97,,,0
3019,'1496464',2012,,1177,38,0,5,0
3019,'1496465',2016,,1178,97,,,0
3019,'1496466',2310,,1179,38,0,5,0
3019,'1496467',1716,,1180,97,,,0
3019,'1496468',1016,,1181,97,,,0
3019,'1496469',1316,,1182,97,,,0
3019,'1496470',1812,,1183,38,0,5,0
3019,'1496471',712,,1184,38,0,5,0
3019,'1496472',912,,1185,38,0,5,0
3019,'1496473',2216,,1186,97,,,0
3019,'1496474',1816,,1187,97,,,0
3019,'1496475',1116,,1188,97,,,0
3019,'1496476',1012,,1189,38,0,5,0
3019,'1496477',1312,,1190,38,0,5,0
3019,'1496478',1612,,1191,38,0,5,0
3019,'1496479',1616,,1192,97,,,0
3019,'1496480',1112,,1193,38,0,5,0
3019,'1496481',1512,,1194,38,0,5,0
3019,'1496482',2112,,1195,38,0,5,0
3019,'1496483',812,,1196,38,0,5,0
3019,'1496484',2116,,1197,97,,,0
3019,'1496485',1212,,1198,38,0,5,0
3019,'1496486',646,,1199,41,,,0
3019,'1496488',716,,1201,97,,,0
3019,'1496627',816,,1203,97,,,0
3019,'1496628',1712,,1204,38,0,5,0
3019,'1496629',1516,,1205,97,,,0
3019,'1496630',2212,,1206,38,0,5,0
3019,'1496631',916,,1207,97,,,0
3019,'1496632',1216,,1208,97,,,0
3019,'1496633',1916,,1209,97,,,0
3019,'1496634',1912,,1210,38,0,5,0
3019,'1496635',1412,,1211,38,0,5,0
3019,'1496636',1416,,1212,97,,,0
3019,'1496637',2012,,1213,38,0,5,0
3019,'1496638',2016,,1214,97,,,0
3019,'1496639',2310,,1215,38,0,5,0
3019,'1496640',1716,,1216,97,,,0
3019,'1496641',1016,,1217,97,,,0
3019,'1496642',1316,,1218,97,,,0
3019,'1496643',1812,,1219,38,0,5,0
3019,'1496644',912,,1220,38,0,5,0
3019,'1496645',2216,,1221,97,,,0
3019,'1496646',1816,,1222,97,,,0
3019,'1496647',1116,,1223,97,,,0
3019,'1496648',1012,,1224,38,0,5,0
3019,'1496649',1312,,1225,38,0,5,0
3019,'1496650',1612,,1226,38,0,5,0
3019,'1496651',1616,,1227,97,,,0
3019,'1496652',1112,,1228,38,0,5,0
3019,'1496653',1512,,1229,38,0,5,0
3019,'1496654',2112,,1230,38,0,5,0
3019,'1496655',812,,1231,38,0,5,0
3019,'1496656',2116,,1232,97,,,0
3019,'1496657',1212,,1233,38,0,5,0
3019,'1496658',746,,1234,41,,,0
