3019,'1491899',1539,,370,18,,,0
3019,'1491900',1709,,371,18,,,0
3019,'1491901',2024,,372,18,,,0
3019,'1491902',839,,373,18,,,0
3019,'1491903',709,,374,18,,,0
3019,'1491904',1609,,375,18,,,0
3019,'1491905',1139,,376,18,,,0
3019,'1491906',1109,,377,18,,,0
3019,'1491907',739,,378,18,,,0
3019,'1491908',909,,379,18,,,0
3019,'1491909',2224,,380,18,,,0
3019,'1491910',1339,,381,18,,,0
3019,'1491911',1309,,382,18,,,0
3019,'1491912',1439,,383,18,,,0
3019,'1491913',1239,,384,18,,,0
3019,'1491914',2124,,385,18,,,0
3019,'1491915',809,,386,18,,,0
3019,'1491916',1739,,387,18,,,0
3019,'1491917',1409,,388,18,,,0
3019,'1491918',1009,,389,18,,,0
3019,'1491919',1039,,390,18,,,0
3019,'1491920',1209,,391,18,,,0
3019,'1491921',1639,,392,18,,,0
3019,'1491922',939,,393,18,,,0
3019,'1491923',1509,,394,18,,,0
3019,'1491924',1824,,395,18,,,0
3019,'1491925',2322,,396,18,,,0
3019,'1491928',1924,,399,18,,,0
3019,'1492021',639,,400,18,,,0
3019,'1496989',724,,647,17,,,0
3019,'1496991',1424,,649,17,,,0
3019,'1496993',824,,651,17,,,0
3019,'1496994',1124,,652,17,,,0
3019,'1496995',2224,,653,17,,,0
3019,'1496996',1824,,654,17,,,0
3019,'1496999',1324,,657,17,,,0
3019,'1497001',1924,,659,17,,,0
3019,'1497003',1624,,661,17,,,0
3019,'1497004',924,,662,17,,,0
3019,'1497005',1224,,663,17,,,0
3019,'1497009',2124,,667,17,,,0
3019,'1497010',1724,,668,17,,,0
3019,'1497011',1024,,669,17,,,0
3019,'1497015',1524,,673,17,,,0
3019,'1497020',2024,,678,17,,,0
3019,'1497023',2322,,681,17,,,0
3019,'1497024',624,,682,17,,,0
