2029,'1492022',2100,,280,119,,,0
2029,'1492026',1000,,281,119,,,0
2029,'1492029',1500,,282,119,,,0
2029,'1492030',1300,,283,119,,,0
2029,'1492031',1900,,284,119,,,0
2029,'1492033',1330,,285,119,,,0
2029,'1492035',1630,,286,119,,,0
2029,'1492039',1030,,287,119,,,0
2029,'1492041',2300,,288,119,,,0
2029,'1492044',900,,289,119,,,0
2029,'1492046',1700,,290,119,,,0
2029,'1492047',1530,,291,119,,,0
2029,'1492049',2352,,292,119,,,0
2029,'1492050',1130,,293,119,,,0
2029,'1492051',800,,294,119,,,0
2029,'1492052',1400,,295,119,,,0
2029,'1492054',2000,,296,119,,,0
2029,'1492056',1730,,297,119,,,0
2029,'1492059',1600,,298,119,,,0
2029,'1492060',1430,,299,119,,,0
2029,'1492061',830,,300,119,,,0
2029,'1492063',1800,,301,119,,,0
2029,'1492065',1100,,302,119,,,0
2029,'1492070',930,,303,119,,,0
2029,'1492071',2200,,304,119,,,0
2029,'1492072',1230,,305,119,,,0
2029,'1492073',1200,,306,119,,,0
2029,'1492076',1830,,307,119,,,0
2029,'1492081',700,,308,83,,,0
2029,'1496956',1800,,630,120,,,0
2029,'1496959',1200,,631,120,,,0
2029,'1496960',2300,,632,120,,,0
2029,'1496963',2352,,633,120,,,0
2029,'1496964',1100,,634,120,,,0
2029,'1496965',2100,,635,120,,,0
2029,'1496966',1000,,636,120,,,0
2029,'1496967',1600,,637,120,,,0
2029,'1496969',2200,,638,120,,,0
2029,'1496971',1900,,639,120,,,0
2029,'1496972',1300,,640,120,,,0
2029,'1496976',1500,,641,120,,,0
2029,'1496977',900,,642,120,,,0
2029,'1496978',1400,,643,120,,,0
2029,'1496980',2000,,644,120,,,0
2029,'1496982',1700,,645,120,,,0
2029,'1496985',800,,646,120,,,0
