3029,'1488281',1654,,401,18,,,0
3029,'1488283',2154,,402,18,,,0
3029,'1488287',1854,,403,18,,,0
3029,'1488288',1354,,404,18,,,0
3029,'1488290',1954,,405,18,,,0
3029,'1488292',2254,,406,18,,,0
3029,'1488296',1754,,407,18,,,0
3029,'1488297',854,,408,18,,,0
3029,'1488301',954,,409,18,,,0
3029,'1488302',1254,,410,18,,,0
3029,'1488303',1554,,411,18,,,0
3029,'1488305',1054,,412,18,,,0
3029,'1488306',1454,,413,18,,,0
3029,'1488307',2054,,414,18,,,0
3029,'1488308',754,,415,18,,,0
3029,'1488310',1154,,416,18,,,0
3029,'1488452',1654,,418,18,,,0
3029,'1488454',2154,,419,18,,,0
3029,'1488459',1854,,420,18,,,0
3029,'1488460',1354,,421,18,,,0
3029,'1488462',1954,,422,18,,,0
3029,'1488464',2254,,423,18,,,0
3029,'1488468',1754,,424,18,,,0
3029,'1488469',654,,425,18,,,0
3029,'1488470',854,,426,18,,,0
3029,'1488474',954,,427,18,,,0
3029,'1488475',1254,,428,18,,,0
3029,'1488476',1554,,429,18,,,0
3029,'1488478',1054,,430,18,,,0
3029,'1488479',1454,,431,18,,,0
3029,'1488480',2054,,432,18,,,0
3029,'1488481',754,,433,18,,,0
3029,'1488483',1154,,434,18,,,0
3029,'1488507',824,,436,18,,,0
3029,'1488508',1024,,437,18,,,0
3029,'1488511',2054,,438,18,,,0
3029,'1488515',2154,,439,18,,,0
3029,'1488516',1054,,440,18,,,0
3029,'1488519',1624,,441,18,,,0
3029,'1488521',2254,,442,18,,,0
3029,'1488522',1424,,443,18,,,0
3029,'1488523',1854,,444,18,,,0
3029,'1488525',1154,,445,18,,,0
3029,'1488526',724,,446,18,,,0
3029,'1488529',1954,,447,18,,,0
3029,'1488531',654,,448,18,,,0
3029,'1488533',1724,,449,18,,,0
3029,'1488535',1254,,450,18,,,0
3029,'1488537',1754,,451,18,,,0
3029,'1488538',954,,452,18,,,0
3029,'1488539',1224,,453,18,,,0
3029,'1488540',1324,,454,18,,,0
3029,'1488542',754,,455,18,,,0
3029,'1488546',924,,456,18,,,0
3029,'1488547',1554,,457,18,,,0
3029,'1488548',1354,,458,18,,,0
3029,'1488550',1654,,459,18,,,0
3029,'1488551',1124,,460,18,,,0
3029,'1488552',1454,,461,18,,,0
3029,'1488556',1524,,463,18,,,0
3029,'1488560',854,,464,18,,,0
3029,'1488791',824,,466,18,,,0
3029,'1488792',1024,,467,18,,,0
3029,'1488797',1054,,468,18,,,0
3029,'1488800',1624,,469,18,,,0
3029,'1488802',1424,,470,18,,,0
3029,'1488804',1154,,471,18,,,0
3029,'1488805',724,,472,18,,,0
3029,'1488808',654,,473,18,,,0
3029,'1488810',1724,,474,18,,,0
3029,'1488812',1254,,475,18,,,0
3029,'1488813',954,,476,18,,,0
3029,'1488814',1224,,477,18,,,0
3029,'1488815',1324,,478,18,,,0
3029,'1488817',754,,479,18,,,0
3029,'1488821',924,,480,18,,,0
3029,'1488822',1554,,481,18,,,0
3029,'1488823',1354,,482,18,,,0
3029,'1488825',1654,,483,18,,,0
3029,'1488826',1124,,484,18,,,0
3029,'1488827',1454,,485,18,,,0
3029,'1488831',1524,,487,18,,,0
3029,'1488834',854,,488,18,,,0
