2019,'1492023',2243,,191,39,,,0
2019,'1492024',1228,,192,39,,,0
2019,'1492025',1358,,193,39,,,0
2019,'1492027',2143,,194,39,,,0
2019,'1492028',1843,,195,39,,,0
2019,'1492032',1328,,196,39,,,0
2019,'1492034',1458,,197,39,,,0
2019,'1492036',958,,198,39,,,0
2019,'1492037',1528,,199,39,,,0
2019,'1492038',928,,200,39,,,0
2019,'1492040',1128,,201,39,,,0
2019,'1492042',858,,202,39,,,0
2019,'1492043',828,,203,39,,,0
2019,'1492045',1028,,204,39,,,0
2019,'1492048',1558,,205,39,,,0
2019,'1492053',2043,,206,39,,,0
2019,'1492055',728,,207,39,,,0
2019,'1492057',1728,,208,39,,,0
2019,'1492058',2340,,209,39,,,0
2019,'1492062',1428,,210,39,,,0
2019,'1492064',1058,,211,39,,,0
2019,'1492066',1158,,212,39,,,0
2019,'1492067',1628,,213,39,,,0
2019,'1492068',1758,,214,39,,,0
2019,'1492069',1658,,215,39,,,0
2019,'1492074',758,,216,39,,,0
2019,'1492075',1258,,217,39,,,0
2019,'1492077',658,,218,39,,,0
2019,'1492079',558,,220,17,,,0
2019,'1492080',1943,,221,39,,,0
2019,'1496953',1742,,611,40,,,0
2019,'1496954',2142,,612,40,,,0
2019,'1496955',1342,,613,40,,,0
2019,'1496957',1142,,614,40,,,0
2019,'1496958',1442,,615,40,,,0
2019,'1496961',2042,,616,40,,,0
2019,'1496962',742,,617,40,,,0
2019,'1496968',1242,,618,40,,,0
2019,'1496970',2242,,619,40,,,0
2019,'1496973',1542,,620,40,,,0
2019,'1496974',1842,,621,40,,,0
2019,'1496975',1042,,622,40,,,0
2019,'1496979',942,,623,40,,,0
2019,'1496981',842,,624,40,,,0
2019,'1496983',1642,,625,40,,,0
2019,'1496984',1942,,626,40,,,0
2019,'1496986',642,,627,40,,,0
2019,'1496987',612,,628,8,,,0
2019,'1496988',2341,,629,40,,,0
