2019,'1492023',2239,,191,34,,,0
2019,'1492024',1224,,192,34,,,0
2019,'1492025',1354,,193,34,,,0
2019,'1492027',2139,,194,34,,,0
2019,'1492028',1839,,195,34,,,0
2019,'1492032',1324,,196,34,,,0
2019,'1492034',1454,,197,34,,,0
2019,'1492036',954,,198,34,,,0
2019,'1492037',1524,,199,34,,,0
2019,'1492038',924,,200,34,,,0
2019,'1492040',1124,,201,34,,,0
2019,'1492042',854,,202,34,,,0
2019,'1492043',824,,203,34,,,0
2019,'1492045',1024,,204,34,,,0
2019,'1492048',1554,,205,34,,,0
2019,'1492053',2039,,206,34,,,0
2019,'1492055',724,,207,34,,,0
2019,'1492057',1724,,208,34,,,0
2019,'1492058',2337,,209,34,,,0
2019,'1492062',1424,,210,34,,,0
2019,'1492064',1054,,211,34,,,0
2019,'1492066',1154,,212,34,,,0
2019,'1492067',1624,,213,34,,,0
2019,'1492068',1754,,214,34,,,0
2019,'1492069',1654,,215,34,,,0
2019,'1492074',754,,216,34,,,0
2019,'1492075',1254,,217,34,,,0
2019,'1492077',654,,218,34,,,0
2019,'1492079',554,,220,12,,,0
2019,'1492080',1939,,221,34,,,0
2019,'1496953',1739,,611,35,,,0
2019,'1496954',2139,,612,35,,,0
2019,'1496955',1339,,613,35,,,0
2019,'1496957',1139,,614,35,,,0
2019,'1496958',1439,,615,35,,,0
2019,'1496961',2039,,616,35,,,0
2019,'1496962',739,,617,35,,,0
2019,'1496968',1239,,618,35,,,0
2019,'1496970',2239,,619,35,,,0
2019,'1496973',1539,,620,35,,,0
2019,'1496974',1839,,621,35,,,0
2019,'1496975',1039,,622,35,,,0
2019,'1496979',939,,623,35,,,0
2019,'1496981',839,,624,35,,,0
2019,'1496983',1639,,625,35,,,0
2019,'1496984',1939,,626,35,,,0
2019,'1496986',639,,627,35,,,0
2019,'1496987',609,,628,3,,,0
2019,'1496988',2338,,629,35,,,0
