3019,'1496125',1554,,1056,44,,,0
3019,'1496128',1724,,1059,44,,,0
3019,'1496129',854,,1060,44,,,0
3019,'1496130',724,,1061,44,,,0
3019,'1496131',1624,,1062,44,,,0
3019,'1496133',1154,,1064,44,,,0
3019,'1496134',1124,,1065,44,,,0
3019,'1496136',754,,1067,44,,,0
3019,'1496138',924,,1069,44,,,0
3019,'1496141',1354,,1072,44,,,0
3019,'1496142',1324,,1073,44,,,0
3019,'1496144',1454,,1075,44,,,0
3019,'1496146',1254,,1077,44,,,0
3019,'1496151',824,,1082,44,,,0
3019,'1496153',1754,,1084,44,,,0
3019,'1496154',1424,,1085,44,,,0
3019,'1496155',1024,,1086,44,,,0
3019,'1496159',1054,,1090,44,,,0
3019,'1496164',1224,,1095,44,,,0
3019,'1496165',1654,,1096,44,,,0
3019,'1496167',954,,1098,44,,,0
3019,'1496168',1524,,1099,44,,,0
3019,'1496173',654,,1104,44,,,0
3019,'1496374',1554,,1105,44,,,0
3019,'1496377',1724,,1108,44,,,0
3019,'1496378',2039,,1109,44,,,0
3019,'1496380',854,,1111,44,,,0
3019,'1496381',724,,1112,44,,,0
3019,'1496382',1624,,1113,44,,,0
3019,'1496385',1154,,1116,44,,,0
3019,'1496386',1124,,1117,44,,,0
3019,'1496388',754,,1119,44,,,0
3019,'1496392',924,,1123,44,,,0
3019,'1496395',2239,,1126,44,,,0
3019,'1496396',1354,,1127,44,,,0
3019,'1496398',1324,,1129,44,,,0
3019,'1496400',1454,,1131,44,,,0
3019,'1496402',1254,,1133,44,,,0
3019,'1496404',2139,,1135,44,,,0
3019,'1496409',824,,1140,44,,,0
3019,'1496411',1754,,1142,44,,,0
3019,'1496412',1424,,1143,44,,,0
3019,'1496413',1024,,1144,44,,,0
3019,'1496417',1054,,1148,44,,,0
3019,'1496422',1224,,1153,44,,,0
3019,'1496423',1654,,1154,44,,,0
3019,'1496425',954,,1156,44,,,0
3019,'1496426',1524,,1157,44,,,0
3019,'1496427',1839,,1158,44,,,0
3019,'1496429',2336,,1160,44,,,0
3019,'1496432',1939,,1163,44,,,0
3019,'1496434',654,,1165,44,,,0
3019,'1496453',739,,1166,44,,,0
3019,'1496455',1439,,1168,44,,,0
3019,'1496457',839,,1170,44,,,0
3019,'1496458',1139,,1171,44,,,0
3019,'1496459',2239,,1172,44,,,0
3019,'1496460',1839,,1173,44,,,0
3019,'1496463',1339,,1176,44,,,0
3019,'1496465',1939,,1178,44,,,0
3019,'1496467',1639,,1180,44,,,0
3019,'1496468',939,,1181,44,,,0
3019,'1496469',1239,,1182,44,,,0
3019,'1496473',2139,,1186,44,,,0
3019,'1496474',1739,,1187,44,,,0
3019,'1496475',1039,,1188,44,,,0
3019,'1496479',1539,,1192,44,,,0
3019,'1496484',2039,,1197,44,,,0
3019,'1496487',2336,,1200,44,,,0
3019,'1496488',639,,1201,44,,,0
3019,'1496627',739,,1203,44,,,0
3019,'1496629',1439,,1205,44,,,0
3019,'1496631',839,,1207,44,,,0
3019,'1496632',1139,,1208,44,,,0
3019,'1496633',1839,,1209,44,,,0
3019,'1496636',1339,,1212,44,,,0
3019,'1496638',1939,,1214,44,,,0
3019,'1496640',1639,,1216,44,,,0
3019,'1496641',939,,1217,44,,,0
3019,'1496642',1239,,1218,44,,,0
3019,'1496645',2139,,1221,44,,,0
3019,'1496646',1739,,1222,44,,,0
3019,'1496647',1039,,1223,44,,,0
3019,'1496651',1539,,1227,44,,,0
3019,'1496656',2039,,1232,44,,,0
3019,'1496659',2336,,1235,44,,,0
