4019,'1491929',722,,525,73,,,0
4019,'1491930',2357,,526,73,,,0
4019,'1491931',1122,,527,73,,,0
4019,'1491932',922,,528,73,,,0
4019,'1491933',2107,,529,73,,,0
4019,'1491934',1722,,530,73,,,0
4019,'1491935',1922,,531,73,,,0
4019,'1491936',2207,,532,73,,,0
4019,'1491937',1022,,533,73,,,0
4019,'1491938',1222,,534,73,,,0
4019,'1491939',2007,,535,73,,,0
4019,'1491940',822,,536,73,,,0
4019,'1491941',1622,,537,73,,,0
4019,'1491942',1822,,538,73,,,0
4019,'1491943',1422,,539,73,,,0
4019,'1491944',1522,,540,73,,,0
4019,'1491945',2307,,541,73,,,0
4019,'1491946',1322,,542,73,,,0
4019,'1491947',622,,543,39,,,0
4019,'1497026',907,,684,77,,,0
4019,'1497027',807,,685,77,,,0
4019,'1497028',1707,,686,77,,,0
4019,'1497029',2307,,687,77,,,0
4019,'1497030',1807,,688,77,,,0
4019,'1497031',1507,,689,77,,,0
4019,'1497032',2207,,690,77,,,0
4019,'1497033',1107,,691,77,,,0
4019,'1497034',2007,,692,77,,,0
4019,'1497035',1607,,693,77,,,0
4019,'1497036',1007,,694,77,,,0
4019,'1497037',1907,,695,77,,,0
4019,'1497038',1407,,696,77,,,0
4019,'1497039',707,,697,77,,,0
4019,'1497040',2107,,698,77,,,0
4019,'1497041',1207,,699,77,,,0
4019,'1497042',1307,,700,77,,,0
4019,'1497043',2357,,701,77,,,0
