2019,'1492023',2252,,191,49,,,0
2019,'1492024',1237,,192,49,,,0
2019,'1492025',1407,,193,49,,,0
2019,'1492027',2152,,194,49,,,0
2019,'1492028',1852,,195,49,,,0
2019,'1492032',1337,,196,49,,,0
2019,'1492034',1507,,197,49,,,0
2019,'1492036',1007,,198,49,,,0
2019,'1492037',1537,,199,49,,,0
2019,'1492038',937,,200,49,,,0
2019,'1492040',1137,,201,49,,,0
2019,'1492042',907,,202,49,,,0
2019,'1492043',837,,203,49,,,0
2019,'1492045',1037,,204,49,,,0
2019,'1492048',1607,,205,49,,,0
2019,'1492053',2052,,206,49,,,0
2019,'1492055',737,,207,49,,,0
2019,'1492057',1737,,208,49,,,0
2019,'1492058',2348,,209,49,,,0
2019,'1492062',1437,,210,49,,,0
2019,'1492064',1107,,211,49,,,0
2019,'1492066',1207,,212,49,,,0
2019,'1492067',1637,,213,49,,,0
2019,'1492068',1807,,214,49,,,0
2019,'1492069',1707,,215,49,,,0
2019,'1492074',807,,216,49,,,0
2019,'1492075',1307,,217,49,,,0
2019,'1492077',707,,218,49,,,0
2019,'1492079',607,,220,27,,,0
2019,'1492080',1952,,221,49,,,0
2019,'1496953',1750,,611,50,,,0
2019,'1496954',2150,,612,50,,,0
2019,'1496955',1350,,613,50,,,0
2019,'1496957',1150,,614,50,,,0
2019,'1496958',1450,,615,50,,,0
2019,'1496961',2050,,616,50,,,0
2019,'1496962',750,,617,50,,,0
2019,'1496968',1250,,618,50,,,0
2019,'1496970',2250,,619,50,,,0
2019,'1496973',1550,,620,50,,,0
2019,'1496974',1850,,621,50,,,0
2019,'1496975',1050,,622,50,,,0
2019,'1496979',950,,623,50,,,0
2019,'1496981',850,,624,50,,,0
2019,'1496983',1650,,625,50,,,0
2019,'1496984',1950,,626,50,,,0
2019,'1496986',650,,627,50,,,0
2019,'1496987',620,,628,18,,,0
2019,'1496988',2348,,629,50,,,0
3019,'1488507',850,,436,50,0,5,0
3019,'1488508',1050,,437,50,0,5,0
3019,'1488511',2120,,438,50,0,5,0
3019,'1488515',2220,,439,50,0,5,0
3019,'1488516',1120,,440,50,0,5,0
3019,'1488519',1650,,441,50,0,5,0
3019,'1488521',2315,,442,50,0,5,0
3019,'1488522',1450,,443,50,0,5,0
3019,'1488523',1920,,444,50,0,5,0
3019,'1488525',1220,,445,50,0,5,0
3019,'1488526',750,,446,50,0,5,0
3019,'1488529',2020,,447,50,0,5,0
3019,'1488531',720,,448,50,0,5,0
3019,'1488533',1750,,449,50,0,5,0
3019,'1488535',1320,,450,50,0,5,0
3019,'1488537',1820,,451,50,0,5,0
3019,'1488538',1020,,452,50,0,5,0
3019,'1488539',1250,,453,50,0,5,0
3019,'1488540',1350,,454,50,0,5,0
3019,'1488542',820,,455,50,0,5,0
3019,'1488546',950,,456,50,0,5,0
3019,'1488547',1620,,457,50,0,5,0
3019,'1488548',1420,,458,50,0,5,0
3019,'1488550',1720,,459,50,0,5,0
3019,'1488551',1150,,460,50,0,5,0
3019,'1488552',1520,,461,50,0,5,0
3019,'1488556',1550,,463,50,0,5,0
3019,'1488560',920,,464,50,0,5,0
3019,'1488565',620,,465,17,0,5,0
3019,'1496990',1720,,648,48,0,5,0
3019,'1496992',2220,,650,48,0,5,0
3019,'1496997',1920,,655,48,0,5,0
3019,'1496998',1420,,656,48,0,5,0
3019,'1497000',2020,,658,48,0,5,0
3019,'1497002',2317,,660,48,0,5,0
3019,'1497006',1820,,664,48,0,5,0
3019,'1497007',720,,665,48,0,5,0
3019,'1497008',920,,666,48,0,5,0
3019,'1497012',1020,,670,48,0,5,0
3019,'1497013',1320,,671,48,0,5,0
3019,'1497014',1620,,672,48,0,5,0
3019,'1497016',1120,,674,48,0,5,0
3019,'1497017',1520,,675,48,0,5,0
3019,'1497018',2120,,676,48,0,5,0
3019,'1497019',820,,677,48,0,5,0
3019,'1497021',1220,,679,48,0,5,0
