2019,'1492023',2318,,191,92,,,0
2019,'1492024',1303,,192,92,,,0
2019,'1492025',1433,,193,92,,,0
2019,'1492027',2218,,194,92,,,0
2019,'1492028',1918,,195,92,,,0
2019,'1492032',1403,,196,92,,,0
2019,'1492034',1533,,197,92,,,0
2019,'1492036',1033,,198,92,,,0
2019,'1492037',1603,,199,92,,,0
2019,'1492038',1003,,200,92,,,0
2019,'1492040',1203,,201,92,,,0
2019,'1492042',933,,202,92,,,0
2019,'1492043',903,,203,92,,,0
2019,'1492045',1103,,204,92,,,0
2019,'1492048',1633,,205,92,,,0
2019,'1492053',2118,,206,92,,,0
2019,'1492055',803,,207,92,,,0
2019,'1492057',1803,,208,92,,,0
2019,'1492062',1503,,210,92,,,0
2019,'1492064',1133,,211,92,,,0
2019,'1492066',1233,,212,92,,,0
2019,'1492067',1703,,213,92,,,0
2019,'1492068',1833,,214,92,,,0
2019,'1492069',1733,,215,92,,,0
2019,'1492074',833,,216,92,,,0
2019,'1492075',1333,,217,92,,,0
2019,'1492077',733,,218,92,,,0
2019,'1492078',603,,219,7,,,0
2019,'1492079',633,,220,70,,,0
2019,'1492080',2018,,221,92,,,0
2019,'1496953',1818,,611,93,,,0
2019,'1496954',2218,,612,93,,,0
2019,'1496955',1418,,613,93,,,0
2019,'1496957',1218,,614,93,,,0
2019,'1496958',1518,,615,93,,,0
2019,'1496961',2118,,616,93,,,0
2019,'1496962',818,,617,93,,,0
2019,'1496968',1318,,618,93,,,0
2019,'1496970',2318,,619,93,,,0
2019,'1496973',1618,,620,93,,,0
2019,'1496974',1918,,621,93,,,0
2019,'1496975',1118,,622,93,,,0
2019,'1496979',1018,,623,93,,,0
2019,'1496981',918,,624,93,,,0
2019,'1496983',1718,,625,93,,,0
2019,'1496984',2018,,626,93,,,0
2019,'1496986',718,,627,93,,,0
2019,'1496987',648,,628,61,,,0
