1019,'1491950',730,,37,36,,,0
1019,'1491952',830,,38,36,,,0
1019,'1491955',1600,,39,36,,,0
1019,'1491956',2145,,40,36,,,0
1019,'1491957',1700,,41,36,,,0
1019,'1491959',800,,42,36,,,0
1019,'1491960',1500,,43,36,,,0
1019,'1491961',1300,,44,36,,,0
1019,'1491962',1830,,45,36,,,0
1019,'1491967',1400,,46,36,,,0
1019,'1491968',1945,,47,36,,,0
1019,'1491969',2045,,48,36,,,0
1019,'1491975',1100,,49,36,,,0
1019,'1491977',1330,,50,36,,,0
1019,'1491980',900,,51,36,,,0
1019,'1491981',1200,,52,36,,,0
1019,'1491982',1000,,53,36,,,0
1019,'1491984',2340,,54,36,,,0
1019,'1491985',1800,,55,36,,,0
1019,'1491988',1030,,56,36,,,0
1019,'1491990',930,,57,36,,,0
1019,'1491992',2245,,58,36,,,0
1019,'1491994',1430,,59,36,,,0
1019,'1491995',1530,,60,36,,,0
1019,'1491997',700,,61,36,,,0
1019,'1491998',1230,,62,36,,,0
1019,'1491999',1130,,63,36,,,0
1019,'1492002',1730,,64,36,,,0
1019,'1492004',1630,,65,36,,,0
1019,'1492005',600,,66,6,,,0
1019,'1492007',1900,,67,36,,,0
1019,'1496918',1345,,576,37,,,0
1019,'1496921',1945,,577,37,,,0
1019,'1496922',745,,578,37,,,0
1019,'1496923',645,,579,37,,,0
1019,'1496924',2045,,580,37,,,0
1019,'1496928',1045,,581,37,,,0
1019,'1496930',1445,,582,37,,,0
1019,'1496933',1645,,583,37,,,0
1019,'1496935',1145,,584,37,,,0
1019,'1496938',2145,,585,37,,,0
1019,'1496940',1545,,586,37,,,0
1019,'1496941',1745,,587,37,,,0
1019,'1496945',945,,588,37,,,0
1019,'1496946',845,,589,37,,,0
1019,'1496949',1245,,590,37,,,0
1019,'1496950',1845,,591,37,,,0
1019,'1496951',2341,,592,37,,,0
1019,'1496952',2245,,593,37,,,0
