2029,'1492022',2025,,280,66,,,0
2029,'1492026',925,,281,66,,,0
2029,'1492029',1425,,282,66,,,0
2029,'1492030',1225,,283,66,,,0
2029,'1492031',1825,,284,66,,,0
2029,'1492033',1255,,285,66,,,0
2029,'1492035',1555,,286,66,,,0
2029,'1492039',955,,287,66,,,0
2029,'1492041',2225,,288,66,,,0
2029,'1492044',825,,289,66,,,0
2029,'1492046',1625,,290,66,,,0
2029,'1492047',1455,,291,66,,,0
2029,'1492049',2322,,292,66,,,0
2029,'1492050',1055,,293,66,,,0
2029,'1492051',725,,294,66,,,0
2029,'1492052',1325,,295,66,,,0
2029,'1492054',1925,,296,66,,,0
2029,'1492056',1655,,297,66,,,0
2029,'1492059',1525,,298,66,,,0
2029,'1492060',1355,,299,66,,,0
2029,'1492061',755,,300,66,,,0
2029,'1492063',1725,,301,66,,,0
2029,'1492065',1025,,302,66,,,0
2029,'1492070',855,,303,66,,,0
2029,'1492071',2125,,304,66,,,0
2029,'1492072',1155,,305,66,,,0
2029,'1492073',1125,,306,66,,,0
2029,'1492076',1755,,307,66,,,0
2029,'1492081',625,,308,30,,,0
2029,'1496956',1725,,630,67,,,0
2029,'1496959',1125,,631,67,,,0
2029,'1496960',2225,,632,67,,,0
2029,'1496963',2322,,633,67,,,0
2029,'1496964',1025,,634,67,,,0
2029,'1496965',2025,,635,67,,,0
2029,'1496966',925,,636,67,,,0
2029,'1496967',1525,,637,67,,,0
2029,'1496969',2125,,638,67,,,0
2029,'1496971',1825,,639,67,,,0
2029,'1496972',1225,,640,67,,,0
2029,'1496976',1425,,641,67,,,0
2029,'1496977',825,,642,67,,,0
2029,'1496978',1325,,643,67,,,0
2029,'1496980',1925,,644,67,,,0
2029,'1496982',1625,,645,67,,,0
2029,'1496985',725,,646,67,,,0
4019,'1491929',716,,525,64,,,0
4019,'1491930',2351,,526,64,,,0
4019,'1491931',1116,,527,64,,,0
4019,'1491932',916,,528,64,,,0
4019,'1491933',2101,,529,64,,,0
4019,'1491934',1716,,530,64,,,0
4019,'1491935',1916,,531,64,,,0
4019,'1491936',2201,,532,64,,,0
4019,'1491937',1016,,533,64,,,0
4019,'1491938',1216,,534,64,,,0
4019,'1491939',2001,,535,64,,,0
4019,'1491940',816,,536,64,,,0
4019,'1491941',1616,,537,64,,,0
4019,'1491942',1816,,538,64,,,0
4019,'1491943',1416,,539,64,,,0
4019,'1491944',1516,,540,64,,,0
4019,'1491945',2301,,541,64,,,0
4019,'1491946',1316,,542,64,,,0
4019,'1491947',616,,543,30,,,0
4019,'1497026',901,,684,68,,,0
4019,'1497027',801,,685,68,,,0
4019,'1497028',1701,,686,68,,,0
4019,'1497029',2301,,687,68,,,0
4019,'1497030',1801,,688,68,,,0
4019,'1497031',1501,,689,68,,,0
4019,'1497032',2201,,690,68,,,0
4019,'1497033',1101,,691,68,,,0
4019,'1497034',2001,,692,68,,,0
4019,'1497035',1601,,693,68,,,0
4019,'1497036',1001,,694,68,,,0
4019,'1497037',1901,,695,68,,,0
4019,'1497038',1401,,696,68,,,0
4019,'1497039',701,,697,68,,,0
4019,'1497040',2101,,698,68,,,0
4019,'1497041',1201,,699,68,,,0
4019,'1497042',1301,,700,68,,,0
4019,'1497043',2352,,701,68,,,0
