3019,'1488507',845,,436,43,0,5,0
3019,'1488508',1045,,437,43,0,5,0
3019,'1488511',2115,,438,43,0,5,0
3019,'1488515',2215,,439,43,0,5,0
3019,'1488516',1115,,440,43,0,5,0
3019,'1488519',1645,,441,43,0,5,0
3019,'1488521',2311,,442,43,0,5,0
3019,'1488522',1445,,443,43,0,5,0
3019,'1488523',1915,,444,43,0,5,0
3019,'1488525',1215,,445,43,0,5,0
3019,'1488526',745,,446,43,0,5,0
3019,'1488529',2015,,447,43,0,5,0
3019,'1488531',715,,448,43,0,5,0
3019,'1488533',1745,,449,43,0,5,0
3019,'1488535',1315,,450,43,0,5,0
3019,'1488537',1815,,451,43,0,5,0
3019,'1488538',1015,,452,43,0,5,0
3019,'1488539',1245,,453,43,0,5,0
3019,'1488540',1345,,454,43,0,5,0
3019,'1488542',815,,455,43,0,5,0
3019,'1488546',945,,456,43,0,5,0
3019,'1488547',1615,,457,43,0,5,0
3019,'1488548',1415,,458,43,0,5,0
3019,'1488550',1715,,459,43,0,5,0
3019,'1488551',1145,,460,43,0,5,0
3019,'1488552',1515,,461,43,0,5,0
3019,'1488556',1545,,463,43,0,5,0
3019,'1488560',915,,464,43,0,5,0
3019,'1488565',615,,465,10,0,5,0
3019,'1496990',1715,,648,41,0,5,0
3019,'1496992',2215,,650,41,0,5,0
3019,'1496997',1915,,655,41,0,5,0
3019,'1496998',1415,,656,41,0,5,0
3019,'1497000',2015,,658,41,0,5,0
3019,'1497002',2313,,660,41,0,5,0
3019,'1497006',1815,,664,41,0,5,0
3019,'1497007',715,,665,41,0,5,0
3019,'1497008',915,,666,41,0,5,0
3019,'1497012',1015,,670,41,0,5,0
3019,'1497013',1315,,671,41,0,5,0
3019,'1497014',1615,,672,41,0,5,0
3019,'1497016',1115,,674,41,0,5,0
3019,'1497017',1515,,675,41,0,5,0
3019,'1497018',2115,,676,41,0,5,0
3019,'1497019',815,,677,41,0,5,0
3019,'1497021',1215,,679,41,0,5,0
