3019,'1488507',933,,436,126,0,5,0
3019,'1488508',1133,,437,126,0,5,0
3019,'1488511',2203,,438,126,0,5,0
3019,'1488515',2303,,439,126,0,5,0
3019,'1488516',1203,,440,126,0,5,0
3019,'1488519',1733,,441,126,0,5,0
3019,'1488521',2353,,442,126,0,5,0
3019,'1488522',1533,,443,126,0,5,0
3019,'1488523',2003,,444,126,0,5,0
3019,'1488525',1303,,445,126,0,5,0
3019,'1488526',833,,446,126,0,5,0
3019,'1488529',2103,,447,126,0,5,0
3019,'1488531',803,,448,126,0,5,0
3019,'1488533',1833,,449,126,0,5,0
3019,'1488535',1403,,450,126,0,5,0
3019,'1488537',1903,,451,126,0,5,0
3019,'1488538',1103,,452,126,0,5,0
3019,'1488539',1333,,453,126,0,5,0
3019,'1488540',1433,,454,126,0,5,0
3019,'1488542',903,,455,126,0,5,0
3019,'1488546',1033,,456,126,0,5,0
3019,'1488547',1703,,457,126,0,5,0
3019,'1488548',1503,,458,126,0,5,0
3019,'1488550',1803,,459,126,0,5,0
3019,'1488551',1233,,460,126,0,5,0
3019,'1488552',1603,,461,126,0,5,0
3019,'1488553',633,,462,46,0,5,0
3019,'1488556',1633,,463,126,0,5,0
3019,'1488560',1003,,464,126,0,5,0
3019,'1488565',703,,465,93,0,5,0
3019,'1496990',1803,,648,123,0,5,0
3019,'1496992',2303,,650,123,0,5,0
3019,'1496997',2003,,655,123,0,5,0
3019,'1496998',1503,,656,123,0,5,0
3019,'1497000',2103,,658,123,0,5,0
3019,'1497002',2353,,660,123,0,5,0
3019,'1497006',1903,,664,123,0,5,0
3019,'1497007',803,,665,123,0,5,0
3019,'1497008',1003,,666,123,0,5,0
3019,'1497012',1103,,670,123,0,5,0
3019,'1497013',1403,,671,123,0,5,0
3019,'1497014',1703,,672,123,0,5,0
3019,'1497016',1203,,674,123,0,5,0
3019,'1497017',1603,,675,123,0,5,0
3019,'1497018',2203,,676,123,0,5,0
3019,'1497019',903,,677,123,0,5,0
3019,'1497021',1303,,679,123,0,5,0
3019,'1497025',633,,683,45,0,5,0
