4019,'1496112',638,,1237,13,,,0
4019,'1496113',1038,,1238,13,,,0
4019,'1496114',838,,1239,13,,,0
4019,'1496115',1638,,1240,13,,,0
4019,'1496116',938,,1241,13,,,0
4019,'1496117',1138,,1242,13,,,0
4019,'1496118',738,,1243,13,,,0
4019,'1496119',1538,,1244,13,,,0
4019,'1496120',1738,,1245,13,,,0
4019,'1496121',1338,,1246,13,,,0
4019,'1496122',1438,,1247,13,,,0
4019,'1496123',1238,,1248,13,,,0
4019,'1496355',638,,1250,13,,,0
4019,'1496356',2321,,1251,13,,,0
4019,'1496357',1038,,1252,13,,,0
4019,'1496358',838,,1253,13,,,0
4019,'1496359',2023,,1254,13,,,0
4019,'1496360',1638,,1255,13,,,0
4019,'1496361',1838,,1256,13,,,0
4019,'1496362',2123,,1257,13,,,0
4019,'1496363',938,,1258,13,,,0
4019,'1496364',1138,,1259,13,,,0
4019,'1496365',1923,,1260,13,,,0
4019,'1496366',738,,1261,13,,,0
4019,'1496367',1538,,1262,13,,,0
4019,'1496368',1738,,1263,13,,,0
4019,'1496369',1338,,1264,13,,,0
4019,'1496370',1438,,1265,13,,,0
4019,'1496371',2223,,1266,13,,,0
4019,'1496372',1238,,1267,13,,,0
4019,'1496435',823,,1269,13,,,0
4019,'1496436',723,,1270,13,,,0
4019,'1496437',1623,,1271,13,,,0
4019,'1496438',2223,,1272,13,,,0
4019,'1496439',1723,,1273,13,,,0
4019,'1496440',1423,,1274,13,,,0
4019,'1496441',2123,,1275,13,,,0
4019,'1496442',1023,,1276,13,,,0
4019,'1496443',1923,,1277,13,,,0
4019,'1496444',1523,,1278,13,,,0
4019,'1496445',923,,1279,13,,,0
4019,'1496446',1823,,1280,13,,,0
4019,'1496447',1323,,1281,13,,,0
4019,'1496448',623,,1282,13,,,0
4019,'1496449',2023,,1283,13,,,0
4019,'1496450',1123,,1284,13,,,0
4019,'1496451',1223,,1285,13,,,0
4019,'1496452',2321,,1286,13,,,0
4019,'1496661',823,,1287,13,,,0
4019,'1496662',723,,1288,13,,,0
4019,'1496663',1623,,1289,13,,,0
4019,'1496664',2223,,1290,13,,,0
4019,'1496665',1723,,1291,13,,,0
4019,'1496666',1423,,1292,13,,,0
4019,'1496667',2123,,1293,13,,,0
4019,'1496668',1023,,1294,13,,,0
4019,'1496669',1923,,1295,13,,,0
4019,'1496670',1523,,1296,13,,,0
4019,'1496671',923,,1297,13,,,0
4019,'1496672',1823,,1298,13,,,0
4019,'1496673',1323,,1299,13,,,0
4019,'1496674',2023,,1300,13,,,0
4019,'1496675',1123,,1301,13,,,0
4019,'1496676',1223,,1302,13,,,0
4019,'1496677',2321,,1303,13,,,0
