2019,'1496174',1203,,878,6,,,0
2019,'1496175',1333,,879,6,,,0
2019,'1496179',1303,,880,6,,,0
2019,'1496181',1433,,881,6,,,0
2019,'1496183',933,,882,6,,,0
2019,'1496184',1503,,883,6,,,0
2019,'1496185',903,,884,6,,,0
2019,'1496187',1103,,885,6,,,0
2019,'1496188',833,,886,6,,,0
2019,'1496189',803,,887,6,,,0
2019,'1496191',1003,,888,6,,,0
2019,'1496194',1533,,889,6,,,0
2019,'1496198',703,,890,6,,,0
2019,'1496200',1703,,891,6,,,0
2019,'1496204',1403,,892,6,,,0
2019,'1496206',1033,,893,6,,,0
2019,'1496208',1133,,894,6,,,0
2019,'1496209',1603,,895,6,,,0
2019,'1496210',1733,,896,6,,,0
2019,'1496211',1633,,897,6,,,0
2019,'1496215',733,,898,6,,,0
2019,'1496216',1233,,899,6,,,0
2019,'1496218',633,,900,6,,,0
2019,'1496223',2218,,903,6,,,0
2019,'1496224',1203,,904,6,,,0
2019,'1496225',1333,,905,6,,,0
2019,'1496227',2118,,906,6,,,0
2019,'1496228',1818,,907,6,,,0
2019,'1496232',1303,,908,6,,,0
2019,'1496234',1433,,909,6,,,0
2019,'1496236',933,,910,6,,,0
2019,'1496237',1503,,911,6,,,0
2019,'1496238',903,,912,6,,,0
2019,'1496240',1103,,913,6,,,0
2019,'1496242',833,,914,6,,,0
2019,'1496243',803,,915,6,,,0
2019,'1496245',1003,,916,6,,,0
2019,'1496248',1533,,917,6,,,0
2019,'1496253',2018,,918,6,,,0
2019,'1496255',703,,919,6,,,0
2019,'1496257',1703,,920,6,,,0
2019,'1496258',2317,,921,6,,,0
2019,'1496262',1403,,922,6,,,0
2019,'1496264',1033,,923,6,,,0
2019,'1496266',1133,,924,6,,,0
2019,'1496267',1603,,925,6,,,0
2019,'1496268',1733,,926,6,,,0
2019,'1496269',1633,,927,6,,,0
2019,'1496274',733,,928,6,,,0
2019,'1496275',1233,,929,6,,,0
2019,'1496277',633,,930,6,,,0
2019,'1496280',1918,,933,6,,,0
2019,'1496490',1718,,934,6,,,0
2019,'1496491',2118,,935,6,,,0
2019,'1496492',1318,,936,6,,,0
2019,'1496494',1118,,937,6,,,0
2019,'1496495',1418,,938,6,,,0
2019,'1496498',2018,,939,6,,,0
2019,'1496499',718,,940,6,,,0
2019,'1496505',1218,,941,6,,,0
2019,'1496507',2218,,942,6,,,0
2019,'1496510',1518,,943,6,,,0
2019,'1496511',1818,,944,6,,,0
2019,'1496512',1018,,945,6,,,0
2019,'1496516',918,,946,6,,,0
2019,'1496518',818,,947,6,,,0
2019,'1496520',1618,,948,6,,,0
2019,'1496521',1918,,949,6,,,0
2019,'1496523',618,,950,6,,,0
2019,'1496525',2317,,952,6,,,0
2019,'1496594',1718,,953,6,,,0
2019,'1496595',2118,,954,6,,,0
2019,'1496596',1318,,955,6,,,0
2019,'1496598',1118,,956,6,,,0
2019,'1496599',1418,,957,6,,,0
2019,'1496602',2018,,958,6,,,0
2019,'1496603',718,,959,6,,,0
2019,'1496609',1218,,960,6,,,0
2019,'1496613',1518,,961,6,,,0
2019,'1496614',1818,,962,6,,,0
2019,'1496615',1018,,963,6,,,0
2019,'1496619',918,,964,6,,,0
2019,'1496621',818,,965,6,,,0
2019,'1496623',1618,,966,6,,,0
2019,'1496624',1918,,967,6,,,0
2019,'1496626',2317,,969,6,,,0
