2029,'1492022',2023,,280,63,,,0
2029,'1492026',923,,281,63,,,0
2029,'1492029',1423,,282,63,,,0
2029,'1492030',1223,,283,63,,,0
2029,'1492031',1823,,284,63,,,0
2029,'1492033',1253,,285,63,,,0
2029,'1492035',1553,,286,63,,,0
2029,'1492039',953,,287,63,,,0
2029,'1492041',2223,,288,63,,,0
2029,'1492044',823,,289,63,,,0
2029,'1492046',1623,,290,63,,,0
2029,'1492047',1453,,291,63,,,0
2029,'1492049',2320,,292,63,,,0
2029,'1492050',1053,,293,63,,,0
2029,'1492051',723,,294,63,,,0
2029,'1492052',1323,,295,63,,,0
2029,'1492054',1923,,296,63,,,0
2029,'1492056',1653,,297,63,,,0
2029,'1492059',1523,,298,63,,,0
2029,'1492060',1353,,299,63,,,0
2029,'1492061',753,,300,63,,,0
2029,'1492063',1723,,301,63,,,0
2029,'1492065',1023,,302,63,,,0
2029,'1492070',853,,303,63,,,0
2029,'1492071',2123,,304,63,,,0
2029,'1492072',1153,,305,63,,,0
2029,'1492073',1123,,306,63,,,0
2029,'1492076',1753,,307,63,,,0
2029,'1492081',623,,308,27,,,0
2029,'1496956',1723,,630,64,,,0
2029,'1496959',1123,,631,64,,,0
2029,'1496960',2223,,632,64,,,0
2029,'1496963',2320,,633,64,,,0
2029,'1496964',1023,,634,64,,,0
2029,'1496965',2023,,635,64,,,0
2029,'1496966',923,,636,64,,,0
2029,'1496967',1523,,637,64,,,0
2029,'1496969',2123,,638,64,,,0
2029,'1496971',1823,,639,64,,,0
2029,'1496972',1223,,640,64,,,0
2029,'1496976',1423,,641,64,,,0
2029,'1496977',823,,642,64,,,0
2029,'1496978',1323,,643,64,,,0
2029,'1496980',1923,,644,64,,,0
2029,'1496982',1623,,645,64,,,0
2029,'1496985',723,,646,64,,,0
