1019,'1496067',740,,702,49,,,0
1019,'1496069',840,,703,49,,,0
1019,'1496071',1610,,704,49,,,0
1019,'1496072',1710,,705,49,,,0
1019,'1496074',810,,706,49,,,0
1019,'1496075',1510,,707,49,,,0
1019,'1496076',1310,,708,49,,,0
1019,'1496080',1410,,709,49,,,0
1019,'1496085',1110,,710,49,,,0
1019,'1496087',1340,,711,49,,,0
1019,'1496089',910,,712,49,,,0
1019,'1496090',1210,,713,49,,,0
1019,'1496091',1010,,714,49,,,0
1019,'1496093',1810,,715,49,,,0
1019,'1496095',1040,,716,49,,,0
1019,'1496097',940,,717,49,,,0
1019,'1496099',1440,,718,49,,,0
1019,'1496100',1540,,719,49,,,0
1019,'1496102',710,,720,49,,,0
1019,'1496103',1240,,721,49,,,0
1019,'1496104',1140,,722,49,,,0
1019,'1496107',1740,,723,49,,,0
1019,'1496109',1640,,724,49,,,0
1019,'1496110',610,,725,18,,,0
1019,'1496296',740,,726,49,,,0
1019,'1496298',840,,727,49,,,0
1019,'1496301',1610,,728,49,,,0
1019,'1496302',2155,,729,49,,,0
1019,'1496303',1710,,730,49,,,0
1019,'1496305',810,,731,49,,,0
1019,'1496306',1510,,732,49,,,0
1019,'1496307',1310,,733,49,,,0
1019,'1496308',1840,,734,49,,,0
1019,'1496313',1410,,735,49,,,0
1019,'1496314',1955,,736,49,,,0
1019,'1496315',2055,,737,49,,,0
1019,'1496321',1110,,738,49,,,0
1019,'1496323',1340,,739,49,,,0
1019,'1496326',910,,740,49,,,0
1019,'1496327',1210,,741,49,,,0
1019,'1496328',1010,,742,49,,,0
1019,'1496330',2347,,743,49,,,0
1019,'1496331',1810,,744,49,,,0
1019,'1496334',1040,,745,49,,,0
1019,'1496336',940,,746,49,,,0
1019,'1496338',2255,,747,49,,,0
1019,'1496340',1440,,748,49,,,0
1019,'1496341',1540,,749,49,,,0
1019,'1496343',710,,750,49,,,0
1019,'1496344',1240,,751,49,,,0
1019,'1496345',1140,,752,49,,,0
1019,'1496348',1740,,753,49,,,0
1019,'1496350',1640,,754,49,,,0
1019,'1496351',610,,755,18,,,0
1019,'1496353',1910,,756,49,,,0
1019,'1496526',1355,,757,49,,,0
1019,'1496529',1955,,758,49,,,0
1019,'1496530',755,,759,49,,,0
1019,'1496531',655,,760,49,,,0
1019,'1496532',2055,,761,49,,,0
1019,'1496536',1055,,762,49,,,0
1019,'1496538',1455,,763,49,,,0
1019,'1496541',1655,,764,49,,,0
1019,'1496543',1155,,765,49,,,0
1019,'1496546',2155,,766,49,,,0
1019,'1496548',1555,,767,49,,,0
1019,'1496549',1755,,768,49,,,0
1019,'1496553',955,,769,49,,,0
1019,'1496554',855,,770,49,,,0
1019,'1496557',1255,,771,49,,,0
1019,'1496558',1855,,772,49,,,0
1019,'1496559',2346,,773,49,,,0
1019,'1496560',2255,,774,49,,,0
1019,'1496561',1355,,775,49,,,0
1019,'1496564',1955,,776,49,,,0
1019,'1496565',755,,777,49,,,0
1019,'1496566',2055,,778,49,,,0
1019,'1496570',1055,,779,49,,,0
1019,'1496572',1455,,780,49,,,0
1019,'1496575',1655,,781,49,,,0
1019,'1496576',1155,,782,49,,,0
1019,'1496579',2155,,783,49,,,0
1019,'1496581',1555,,784,49,,,0
1019,'1496582',1755,,785,49,,,0
1019,'1496586',955,,786,49,,,0
1019,'1496587',855,,787,49,,,0
1019,'1496590',1255,,788,49,,,0
1019,'1496591',1855,,789,49,,,0
1019,'1496592',2346,,790,49,,,0
1019,'1496593',2255,,791,49,,,0
2019,'1496174',1309,,878,104,,,0
2019,'1496175',1439,,879,104,,,0
2019,'1496179',1409,,880,104,,,0
2019,'1496181',1539,,881,104,,,0
2019,'1496183',1039,,882,104,,,0
2019,'1496184',1609,,883,104,,,0
2019,'1496185',1009,,884,104,,,0
2019,'1496187',1209,,885,104,,,0
2019,'1496188',939,,886,104,,,0
2019,'1496189',909,,887,104,,,0
2019,'1496191',1109,,888,104,,,0
2019,'1496194',1639,,889,104,,,0
2019,'1496198',809,,890,104,,,0
2019,'1496200',1809,,891,104,,,0
2019,'1496204',1509,,892,104,,,0
2019,'1496206',1139,,893,104,,,0
2019,'1496208',1239,,894,104,,,0
2019,'1496209',1709,,895,104,,,0
2019,'1496210',1839,,896,104,,,0
2019,'1496211',1739,,897,104,,,0
2019,'1496215',839,,898,104,,,0
2019,'1496216',1339,,899,104,,,0
2019,'1496218',739,,900,104,,,0
2019,'1496219',609,,901,18,,,0
2019,'1496220',639,,902,72,,,0
2019,'1496223',2324,,903,104,,,0
2019,'1496224',1309,,904,104,,,0
2019,'1496225',1439,,905,104,,,0
2019,'1496227',2224,,906,104,,,0
2019,'1496228',1924,,907,104,,,0
2019,'1496232',1409,,908,104,,,0
2019,'1496234',1539,,909,104,,,0
2019,'1496236',1039,,910,104,,,0
2019,'1496237',1609,,911,104,,,0
2019,'1496238',1009,,912,104,,,0
2019,'1496240',1209,,913,104,,,0
2019,'1496242',939,,914,104,,,0
2019,'1496243',909,,915,104,,,0
2019,'1496245',1109,,916,104,,,0
2019,'1496248',1639,,917,104,,,0
2019,'1496253',2124,,918,104,,,0
2019,'1496255',809,,919,104,,,0
2019,'1496257',1809,,920,104,,,0
2019,'1496262',1509,,922,104,,,0
2019,'1496264',1139,,923,104,,,0
2019,'1496266',1239,,924,104,,,0
2019,'1496267',1709,,925,104,,,0
2019,'1496268',1839,,926,104,,,0
2019,'1496269',1739,,927,104,,,0
2019,'1496274',839,,928,104,,,0
2019,'1496275',1339,,929,104,,,0
2019,'1496277',739,,930,104,,,0
2019,'1496278',609,,931,18,,,0
2019,'1496279',639,,932,82,,,0
2019,'1496280',2024,,933,104,,,0
2019,'1496490',1824,,934,104,,,0
2019,'1496491',2224,,935,104,,,0
2019,'1496492',1424,,936,104,,,0
2019,'1496494',1224,,937,104,,,0
2019,'1496495',1524,,938,104,,,0
2019,'1496498',2124,,939,104,,,0
2019,'1496499',824,,940,104,,,0
2019,'1496505',1324,,941,104,,,0
2019,'1496507',2324,,942,104,,,0
2019,'1496510',1624,,943,104,,,0
2019,'1496511',1924,,944,104,,,0
2019,'1496512',1124,,945,104,,,0
2019,'1496516',1024,,946,104,,,0
2019,'1496518',924,,947,104,,,0
2019,'1496520',1724,,948,104,,,0
2019,'1496521',2024,,949,104,,,0
2019,'1496523',724,,950,104,,,0
2019,'1496524',654,,951,72,,,0
2019,'1496594',1824,,953,104,,,0
2019,'1496595',2224,,954,104,,,0
2019,'1496596',1424,,955,104,,,0
2019,'1496598',1224,,956,104,,,0
2019,'1496599',1524,,957,104,,,0
2019,'1496602',2124,,958,104,,,0
2019,'1496603',824,,959,104,,,0
2019,'1496609',1324,,960,104,,,0
2019,'1496613',1624,,961,104,,,0
2019,'1496614',1924,,962,104,,,0
2019,'1496615',1124,,963,104,,,0
2019,'1496619',1024,,964,104,,,0
2019,'1496621',924,,965,104,,,0
2019,'1496623',1724,,966,104,,,0
2019,'1496624',2024,,967,104,,,0
2019,'1496625',754,,968,72,,,0
