4019,'1491929',702,,525,47,,,0
4019,'1491930',2342,,526,47,,,0
4019,'1491931',1102,,527,47,,,0
4019,'1491932',902,,528,47,,,0
4019,'1491933',2047,,529,47,,,0
4019,'1491934',1702,,530,47,,,0
4019,'1491935',1902,,531,47,,,0
4019,'1491936',2147,,532,47,,,0
4019,'1491937',1002,,533,47,,,0
4019,'1491938',1202,,534,47,,,0
4019,'1491939',1947,,535,47,,,0
4019,'1491940',802,,536,47,,,0
4019,'1491941',1602,,537,47,,,0
4019,'1491942',1802,,538,47,,,0
4019,'1491943',1402,,539,47,,,0
4019,'1491944',1502,,540,47,,,0
4019,'1491945',2247,,541,47,,,0
4019,'1491946',1302,,542,47,,,0
4019,'1491947',603,,543,13,,,0
4019,'1497026',847,,684,47,,,0
4019,'1497027',747,,685,47,,,0
4019,'1497028',1647,,686,47,,,0
4019,'1497029',2247,,687,47,,,0
4019,'1497030',1747,,688,47,,,0
4019,'1497031',1447,,689,47,,,0
4019,'1497032',2147,,690,47,,,0
4019,'1497033',1047,,691,47,,,0
4019,'1497034',1947,,692,47,,,0
4019,'1497035',1547,,693,47,,,0
4019,'1497036',947,,694,47,,,0
4019,'1497037',1847,,695,47,,,0
4019,'1497038',1347,,696,47,,,0
4019,'1497039',647,,697,47,,,0
4019,'1497040',2047,,698,47,,,0
4019,'1497041',1147,,699,47,,,0
4019,'1497042',1247,,700,47,,,0
4019,'1497043',2342,,701,47,,,0
