1029,'1491948',1441,,124,38,,,0
1029,'1491949',1541,,125,38,,,0
1029,'1491951',1641,,126,38,,,0
1029,'1491953',741,,127,38,,,0
1029,'1491954',2111,,128,38,,,0
1029,'1491958',1041,,129,38,,,0
1029,'1491963',2011,,130,38,,,0
1029,'1491964',911,,131,38,,,0
1029,'1491965',1711,,132,38,,,0
1029,'1491966',1611,,133,38,,,0
1029,'1491970',1811,,134,38,,,0
1029,'1491971',1211,,135,38,,,0
1029,'1491972',1241,,136,38,,,0
1029,'1491973',1411,,137,38,,,0
1029,'1491974',1011,,138,38,,,0
1029,'1491976',711,,139,38,,,0
1029,'1491978',1841,,140,38,,,0
1029,'1491979',1741,,141,38,,,0
1029,'1491983',1341,,142,38,,,0
1029,'1491986',941,,143,38,,,0
1029,'1491987',2211,,144,38,,,0
1029,'1491989',1141,,145,38,,,0
1029,'1491991',2311,,146,38,,,0
1029,'1491993',841,,147,38,,,0
1029,'1491996',811,,148,38,,,0
1029,'1492000',1511,,149,38,,,0
1029,'1492001',1311,,150,38,,,0
1029,'1492003',1111,,151,38,,,0
1029,'1492008',1911,,153,38,,,0
1029,'1496919',1909,,594,38,,,0
1029,'1496920',2109,,595,38,,,0
1029,'1496925',1809,,596,38,,,0
1029,'1496926',2209,,597,38,,,0
1029,'1496927',1309,,598,38,,,0
1029,'1496929',1109,,599,38,,,0
1029,'1496931',1009,,600,38,,,0
1029,'1496932',2009,,601,38,,,0
1029,'1496934',709,,602,38,,,0
1029,'1496936',2309,,603,38,,,0
1029,'1496937',1509,,604,38,,,0
1029,'1496939',1609,,605,38,,,0
1029,'1496942',809,,606,38,,,0
1029,'1496943',1209,,607,38,,,0
1029,'1496944',909,,608,38,,,0
1029,'1496947',1709,,609,38,,,0
1029,'1496948',1409,,610,38,,,0
