1029,'1491948',1507,,124,68,,,0
1029,'1491949',1607,,125,68,,,0
1029,'1491951',1707,,126,68,,,0
1029,'1491953',807,,127,68,,,0
1029,'1491954',2137,,128,68,,,0
1029,'1491958',1107,,129,68,,,0
1029,'1491963',2037,,130,68,,,0
1029,'1491964',937,,131,68,,,0
1029,'1491965',1737,,132,68,,,0
1029,'1491966',1637,,133,68,,,0
1029,'1491970',1837,,134,68,,,0
1029,'1491971',1237,,135,68,,,0
1029,'1491972',1307,,136,68,,,0
1029,'1491973',1437,,137,68,,,0
1029,'1491974',1037,,138,68,,,0
1029,'1491976',737,,139,68,,,0
1029,'1491978',1907,,140,68,,,0
1029,'1491979',1807,,141,68,,,0
1029,'1491983',1407,,142,68,,,0
1029,'1491986',1007,,143,68,,,0
1029,'1491987',2237,,144,68,,,0
1029,'1491989',1207,,145,68,,,0
1029,'1491991',2337,,146,68,,,0
1029,'1491993',907,,147,68,,,0
1029,'1491996',837,,148,68,,,0
1029,'1492000',1537,,149,68,,,0
1029,'1492001',1337,,150,68,,,0
1029,'1492003',1137,,151,68,,,0
1029,'1492006',637,,152,23,,,0
1029,'1492008',1937,,153,68,,,0
1029,'1496919',1937,,594,68,,,0
1029,'1496920',2137,,595,68,,,0
1029,'1496925',1837,,596,68,,,0
1029,'1496926',2237,,597,68,,,0
1029,'1496927',1337,,598,68,,,0
1029,'1496929',1137,,599,68,,,0
1029,'1496931',1037,,600,68,,,0
1029,'1496932',2037,,601,68,,,0
1029,'1496934',737,,602,68,,,0
1029,'1496936',2337,,603,68,,,0
1029,'1496937',1537,,604,68,,,0
1029,'1496939',1637,,605,68,,,0
1029,'1496942',837,,606,68,,,0
1029,'1496943',1237,,607,68,,,0
1029,'1496944',937,,608,68,,,0
1029,'1496947',1737,,609,68,,,0
1029,'1496948',1437,,610,68,,,0
