3019,'1491899',1600,,370,58,,,0
3019,'1491900',1730,,371,58,,,0
3019,'1491901',2045,,372,58,,,0
3019,'1491902',900,,373,58,,,0
3019,'1491903',730,,374,58,,,0
3019,'1491904',1630,,375,58,,,0
3019,'1491905',1200,,376,58,,,0
3019,'1491906',1130,,377,58,,,0
3019,'1491907',800,,378,58,,,0
3019,'1491908',930,,379,58,,,0
3019,'1491909',2245,,380,58,,,0
3019,'1491910',1400,,381,58,,,0
3019,'1491911',1330,,382,58,,,0
3019,'1491912',1500,,383,58,,,0
3019,'1491913',1300,,384,58,,,0
3019,'1491914',2145,,385,58,,,0
3019,'1491915',830,,386,58,,,0
3019,'1491916',1800,,387,58,,,0
3019,'1491917',1430,,388,58,,,0
3019,'1491918',1030,,389,58,,,0
3019,'1491919',1100,,390,58,,,0
3019,'1491920',1230,,391,58,,,0
3019,'1491921',1700,,392,58,,,0
3019,'1491922',1000,,393,58,,,0
3019,'1491923',1530,,394,58,,,0
3019,'1491924',1845,,395,58,,,0
3019,'1491925',2341,,396,58,,,0
3019,'1491927',600,,398,1,,,0
3019,'1491928',1945,,399,58,,,0
3019,'1492021',700,,400,58,,,0
3019,'1496989',745,,647,57,,,0
3019,'1496991',1445,,649,57,,,0
3019,'1496993',845,,651,57,,,0
3019,'1496994',1145,,652,57,,,0
3019,'1496995',2245,,653,57,,,0
3019,'1496996',1845,,654,57,,,0
3019,'1496999',1345,,657,57,,,0
3019,'1497001',1945,,659,57,,,0
3019,'1497003',1645,,661,57,,,0
3019,'1497004',945,,662,57,,,0
3019,'1497005',1245,,663,57,,,0
3019,'1497009',2145,,667,57,,,0
3019,'1497010',1745,,668,57,,,0
3019,'1497011',1045,,669,57,,,0
3019,'1497015',1545,,673,57,,,0
3019,'1497020',2045,,678,57,,,0
3019,'1497022',615,,680,1,,,0
3019,'1497023',2341,,681,57,,,0
3019,'1497024',645,,682,57,,,0
