2029,'1492022',2058,,280,117,,,0
2029,'1492026',958,,281,117,,,0
2029,'1492029',1458,,282,117,,,0
2029,'1492030',1258,,283,117,,,0
2029,'1492031',1858,,284,117,,,0
2029,'1492033',1328,,285,117,,,0
2029,'1492035',1628,,286,117,,,0
2029,'1492039',1028,,287,117,,,0
2029,'1492041',2258,,288,117,,,0
2029,'1492044',858,,289,117,,,0
2029,'1492046',1658,,290,117,,,0
2029,'1492047',1528,,291,117,,,0
2029,'1492049',2350,,292,117,,,0
2029,'1492050',1128,,293,117,,,0
2029,'1492051',758,,294,117,,,0
2029,'1492052',1358,,295,117,,,0
2029,'1492054',1958,,296,117,,,0
2029,'1492056',1728,,297,117,,,0
2029,'1492059',1558,,298,117,,,0
2029,'1492060',1428,,299,117,,,0
2029,'1492061',828,,300,117,,,0
2029,'1492063',1758,,301,117,,,0
2029,'1492065',1058,,302,117,,,0
2029,'1492070',928,,303,117,,,0
2029,'1492071',2158,,304,117,,,0
2029,'1492072',1228,,305,117,,,0
2029,'1492073',1158,,306,117,,,0
2029,'1492076',1828,,307,117,,,0
2029,'1492081',658,,308,81,,,0
2029,'1496956',1758,,630,118,,,0
2029,'1496959',1158,,631,118,,,0
2029,'1496960',2258,,632,118,,,0
2029,'1496963',2350,,633,118,,,0
2029,'1496964',1058,,634,118,,,0
2029,'1496965',2058,,635,118,,,0
2029,'1496966',958,,636,118,,,0
2029,'1496967',1558,,637,118,,,0
2029,'1496969',2158,,638,118,,,0
2029,'1496971',1858,,639,118,,,0
2029,'1496972',1258,,640,118,,,0
2029,'1496976',1458,,641,118,,,0
2029,'1496977',858,,642,118,,,0
2029,'1496978',1358,,643,118,,,0
2029,'1496980',1958,,644,118,,,0
2029,'1496982',1658,,645,118,,,0
2029,'1496985',758,,646,118,,,0
