2029,'1492022',2024,,280,64,,,0
2029,'1492026',924,,281,64,,,0
2029,'1492029',1424,,282,64,,,0
2029,'1492030',1224,,283,64,,,0
2029,'1492031',1824,,284,64,,,0
2029,'1492033',1254,,285,64,,,0
2029,'1492035',1554,,286,64,,,0
2029,'1492039',954,,287,64,,,0
2029,'1492041',2224,,288,64,,,0
2029,'1492044',824,,289,64,,,0
2029,'1492046',1624,,290,64,,,0
2029,'1492047',1454,,291,64,,,0
2029,'1492049',2321,,292,64,,,0
2029,'1492050',1054,,293,64,,,0
2029,'1492051',724,,294,64,,,0
2029,'1492052',1324,,295,64,,,0
2029,'1492054',1924,,296,64,,,0
2029,'1492056',1654,,297,64,,,0
2029,'1492059',1524,,298,64,,,0
2029,'1492060',1354,,299,64,,,0
2029,'1492061',754,,300,64,,,0
2029,'1492063',1724,,301,64,,,0
2029,'1492065',1024,,302,64,,,0
2029,'1492070',854,,303,64,,,0
2029,'1492071',2124,,304,64,,,0
2029,'1492072',1154,,305,64,,,0
2029,'1492073',1124,,306,64,,,0
2029,'1492076',1754,,307,64,,,0
2029,'1492081',624,,308,28,,,0
2029,'1496956',1724,,630,65,,,0
2029,'1496959',1124,,631,65,,,0
2029,'1496960',2224,,632,65,,,0
2029,'1496963',2321,,633,65,,,0
2029,'1496964',1024,,634,65,,,0
2029,'1496965',2024,,635,65,,,0
2029,'1496966',924,,636,65,,,0
2029,'1496967',1524,,637,65,,,0
2029,'1496969',2124,,638,65,,,0
2029,'1496971',1824,,639,65,,,0
2029,'1496972',1224,,640,65,,,0
2029,'1496976',1424,,641,65,,,0
2029,'1496977',824,,642,65,,,0
2029,'1496978',1324,,643,65,,,0
2029,'1496980',1924,,644,65,,,0
2029,'1496982',1624,,645,65,,,0
2029,'1496985',724,,646,65,,,0
