2019,'1492023',2319,,191,94,,,0
2019,'1492024',1304,,192,94,,,0
2019,'1492025',1434,,193,94,,,0
2019,'1492027',2219,,194,94,,,0
2019,'1492028',1919,,195,94,,,0
2019,'1492032',1404,,196,94,,,0
2019,'1492034',1534,,197,94,,,0
2019,'1492036',1034,,198,94,,,0
2019,'1492037',1604,,199,94,,,0
2019,'1492038',1004,,200,94,,,0
2019,'1492040',1204,,201,94,,,0
2019,'1492042',934,,202,94,,,0
2019,'1492043',904,,203,94,,,0
2019,'1492045',1104,,204,94,,,0
2019,'1492048',1634,,205,94,,,0
2019,'1492053',2119,,206,94,,,0
2019,'1492055',804,,207,94,,,0
2019,'1492057',1804,,208,94,,,0
2019,'1492062',1504,,210,94,,,0
2019,'1492064',1134,,211,94,,,0
2019,'1492066',1234,,212,94,,,0
2019,'1492067',1704,,213,94,,,0
2019,'1492068',1834,,214,94,,,0
2019,'1492069',1734,,215,94,,,0
2019,'1492074',834,,216,94,,,0
2019,'1492075',1334,,217,94,,,0
2019,'1492077',734,,218,94,,,0
2019,'1492078',604,,219,9,,,0
2019,'1492079',634,,220,72,,,0
2019,'1492080',2019,,221,94,,,0
2019,'1496953',1819,,611,95,,,0
2019,'1496954',2219,,612,95,,,0
2019,'1496955',1419,,613,95,,,0
2019,'1496957',1219,,614,95,,,0
2019,'1496958',1519,,615,95,,,0
2019,'1496961',2119,,616,95,,,0
2019,'1496962',819,,617,95,,,0
2019,'1496968',1319,,618,95,,,0
2019,'1496970',2319,,619,95,,,0
2019,'1496973',1619,,620,95,,,0
2019,'1496974',1919,,621,95,,,0
2019,'1496975',1119,,622,95,,,0
2019,'1496979',1019,,623,95,,,0
2019,'1496981',919,,624,95,,,0
2019,'1496983',1719,,625,95,,,0
2019,'1496984',2019,,626,95,,,0
2019,'1496986',719,,627,95,,,0
2019,'1496987',649,,628,63,,,0
