2019,'1492023',2300,,191,61,,,0
2019,'1492024',1245,,192,61,,,0
2019,'1492025',1415,,193,61,,,0
2019,'1492027',2200,,194,61,,,0
2019,'1492028',1900,,195,61,,,0
2019,'1492032',1345,,196,61,,,0
2019,'1492034',1515,,197,61,,,0
2019,'1492036',1015,,198,61,,,0
2019,'1492037',1545,,199,61,,,0
2019,'1492038',945,,200,61,,,0
2019,'1492040',1145,,201,61,,,0
2019,'1492042',915,,202,61,,,0
2019,'1492043',845,,203,61,,,0
2019,'1492045',1045,,204,61,,,0
2019,'1492048',1615,,205,61,,,0
2019,'1492053',2100,,206,61,,,0
2019,'1492055',745,,207,61,,,0
2019,'1492057',1745,,208,61,,,0
2019,'1492062',1445,,210,61,,,0
2019,'1492064',1115,,211,61,,,0
2019,'1492066',1215,,212,61,,,0
2019,'1492067',1645,,213,61,,,0
2019,'1492068',1815,,214,61,,,0
2019,'1492069',1715,,215,61,,,0
2019,'1492074',815,,216,61,,,0
2019,'1492075',1315,,217,61,,,0
2019,'1492077',715,,218,61,,,0
2019,'1492079',615,,220,39,,,0
2019,'1492080',2000,,221,61,,,0
2019,'1496953',1759,,611,62,,,0
2019,'1496954',2159,,612,62,,,0
2019,'1496955',1359,,613,62,,,0
2019,'1496957',1159,,614,62,,,0
2019,'1496958',1459,,615,62,,,0
2019,'1496961',2059,,616,62,,,0
2019,'1496962',759,,617,62,,,0
2019,'1496968',1259,,618,62,,,0
2019,'1496970',2259,,619,62,,,0
2019,'1496973',1559,,620,62,,,0
2019,'1496974',1859,,621,62,,,0
2019,'1496975',1059,,622,62,,,0
2019,'1496979',959,,623,62,,,0
2019,'1496981',859,,624,62,,,0
2019,'1496983',1659,,625,62,,,0
2019,'1496984',1959,,626,62,,,0
2019,'1496986',659,,627,62,,,0
2019,'1496987',629,,628,30,,,0
