3019,'1488507',924,,436,104,0,5,0
3019,'1488508',1124,,437,104,0,5,0
3019,'1488511',2154,,438,104,0,5,0
3019,'1488515',2254,,439,104,0,5,0
3019,'1488516',1154,,440,104,0,5,0
3019,'1488519',1724,,441,104,0,5,0
3019,'1488521',2344,,442,104,0,5,0
3019,'1488522',1524,,443,104,0,5,0
3019,'1488523',1954,,444,104,0,5,0
3019,'1488525',1254,,445,104,0,5,0
3019,'1488526',824,,446,104,0,5,0
3019,'1488529',2054,,447,104,0,5,0
3019,'1488531',754,,448,104,0,5,0
3019,'1488533',1824,,449,104,0,5,0
3019,'1488535',1354,,450,104,0,5,0
3019,'1488537',1854,,451,104,0,5,0
3019,'1488538',1054,,452,104,0,5,0
3019,'1488539',1324,,453,104,0,5,0
3019,'1488540',1424,,454,104,0,5,0
3019,'1488542',854,,455,104,0,5,0
3019,'1488546',1024,,456,104,0,5,0
3019,'1488547',1654,,457,104,0,5,0
3019,'1488548',1454,,458,104,0,5,0
3019,'1488550',1754,,459,104,0,5,0
3019,'1488551',1224,,460,104,0,5,0
3019,'1488552',1554,,461,104,0,5,0
3019,'1488553',624,,462,24,0,5,0
3019,'1488556',1624,,463,104,0,5,0
3019,'1488560',954,,464,104,0,5,0
3019,'1488565',654,,465,71,0,5,0
3019,'1491899',1546,,370,32,,,0
3019,'1491900',1716,,371,32,,,0
3019,'1491901',2031,,372,32,,,0
3019,'1491902',846,,373,32,,,0
3019,'1491903',716,,374,32,,,0
3019,'1491904',1616,,375,32,,,0
3019,'1491905',1146,,376,32,,,0
3019,'1491906',1116,,377,32,,,0
3019,'1491907',746,,378,32,,,0
3019,'1491908',916,,379,32,,,0
3019,'1491909',2231,,380,32,,,0
3019,'1491910',1346,,381,32,,,0
3019,'1491911',1316,,382,32,,,0
3019,'1491912',1446,,383,32,,,0
3019,'1491913',1246,,384,32,,,0
3019,'1491914',2131,,385,32,,,0
3019,'1491915',816,,386,32,,,0
3019,'1491916',1746,,387,32,,,0
3019,'1491917',1416,,388,32,,,0
3019,'1491918',1016,,389,32,,,0
3019,'1491919',1046,,390,32,,,0
3019,'1491920',1216,,391,32,,,0
3019,'1491921',1646,,392,32,,,0
3019,'1491922',946,,393,32,,,0
3019,'1491923',1516,,394,32,,,0
3019,'1491924',1831,,395,32,,,0
3019,'1491925',2329,,396,32,,,0
3019,'1491928',1931,,399,32,,,0
3019,'1492021',646,,400,32,,,0
3019,'1496989',731,,647,31,,,0
3019,'1496990',1754,,648,102,0,5,0
3019,'1496991',1431,,649,31,,,0
3019,'1496992',2254,,650,102,0,5,0
3019,'1496993',831,,651,31,,,0
3019,'1496994',1131,,652,31,,,0
3019,'1496995',2231,,653,31,,,0
3019,'1496996',1831,,654,31,,,0
3019,'1496997',1954,,655,102,0,5,0
3019,'1496998',1454,,656,102,0,5,0
3019,'1496999',1331,,657,31,,,0
3019,'1497000',2054,,658,102,0,5,0
3019,'1497001',1931,,659,31,,,0
3019,'1497002',2344,,660,102,0,5,0
3019,'1497003',1631,,661,31,,,0
3019,'1497004',931,,662,31,,,0
3019,'1497005',1231,,663,31,,,0
3019,'1497006',1854,,664,102,0,5,0
3019,'1497007',754,,665,102,0,5,0
3019,'1497008',954,,666,102,0,5,0
3019,'1497009',2131,,667,31,,,0
3019,'1497010',1731,,668,31,,,0
3019,'1497011',1031,,669,31,,,0
3019,'1497012',1054,,670,102,0,5,0
3019,'1497013',1354,,671,102,0,5,0
3019,'1497014',1654,,672,102,0,5,0
3019,'1497015',1531,,673,31,,,0
3019,'1497016',1154,,674,102,0,5,0
3019,'1497017',1554,,675,102,0,5,0
3019,'1497018',2154,,676,102,0,5,0
3019,'1497019',854,,677,102,0,5,0
3019,'1497020',2031,,678,31,,,0
3019,'1497021',1254,,679,102,0,5,0
3019,'1497023',2329,,681,31,,,0
3019,'1497024',631,,682,31,,,0
3019,'1497025',624,,683,24,0,5,0
