1019,'1496067',751,,702,66,,,0
1019,'1496069',851,,703,66,,,0
1019,'1496071',1621,,704,66,,,0
1019,'1496072',1721,,705,66,,,0
1019,'1496074',821,,706,66,,,0
1019,'1496075',1521,,707,66,,,0
1019,'1496076',1321,,708,66,,,0
1019,'1496080',1421,,709,66,,,0
1019,'1496085',1121,,710,66,,,0
1019,'1496087',1351,,711,66,,,0
1019,'1496089',921,,712,66,,,0
1019,'1496090',1221,,713,66,,,0
1019,'1496091',1021,,714,66,,,0
1019,'1496093',1821,,715,66,,,0
1019,'1496095',1051,,716,66,,,0
1019,'1496097',951,,717,66,,,0
1019,'1496099',1451,,718,66,,,0
1019,'1496100',1551,,719,66,,,0
1019,'1496102',721,,720,66,,,0
1019,'1496103',1251,,721,66,,,0
1019,'1496104',1151,,722,66,,,0
1019,'1496107',1751,,723,66,,,0
1019,'1496109',1651,,724,66,,,0
1019,'1496110',621,,725,35,,,0
1019,'1496296',751,,726,66,,,0
1019,'1496298',851,,727,66,,,0
1019,'1496301',1621,,728,66,,,0
1019,'1496302',2206,,729,66,,,0
1019,'1496303',1721,,730,66,,,0
1019,'1496305',821,,731,66,,,0
1019,'1496306',1521,,732,66,,,0
1019,'1496307',1321,,733,66,,,0
1019,'1496308',1851,,734,66,,,0
1019,'1496313',1421,,735,66,,,0
1019,'1496314',2006,,736,66,,,0
1019,'1496315',2106,,737,66,,,0
1019,'1496321',1121,,738,66,,,0
1019,'1496323',1351,,739,66,,,0
1019,'1496326',921,,740,66,,,0
1019,'1496327',1221,,741,66,,,0
1019,'1496328',1021,,742,66,,,0
1019,'1496330',2356,,743,66,,,0
1019,'1496331',1821,,744,66,,,0
1019,'1496334',1051,,745,66,,,0
1019,'1496336',951,,746,66,,,0
1019,'1496338',2306,,747,66,,,0
1019,'1496340',1451,,748,66,,,0
1019,'1496341',1551,,749,66,,,0
1019,'1496343',721,,750,66,,,0
1019,'1496344',1251,,751,66,,,0
1019,'1496345',1151,,752,66,,,0
1019,'1496348',1751,,753,66,,,0
1019,'1496350',1651,,754,66,,,0
1019,'1496351',621,,755,35,,,0
1019,'1496353',1921,,756,66,,,0
1019,'1496526',1406,,757,66,,,0
1019,'1496529',2006,,758,66,,,0
1019,'1496530',806,,759,66,,,0
1019,'1496531',706,,760,66,,,0
1019,'1496532',2106,,761,66,,,0
1019,'1496536',1106,,762,66,,,0
1019,'1496538',1506,,763,66,,,0
1019,'1496541',1706,,764,66,,,0
1019,'1496543',1206,,765,66,,,0
1019,'1496546',2206,,766,66,,,0
1019,'1496548',1606,,767,66,,,0
1019,'1496549',1806,,768,66,,,0
1019,'1496553',1006,,769,66,,,0
1019,'1496554',906,,770,66,,,0
1019,'1496557',1306,,771,66,,,0
1019,'1496558',1906,,772,66,,,0
1019,'1496559',2354,,773,66,,,0
1019,'1496560',2306,,774,66,,,0
1019,'1496561',1406,,775,66,,,0
1019,'1496564',2006,,776,66,,,0
1019,'1496565',806,,777,66,,,0
1019,'1496566',2106,,778,66,,,0
1019,'1496570',1106,,779,66,,,0
1019,'1496572',1506,,780,66,,,0
1019,'1496575',1706,,781,66,,,0
1019,'1496576',1206,,782,66,,,0
1019,'1496579',2206,,783,66,,,0
1019,'1496581',1606,,784,66,,,0
1019,'1496582',1806,,785,66,,,0
1019,'1496586',1006,,786,66,,,0
1019,'1496587',906,,787,66,,,0
1019,'1496590',1306,,788,66,,,0
1019,'1496591',1906,,789,66,,,0
1019,'1496592',2354,,790,66,,,0
1019,'1496593',2306,,791,66,,,0
2019,'1496174',1321,,878,122,,,0
2019,'1496175',1451,,879,122,,,0
2019,'1496179',1421,,880,122,,,0
2019,'1496181',1551,,881,122,,,0
2019,'1496183',1051,,882,122,,,0
2019,'1496184',1621,,883,122,,,0
2019,'1496185',1021,,884,122,,,0
2019,'1496187',1221,,885,122,,,0
2019,'1496188',951,,886,122,,,0
2019,'1496189',921,,887,122,,,0
2019,'1496191',1121,,888,122,,,0
2019,'1496194',1651,,889,122,,,0
2019,'1496198',821,,890,122,,,0
2019,'1496200',1821,,891,122,,,0
2019,'1496204',1521,,892,122,,,0
2019,'1496206',1151,,893,122,,,0
2019,'1496208',1251,,894,122,,,0
2019,'1496209',1721,,895,122,,,0
2019,'1496210',1851,,896,122,,,0
2019,'1496211',1751,,897,122,,,0
2019,'1496215',851,,898,122,,,0
2019,'1496216',1351,,899,122,,,0
2019,'1496218',751,,900,122,,,0
2019,'1496219',621,,901,36,,,0
2019,'1496220',651,,902,90,,,0
2019,'1496223',2336,,903,122,,,0
2019,'1496224',1321,,904,122,,,0
2019,'1496225',1451,,905,122,,,0
2019,'1496227',2236,,906,122,,,0
2019,'1496228',1936,,907,122,,,0
2019,'1496232',1421,,908,122,,,0
2019,'1496234',1551,,909,122,,,0
2019,'1496236',1051,,910,122,,,0
2019,'1496237',1621,,911,122,,,0
2019,'1496238',1021,,912,122,,,0
2019,'1496240',1221,,913,122,,,0
2019,'1496242',951,,914,122,,,0
2019,'1496243',921,,915,122,,,0
2019,'1496245',1121,,916,122,,,0
2019,'1496248',1651,,917,122,,,0
2019,'1496253',2136,,918,122,,,0
2019,'1496255',821,,919,122,,,0
2019,'1496257',1821,,920,122,,,0
2019,'1496262',1521,,922,122,,,0
2019,'1496264',1151,,923,122,,,0
2019,'1496266',1251,,924,122,,,0
2019,'1496267',1721,,925,122,,,0
2019,'1496268',1851,,926,122,,,0
2019,'1496269',1751,,927,122,,,0
2019,'1496274',851,,928,122,,,0
2019,'1496275',1351,,929,122,,,0
2019,'1496277',751,,930,122,,,0
2019,'1496278',621,,931,36,,,0
2019,'1496279',651,,932,100,,,0
2019,'1496280',2036,,933,122,,,0
2019,'1496490',1836,,934,122,,,0
2019,'1496491',2236,,935,122,,,0
2019,'1496492',1436,,936,122,,,0
2019,'1496494',1236,,937,122,,,0
2019,'1496495',1536,,938,122,,,0
2019,'1496498',2136,,939,122,,,0
2019,'1496499',836,,940,122,,,0
2019,'1496505',1336,,941,122,,,0
2019,'1496507',2336,,942,122,,,0
2019,'1496510',1636,,943,122,,,0
2019,'1496511',1936,,944,122,,,0
2019,'1496512',1136,,945,122,,,0
2019,'1496516',1036,,946,122,,,0
2019,'1496518',936,,947,122,,,0
2019,'1496520',1736,,948,122,,,0
2019,'1496521',2036,,949,122,,,0
2019,'1496523',736,,950,122,,,0
2019,'1496524',706,,951,90,,,0
2019,'1496594',1836,,953,122,,,0
2019,'1496595',2236,,954,122,,,0
2019,'1496596',1436,,955,122,,,0
2019,'1496598',1236,,956,122,,,0
2019,'1496599',1536,,957,122,,,0
2019,'1496602',2136,,958,122,,,0
2019,'1496603',836,,959,122,,,0
2019,'1496609',1336,,960,122,,,0
2019,'1496613',1636,,961,122,,,0
2019,'1496614',1936,,962,122,,,0
2019,'1496615',1136,,963,122,,,0
2019,'1496619',1036,,964,122,,,0
2019,'1496621',936,,965,122,,,0
2019,'1496623',1736,,966,122,,,0
2019,'1496624',2036,,967,122,,,0
2019,'1496625',806,,968,90,,,0
3019,'1496125',1651,,1056,124,,,0
3019,'1496128',1821,,1059,124,,,0
3019,'1496129',951,,1060,124,,,0
3019,'1496130',821,,1061,124,,,0
3019,'1496131',1721,,1062,124,,,0
3019,'1496133',1251,,1064,124,,,0
3019,'1496134',1221,,1065,124,,,0
3019,'1496136',851,,1067,124,,,0
3019,'1496138',1021,,1069,124,,,0
3019,'1496141',1451,,1072,124,,,0
3019,'1496142',1421,,1073,124,,,0
3019,'1496144',1551,,1075,124,,,0
3019,'1496146',1351,,1077,124,,,0
3019,'1496151',921,,1082,124,,,0
3019,'1496153',1851,,1084,124,,,0
3019,'1496154',1521,,1085,124,,,0
3019,'1496155',1121,,1086,124,,,0
3019,'1496159',1151,,1090,124,,,0
3019,'1496164',1321,,1095,124,,,0
3019,'1496165',1751,,1096,124,,,0
3019,'1496167',1051,,1098,124,,,0
3019,'1496168',1621,,1099,124,,,0
3019,'1496170',621,,1101,34,,,0
3019,'1496171',651,,1102,68,,,0
3019,'1496173',751,,1104,124,,,0
3019,'1496374',1651,,1105,124,,,0
3019,'1496377',1821,,1108,124,,,0
3019,'1496378',2136,,1109,124,,,0
3019,'1496380',951,,1111,124,,,0
3019,'1496381',821,,1112,124,,,0
3019,'1496382',1721,,1113,124,,,0
3019,'1496385',1251,,1116,124,,,0
3019,'1496386',1221,,1117,124,,,0
3019,'1496388',851,,1119,124,,,0
3019,'1496392',1021,,1123,124,,,0
3019,'1496395',2336,,1126,124,,,0
3019,'1496396',1451,,1127,124,,,0
3019,'1496398',1421,,1129,124,,,0
3019,'1496400',1551,,1131,124,,,0
3019,'1496402',1351,,1133,124,,,0
3019,'1496404',2236,,1135,124,,,0
3019,'1496409',921,,1140,124,,,0
3019,'1496411',1851,,1142,124,,,0
3019,'1496412',1521,,1143,124,,,0
3019,'1496413',1121,,1144,124,,,0
3019,'1496417',1151,,1148,124,,,0
3019,'1496422',1321,,1153,124,,,0
3019,'1496423',1751,,1154,124,,,0
3019,'1496425',1051,,1156,124,,,0
3019,'1496426',1621,,1157,124,,,0
3019,'1496427',1936,,1158,124,,,0
3019,'1496430',621,,1161,34,,,0
3019,'1496431',651,,1162,68,,,0
3019,'1496432',2036,,1163,124,,,0
3019,'1496434',751,,1165,124,,,0
3019,'1496453',836,,1166,124,,,0
3019,'1496455',1536,,1168,124,,,0
3019,'1496457',936,,1170,124,,,0
3019,'1496458',1236,,1171,124,,,0
3019,'1496459',2336,,1172,124,,,0
3019,'1496460',1936,,1173,124,,,0
3019,'1496463',1436,,1176,124,,,0
3019,'1496465',2036,,1178,124,,,0
3019,'1496467',1736,,1180,124,,,0
3019,'1496468',1036,,1181,124,,,0
3019,'1496469',1336,,1182,124,,,0
3019,'1496473',2236,,1186,124,,,0
3019,'1496474',1836,,1187,124,,,0
3019,'1496475',1136,,1188,124,,,0
3019,'1496479',1636,,1192,124,,,0
3019,'1496484',2136,,1197,124,,,0
3019,'1496486',706,,1199,68,,,0
3019,'1496488',736,,1201,124,,,0
3019,'1496627',836,,1203,124,,,0
3019,'1496629',1536,,1205,124,,,0
3019,'1496631',936,,1207,124,,,0
3019,'1496632',1236,,1208,124,,,0
3019,'1496633',1936,,1209,124,,,0
3019,'1496636',1436,,1212,124,,,0
3019,'1496638',2036,,1214,124,,,0
3019,'1496640',1736,,1216,124,,,0
3019,'1496641',1036,,1217,124,,,0
3019,'1496642',1336,,1218,124,,,0
3019,'1496645',2236,,1221,124,,,0
3019,'1496646',1836,,1222,124,,,0
3019,'1496647',1136,,1223,124,,,0
3019,'1496651',1636,,1227,124,,,0
3019,'1496656',2136,,1232,124,,,0
3019,'1496658',806,,1234,68,,,0
