2029,'1492022',2058,,280,118,,,0
2029,'1492026',958,,281,118,,,0
2029,'1492029',1458,,282,118,,,0
2029,'1492030',1258,,283,118,,,0
2029,'1492031',1858,,284,118,,,0
2029,'1492033',1328,,285,118,,,0
2029,'1492035',1628,,286,118,,,0
2029,'1492039',1028,,287,118,,,0
2029,'1492041',2258,,288,118,,,0
2029,'1492044',858,,289,118,,,0
2029,'1492046',1658,,290,118,,,0
2029,'1492047',1528,,291,118,,,0
2029,'1492049',2350,,292,118,,,0
2029,'1492050',1128,,293,118,,,0
2029,'1492051',758,,294,118,,,0
2029,'1492052',1358,,295,118,,,0
2029,'1492054',1958,,296,118,,,0
2029,'1492056',1728,,297,118,,,0
2029,'1492059',1558,,298,118,,,0
2029,'1492060',1428,,299,118,,,0
2029,'1492061',828,,300,118,,,0
2029,'1492063',1758,,301,118,,,0
2029,'1492065',1058,,302,118,,,0
2029,'1492070',928,,303,118,,,0
2029,'1492071',2158,,304,118,,,0
2029,'1492072',1228,,305,118,,,0
2029,'1492073',1158,,306,118,,,0
2029,'1492076',1828,,307,118,,,0
2029,'1492081',658,,308,82,,,0
2029,'1496956',1758,,630,119,,,0
2029,'1496959',1158,,631,119,,,0
2029,'1496960',2258,,632,119,,,0
2029,'1496963',2350,,633,119,,,0
2029,'1496964',1058,,634,119,,,0
2029,'1496965',2058,,635,119,,,0
2029,'1496966',958,,636,119,,,0
2029,'1496967',1558,,637,119,,,0
2029,'1496969',2158,,638,119,,,0
2029,'1496971',1858,,639,119,,,0
2029,'1496972',1258,,640,119,,,0
2029,'1496976',1458,,641,119,,,0
2029,'1496977',858,,642,119,,,0
2029,'1496978',1358,,643,119,,,0
2029,'1496980',1958,,644,119,,,0
2029,'1496982',1658,,645,119,,,0
2029,'1496985',758,,646,119,,,0
