1029,'1496065',1432,,792,27,,,0
1029,'1496066',1532,,793,27,,,0
1029,'1496068',1632,,794,27,,,0
1029,'1496070',732,,795,27,,,0
1029,'1496073',1032,,796,27,,,0
1029,'1496077',902,,797,27,,,0
1029,'1496078',1702,,798,27,,,0
1029,'1496079',1602,,799,27,,,0
1029,'1496081',1202,,800,27,,,0
1029,'1496082',1232,,801,27,,,0
1029,'1496083',1402,,802,27,,,0
1029,'1496084',1002,,803,27,,,0
1029,'1496086',702,,804,27,,,0
1029,'1496088',1732,,805,27,,,0
1029,'1496092',1332,,806,27,,,0
1029,'1496094',932,,807,27,,,0
1029,'1496096',1132,,808,27,,,0
1029,'1496098',832,,809,27,,,0
1029,'1496101',802,,810,27,,,0
1029,'1496105',1502,,811,27,,,0
1029,'1496106',1302,,812,27,,,0
1029,'1496108',1102,,813,27,,,0
1029,'1496294',1432,,815,27,,,0
1029,'1496295',1532,,816,27,,,0
1029,'1496297',1632,,817,27,,,0
1029,'1496299',732,,818,27,,,0
1029,'1496300',2102,,819,27,,,0
1029,'1496304',1032,,820,27,,,0
1029,'1496309',2002,,821,27,,,0
1029,'1496310',902,,822,27,,,0
1029,'1496311',1702,,823,27,,,0
1029,'1496312',1602,,824,27,,,0
1029,'1496316',1802,,825,27,,,0
1029,'1496317',1202,,826,27,,,0
1029,'1496318',1232,,827,27,,,0
1029,'1496319',1402,,828,27,,,0
1029,'1496320',1002,,829,27,,,0
1029,'1496322',702,,830,27,,,0
1029,'1496324',1832,,831,27,,,0
1029,'1496325',1732,,832,27,,,0
1029,'1496329',1332,,833,27,,,0
1029,'1496332',932,,834,27,,,0
1029,'1496333',2202,,835,27,,,0
1029,'1496335',1132,,836,27,,,0
1029,'1496337',2302,,837,27,,,0
1029,'1496339',832,,838,27,,,0
1029,'1496342',802,,839,27,,,0
1029,'1496346',1502,,840,27,,,0
1029,'1496347',1302,,841,27,,,0
1029,'1496349',1102,,842,27,,,0
1029,'1496354',1902,,844,27,,,0
1029,'1496527',1902,,845,27,,,0
1029,'1496528',2102,,846,27,,,0
1029,'1496533',1802,,847,27,,,0
1029,'1496534',2202,,848,27,,,0
1029,'1496535',1302,,849,27,,,0
1029,'1496537',1102,,850,27,,,0
1029,'1496539',1002,,851,27,,,0
1029,'1496540',2002,,852,27,,,0
1029,'1496542',702,,853,27,,,0
1029,'1496544',2302,,854,27,,,0
1029,'1496545',1502,,855,27,,,0
1029,'1496547',1602,,856,27,,,0
1029,'1496550',802,,857,27,,,0
1029,'1496551',1202,,858,27,,,0
1029,'1496552',902,,859,27,,,0
1029,'1496555',1702,,860,27,,,0
1029,'1496556',1402,,861,27,,,0
1029,'1496562',1902,,862,27,,,0
1029,'1496563',2102,,863,27,,,0
1029,'1496567',1802,,864,27,,,0
1029,'1496568',2202,,865,27,,,0
1029,'1496569',1302,,866,27,,,0
1029,'1496571',1102,,867,27,,,0
1029,'1496573',1002,,868,27,,,0
1029,'1496574',2002,,869,27,,,0
1029,'1496577',2302,,870,27,,,0
1029,'1496578',1502,,871,27,,,0
1029,'1496580',1602,,872,27,,,0
1029,'1496583',802,,873,27,,,0
1029,'1496584',1202,,874,27,,,0
1029,'1496585',902,,875,27,,,0
1029,'1496588',1702,,876,27,,,0
1029,'1496589',1402,,877,27,,,0
