2019,'1492023',2245,,191,43,,,0
2019,'1492024',1230,,192,43,,,0
2019,'1492025',1400,,193,43,,,0
2019,'1492027',2145,,194,43,,,0
2019,'1492028',1845,,195,43,,,0
2019,'1492032',1330,,196,43,,,0
2019,'1492034',1500,,197,43,,,0
2019,'1492036',1000,,198,43,,,0
2019,'1492037',1530,,199,43,,,0
2019,'1492038',930,,200,43,,,0
2019,'1492040',1130,,201,43,,,0
2019,'1492042',900,,202,43,,,0
2019,'1492043',830,,203,43,,,0
2019,'1492045',1030,,204,43,,,0
2019,'1492048',1600,,205,43,,,0
2019,'1492053',2045,,206,43,,,0
2019,'1492055',730,,207,43,,,0
2019,'1492057',1730,,208,43,,,0
2019,'1492058',2343,,209,43,,,0
2019,'1492062',1430,,210,43,,,0
2019,'1492064',1100,,211,43,,,0
2019,'1492066',1200,,212,43,,,0
2019,'1492067',1630,,213,43,,,0
2019,'1492068',1800,,214,43,,,0
2019,'1492069',1700,,215,43,,,0
2019,'1492074',800,,216,43,,,0
2019,'1492075',1300,,217,43,,,0
2019,'1492077',700,,218,43,,,0
2019,'1492079',600,,220,21,,,0
2019,'1492080',1945,,221,43,,,0
2019,'1496953',1744,,611,44,,,0
2019,'1496954',2144,,612,44,,,0
2019,'1496955',1344,,613,44,,,0
2019,'1496957',1144,,614,44,,,0
2019,'1496958',1444,,615,44,,,0
2019,'1496961',2044,,616,44,,,0
2019,'1496962',744,,617,44,,,0
2019,'1496968',1244,,618,44,,,0
2019,'1496970',2244,,619,44,,,0
2019,'1496973',1544,,620,44,,,0
2019,'1496974',1844,,621,44,,,0
2019,'1496975',1044,,622,44,,,0
2019,'1496979',944,,623,44,,,0
2019,'1496981',844,,624,44,,,0
2019,'1496983',1644,,625,44,,,0
2019,'1496984',1944,,626,44,,,0
2019,'1496986',644,,627,44,,,0
2019,'1496987',614,,628,12,,,0
2019,'1496988',2343,,629,44,,,0
