2029,'1492022',2002,,280,27,,,0
2029,'1492026',902,,281,27,,,0
2029,'1492029',1402,,282,27,,,0
2029,'1492030',1202,,283,27,,,0
2029,'1492031',1802,,284,27,,,0
2029,'1492033',1232,,285,27,,,0
2029,'1492035',1532,,286,27,,,0
2029,'1492039',932,,287,27,,,0
2029,'1492041',2202,,288,27,,,0
2029,'1492044',802,,289,27,,,0
2029,'1492046',1602,,290,27,,,0
2029,'1492047',1432,,291,27,,,0
2029,'1492049',2301,,292,27,,,0
2029,'1492050',1032,,293,27,,,0
2029,'1492051',702,,294,27,,,0
2029,'1492052',1302,,295,27,,,0
2029,'1492054',1902,,296,27,,,0
2029,'1492056',1632,,297,27,,,0
2029,'1492059',1502,,298,27,,,0
2029,'1492060',1332,,299,27,,,0
2029,'1492061',732,,300,27,,,0
2029,'1492063',1702,,301,27,,,0
2029,'1492065',1002,,302,27,,,0
2029,'1492070',832,,303,27,,,0
2029,'1492071',2102,,304,27,,,0
2029,'1492072',1132,,305,27,,,0
2029,'1492073',1102,,306,27,,,0
2029,'1492076',1732,,307,27,,,0
2029,'1496956',1704,,630,28,,,0
2029,'1496959',1104,,631,28,,,0
2029,'1496960',2204,,632,28,,,0
2029,'1496963',2301,,633,28,,,0
2029,'1496964',1004,,634,28,,,0
2029,'1496965',2004,,635,28,,,0
2029,'1496966',904,,636,28,,,0
2029,'1496967',1504,,637,28,,,0
2029,'1496969',2104,,638,28,,,0
2029,'1496971',1804,,639,28,,,0
2029,'1496972',1204,,640,28,,,0
2029,'1496976',1404,,641,28,,,0
2029,'1496977',804,,642,28,,,0
2029,'1496978',1304,,643,28,,,0
2029,'1496980',1904,,644,28,,,0
2029,'1496982',1604,,645,28,,,0
2029,'1496985',704,,646,28,,,0
