3019,'1491899',1556,,370,50,,,0
3019,'1491900',1726,,371,50,,,0
3019,'1491901',2041,,372,50,,,0
3019,'1491902',856,,373,50,,,0
3019,'1491903',726,,374,50,,,0
3019,'1491904',1626,,375,50,,,0
3019,'1491905',1156,,376,50,,,0
3019,'1491906',1126,,377,50,,,0
3019,'1491907',756,,378,50,,,0
3019,'1491908',926,,379,50,,,0
3019,'1491909',2241,,380,50,,,0
3019,'1491910',1356,,381,50,,,0
3019,'1491911',1326,,382,50,,,0
3019,'1491912',1456,,383,50,,,0
3019,'1491913',1256,,384,50,,,0
3019,'1491914',2141,,385,50,,,0
3019,'1491915',826,,386,50,,,0
3019,'1491916',1756,,387,50,,,0
3019,'1491917',1426,,388,50,,,0
3019,'1491918',1026,,389,50,,,0
3019,'1491919',1056,,390,50,,,0
3019,'1491920',1226,,391,50,,,0
3019,'1491921',1656,,392,50,,,0
3019,'1491922',956,,393,50,,,0
3019,'1491923',1526,,394,50,,,0
3019,'1491924',1841,,395,50,,,0
3019,'1491925',2338,,396,50,,,0
3019,'1491928',1941,,399,50,,,0
3019,'1492021',656,,400,50,,,0
3019,'1496989',741,,647,49,,,0
3019,'1496991',1441,,649,49,,,0
3019,'1496993',841,,651,49,,,0
3019,'1496994',1141,,652,49,,,0
3019,'1496995',2241,,653,49,,,0
3019,'1496996',1841,,654,49,,,0
3019,'1496999',1341,,657,49,,,0
3019,'1497001',1941,,659,49,,,0
3019,'1497003',1641,,661,49,,,0
3019,'1497004',941,,662,49,,,0
3019,'1497005',1241,,663,49,,,0
3019,'1497009',2141,,667,49,,,0
3019,'1497010',1741,,668,49,,,0
3019,'1497011',1041,,669,49,,,0
3019,'1497015',1541,,673,49,,,0
3019,'1497020',2041,,678,49,,,0
3019,'1497023',2338,,681,49,,,0
3019,'1497024',641,,682,49,,,0
