2029,'1492022',2011,,280,44,,,0
2029,'1492026',911,,281,44,,,0
2029,'1492029',1411,,282,44,,,0
2029,'1492030',1211,,283,44,,,0
2029,'1492031',1811,,284,44,,,0
2029,'1492033',1241,,285,44,,,0
2029,'1492035',1541,,286,44,,,0
2029,'1492039',941,,287,44,,,0
2029,'1492041',2211,,288,44,,,0
2029,'1492044',811,,289,44,,,0
2029,'1492046',1611,,290,44,,,0
2029,'1492047',1441,,291,44,,,0
2029,'1492049',2309,,292,44,,,0
2029,'1492050',1041,,293,44,,,0
2029,'1492051',711,,294,44,,,0
2029,'1492052',1311,,295,44,,,0
2029,'1492054',1911,,296,44,,,0
2029,'1492056',1641,,297,44,,,0
2029,'1492059',1511,,298,44,,,0
2029,'1492060',1341,,299,44,,,0
2029,'1492061',741,,300,44,,,0
2029,'1492063',1711,,301,44,,,0
2029,'1492065',1011,,302,44,,,0
2029,'1492070',841,,303,44,,,0
2029,'1492071',2111,,304,44,,,0
2029,'1492072',1141,,305,44,,,0
2029,'1492073',1111,,306,44,,,0
2029,'1492076',1741,,307,44,,,0
2029,'1492081',611,,308,8,,,0
2029,'1496956',1712,,630,45,,,0
2029,'1496959',1112,,631,45,,,0
2029,'1496960',2212,,632,45,,,0
2029,'1496963',2309,,633,45,,,0
2029,'1496964',1012,,634,45,,,0
2029,'1496965',2012,,635,45,,,0
2029,'1496966',912,,636,45,,,0
2029,'1496967',1512,,637,45,,,0
2029,'1496969',2112,,638,45,,,0
2029,'1496971',1812,,639,45,,,0
2029,'1496972',1212,,640,45,,,0
2029,'1496976',1412,,641,45,,,0
2029,'1496977',812,,642,45,,,0
2029,'1496978',1312,,643,45,,,0
2029,'1496980',1912,,644,45,,,0
2029,'1496982',1612,,645,45,,,0
2029,'1496985',712,,646,45,,,0
