3019,'1491899',1606,,370,66,,,0
3019,'1491900',1736,,371,66,,,0
3019,'1491901',2051,,372,66,,,0
3019,'1491902',906,,373,66,,,0
3019,'1491903',736,,374,66,,,0
3019,'1491904',1636,,375,66,,,0
3019,'1491905',1206,,376,66,,,0
3019,'1491906',1136,,377,66,,,0
3019,'1491907',806,,378,66,,,0
3019,'1491908',936,,379,66,,,0
3019,'1491909',2251,,380,66,,,0
3019,'1491910',1406,,381,66,,,0
3019,'1491911',1336,,382,66,,,0
3019,'1491912',1506,,383,66,,,0
3019,'1491913',1306,,384,66,,,0
3019,'1491914',2151,,385,66,,,0
3019,'1491915',836,,386,66,,,0
3019,'1491916',1806,,387,66,,,0
3019,'1491917',1436,,388,66,,,0
3019,'1491918',1036,,389,66,,,0
3019,'1491919',1106,,390,66,,,0
3019,'1491920',1236,,391,66,,,0
3019,'1491921',1706,,392,66,,,0
3019,'1491922',1006,,393,66,,,0
3019,'1491923',1536,,394,66,,,0
3019,'1491924',1851,,395,66,,,0
3019,'1491925',2346,,396,66,,,0
3019,'1491927',606,,398,9,,,0
3019,'1491928',1951,,399,66,,,0
3019,'1492021',706,,400,66,,,0
3019,'1496989',751,,647,65,,,0
3019,'1496991',1451,,649,65,,,0
3019,'1496993',851,,651,65,,,0
3019,'1496994',1151,,652,65,,,0
3019,'1496995',2251,,653,65,,,0
3019,'1496996',1851,,654,65,,,0
3019,'1496999',1351,,657,65,,,0
3019,'1497001',1951,,659,65,,,0
3019,'1497003',1651,,661,65,,,0
3019,'1497004',951,,662,65,,,0
3019,'1497005',1251,,663,65,,,0
3019,'1497009',2151,,667,65,,,0
3019,'1497010',1751,,668,65,,,0
3019,'1497011',1051,,669,65,,,0
3019,'1497015',1551,,673,65,,,0
3019,'1497020',2051,,678,65,,,0
3019,'1497022',621,,680,9,,,0
3019,'1497023',2346,,681,65,,,0
3019,'1497024',651,,682,65,,,0
