2029,'1492022',2043,,280,93,,,0
2029,'1492026',943,,281,93,,,0
2029,'1492029',1443,,282,93,,,0
2029,'1492030',1243,,283,93,,,0
2029,'1492031',1843,,284,93,,,0
2029,'1492033',1313,,285,93,,,0
2029,'1492035',1613,,286,93,,,0
2029,'1492039',1013,,287,93,,,0
2029,'1492041',2243,,288,93,,,0
2029,'1492044',843,,289,93,,,0
2029,'1492046',1643,,290,93,,,0
2029,'1492047',1513,,291,93,,,0
2029,'1492049',2338,,292,93,,,0
2029,'1492050',1113,,293,93,,,0
2029,'1492051',743,,294,93,,,0
2029,'1492052',1343,,295,93,,,0
2029,'1492054',1943,,296,93,,,0
2029,'1492056',1713,,297,93,,,0
2029,'1492059',1543,,298,93,,,0
2029,'1492060',1413,,299,93,,,0
2029,'1492061',813,,300,93,,,0
2029,'1492063',1743,,301,93,,,0
2029,'1492065',1043,,302,93,,,0
2029,'1492070',913,,303,93,,,0
2029,'1492071',2143,,304,93,,,0
2029,'1492072',1213,,305,93,,,0
2029,'1492073',1143,,306,93,,,0
2029,'1492076',1813,,307,93,,,0
2029,'1492081',643,,308,57,,,0
2029,'1496956',1743,,630,94,,,0
2029,'1496959',1143,,631,94,,,0
2029,'1496960',2243,,632,94,,,0
2029,'1496963',2338,,633,94,,,0
2029,'1496964',1043,,634,94,,,0
2029,'1496965',2043,,635,94,,,0
2029,'1496966',943,,636,94,,,0
2029,'1496967',1543,,637,94,,,0
2029,'1496969',2143,,638,94,,,0
2029,'1496971',1843,,639,94,,,0
2029,'1496972',1243,,640,94,,,0
2029,'1496976',1443,,641,94,,,0
2029,'1496977',843,,642,94,,,0
2029,'1496978',1343,,643,94,,,0
2029,'1496980',1943,,644,94,,,0
2029,'1496982',1643,,645,94,,,0
2029,'1496985',743,,646,94,,,0
