2029,'1496221',643,,971,58,,,0
2029,'1496281',643,,972,58,,,0
2029,'1497044',944,,973,95,,,0
2029,'1497045',1444,,974,95,,,0
2029,'1497046',1244,,975,95,,,0
2029,'1497047',1314,,976,95,,,0
2029,'1497048',1614,,977,95,,,0
2029,'1497049',1014,,978,95,,,0
2029,'1497050',844,,979,95,,,0
2029,'1497051',1644,,980,95,,,0
2029,'1497052',1514,,981,95,,,0
2029,'1497053',1114,,982,95,,,0
2029,'1497054',744,,983,95,,,0
2029,'1497055',1344,,984,95,,,0
2029,'1497056',1714,,985,95,,,0
2029,'1497057',1544,,986,95,,,0
2029,'1497058',1414,,987,95,,,0
2029,'1497059',814,,988,95,,,0
2029,'1497060',1744,,989,95,,,0
2029,'1497061',1044,,990,95,,,0
2029,'1497062',914,,991,95,,,0
2029,'1497063',1214,,992,95,,,0
2029,'1497064',1144,,993,95,,,0
2029,'1497065',1814,,994,95,,,0
2029,'1497066',2044,,995,95,,,0
2029,'1497067',944,,996,95,,,0
2029,'1497068',1444,,997,95,,,0
2029,'1497069',1244,,998,95,,,0
2029,'1497070',1844,,999,95,,,0
2029,'1497071',1314,,1000,95,,,0
2029,'1497072',1614,,1001,95,,,0
2029,'1497073',1014,,1002,95,,,0
2029,'1497074',2244,,1003,95,,,0
2029,'1497075',844,,1004,95,,,0
2029,'1497076',1644,,1005,95,,,0
2029,'1497077',1514,,1006,95,,,0
2029,'1497078',2338,,1007,95,,,0
2029,'1497079',1114,,1008,95,,,0
2029,'1497080',744,,1009,95,,,0
2029,'1497081',1344,,1010,95,,,0
2029,'1497082',1944,,1011,95,,,0
2029,'1497083',1714,,1012,95,,,0
2029,'1497084',1544,,1013,95,,,0
2029,'1497085',1414,,1014,95,,,0
2029,'1497086',814,,1015,95,,,0
2029,'1497087',1744,,1016,95,,,0
2029,'1497088',1044,,1017,95,,,0
2029,'1497089',914,,1018,95,,,0
2029,'1497090',2144,,1019,95,,,0
2029,'1497091',1214,,1020,95,,,0
2029,'1497092',1144,,1021,95,,,0
2029,'1497093',1814,,1022,95,,,0
2029,'1497094',1744,,1023,95,,,0
2029,'1497095',1144,,1024,95,,,0
2029,'1497096',2244,,1025,95,,,0
2029,'1497097',2338,,1026,95,,,0
2029,'1497098',1044,,1027,95,,,0
2029,'1497099',2044,,1028,95,,,0
2029,'1497100',944,,1029,95,,,0
2029,'1497101',1544,,1030,95,,,0
2029,'1497102',2144,,1031,95,,,0
2029,'1497103',1844,,1032,95,,,0
2029,'1497104',1244,,1033,95,,,0
2029,'1497105',1444,,1034,95,,,0
2029,'1497106',844,,1035,95,,,0
2029,'1497107',1344,,1036,95,,,0
2029,'1497108',1944,,1037,95,,,0
2029,'1497109',1644,,1038,95,,,0
2029,'1497110',744,,1039,95,,,0
2029,'1497111',1744,,1040,95,,,0
2029,'1497112',1144,,1041,95,,,0
2029,'1497113',2244,,1042,95,,,0
2029,'1497114',2338,,1043,95,,,0
2029,'1497115',1044,,1044,95,,,0
2029,'1497116',2044,,1045,95,,,0
2029,'1497117',944,,1046,95,,,0
2029,'1497118',1544,,1047,95,,,0
2029,'1497119',2144,,1048,95,,,0
2029,'1497120',1844,,1049,95,,,0
2029,'1497121',1244,,1050,95,,,0
2029,'1497122',1444,,1051,95,,,0
2029,'1497123',844,,1052,95,,,0
2029,'1497124',1344,,1053,95,,,0
2029,'1497125',1944,,1054,95,,,0
2029,'1497126',1644,,1055,95,,,0
