2019,'1492023',2256,,191,53,,,0
2019,'1492024',1241,,192,53,,,0
2019,'1492025',1411,,193,53,,,0
2019,'1492027',2156,,194,53,,,0
2019,'1492028',1856,,195,53,,,0
2019,'1492032',1341,,196,53,,,0
2019,'1492034',1511,,197,53,,,0
2019,'1492036',1011,,198,53,,,0
2019,'1492037',1541,,199,53,,,0
2019,'1492038',941,,200,53,,,0
2019,'1492040',1141,,201,53,,,0
2019,'1492042',911,,202,53,,,0
2019,'1492043',841,,203,53,,,0
2019,'1492045',1041,,204,53,,,0
2019,'1492048',1611,,205,53,,,0
2019,'1492053',2056,,206,53,,,0
2019,'1492055',741,,207,53,,,0
2019,'1492057',1741,,208,53,,,0
2019,'1492058',2352,,209,53,,,0
2019,'1492062',1441,,210,53,,,0
2019,'1492064',1111,,211,53,,,0
2019,'1492066',1211,,212,53,,,0
2019,'1492067',1641,,213,53,,,0
2019,'1492068',1811,,214,53,,,0
2019,'1492069',1711,,215,53,,,0
2019,'1492074',811,,216,53,,,0
2019,'1492075',1311,,217,53,,,0
2019,'1492077',711,,218,53,,,0
2019,'1492079',611,,220,31,,,0
2019,'1492080',1956,,221,53,,,0
2019,'1496953',1754,,611,54,,,0
2019,'1496954',2154,,612,54,,,0
2019,'1496955',1354,,613,54,,,0
2019,'1496957',1154,,614,54,,,0
2019,'1496958',1454,,615,54,,,0
2019,'1496961',2054,,616,54,,,0
2019,'1496962',754,,617,54,,,0
2019,'1496968',1254,,618,54,,,0
2019,'1496970',2254,,619,54,,,0
2019,'1496973',1554,,620,54,,,0
2019,'1496974',1854,,621,54,,,0
2019,'1496975',1054,,622,54,,,0
2019,'1496979',954,,623,54,,,0
2019,'1496981',854,,624,54,,,0
2019,'1496983',1654,,625,54,,,0
2019,'1496984',1954,,626,54,,,0
2019,'1496986',654,,627,54,,,0
2019,'1496987',624,,628,22,,,0
2019,'1496988',2352,,629,54,,,0
2029,'1492022',2031,,280,75,,,0
2029,'1492026',931,,281,75,,,0
2029,'1492029',1431,,282,75,,,0
2029,'1492030',1231,,283,75,,,0
2029,'1492031',1831,,284,75,,,0
2029,'1492033',1301,,285,75,,,0
2029,'1492035',1601,,286,75,,,0
2029,'1492039',1001,,287,75,,,0
2029,'1492041',2231,,288,75,,,0
2029,'1492044',831,,289,75,,,0
2029,'1492046',1631,,290,75,,,0
2029,'1492047',1501,,291,75,,,0
2029,'1492049',2328,,292,75,,,0
2029,'1492050',1101,,293,75,,,0
2029,'1492051',731,,294,75,,,0
2029,'1492052',1331,,295,75,,,0
2029,'1492054',1931,,296,75,,,0
2029,'1492056',1701,,297,75,,,0
2029,'1492059',1531,,298,75,,,0
2029,'1492060',1401,,299,75,,,0
2029,'1492061',801,,300,75,,,0
2029,'1492063',1731,,301,75,,,0
2029,'1492065',1031,,302,75,,,0
2029,'1492070',901,,303,75,,,0
2029,'1492071',2131,,304,75,,,0
2029,'1492072',1201,,305,75,,,0
2029,'1492073',1131,,306,75,,,0
2029,'1492076',1801,,307,75,,,0
2029,'1492081',631,,308,39,,,0
2029,'1496956',1731,,630,76,,,0
2029,'1496959',1131,,631,76,,,0
2029,'1496960',2231,,632,76,,,0
2029,'1496963',2328,,633,76,,,0
2029,'1496964',1031,,634,76,,,0
2029,'1496965',2031,,635,76,,,0
2029,'1496966',931,,636,76,,,0
2029,'1496967',1531,,637,76,,,0
2029,'1496969',2131,,638,76,,,0
2029,'1496971',1831,,639,76,,,0
2029,'1496972',1231,,640,76,,,0
2029,'1496976',1431,,641,76,,,0
2029,'1496977',831,,642,76,,,0
2029,'1496978',1331,,643,76,,,0
2029,'1496980',1931,,644,76,,,0
2029,'1496982',1631,,645,76,,,0
2029,'1496985',731,,646,76,,,0
3019,'1491899',1642,,370,108,,,0
3019,'1491900',1812,,371,108,,,0
3019,'1491901',2127,,372,108,,,0
3019,'1491902',942,,373,108,,,0
3019,'1491903',812,,374,108,,,0
3019,'1491904',1712,,375,108,,,0
3019,'1491905',1242,,376,108,,,0
3019,'1491906',1212,,377,108,,,0
3019,'1491907',842,,378,108,,,0
3019,'1491908',1012,,379,108,,,0
3019,'1491909',2327,,380,108,,,0
3019,'1491910',1442,,381,108,,,0
3019,'1491911',1412,,382,108,,,0
3019,'1491912',1542,,383,108,,,0
3019,'1491913',1342,,384,108,,,0
3019,'1491914',2227,,385,108,,,0
3019,'1491915',912,,386,108,,,0
3019,'1491916',1842,,387,108,,,0
3019,'1491917',1512,,388,108,,,0
3019,'1491918',1112,,389,108,,,0
3019,'1491919',1142,,390,108,,,0
3019,'1491920',1312,,391,108,,,0
3019,'1491921',1742,,392,108,,,0
3019,'1491922',1042,,393,108,,,0
3019,'1491923',1612,,394,108,,,0
3019,'1491924',1927,,395,108,,,0
3019,'1491926',612,,397,17,,,0
3019,'1491927',642,,398,51,,,0
3019,'1491928',2027,,399,108,,,0
3019,'1492021',742,,400,108,,,0
3019,'1496989',827,,647,108,,,0
3019,'1496991',1527,,649,108,,,0
3019,'1496993',927,,651,108,,,0
3019,'1496994',1227,,652,108,,,0
3019,'1496995',2327,,653,108,,,0
3019,'1496996',1927,,654,108,,,0
3019,'1496999',1427,,657,108,,,0
3019,'1497001',2027,,659,108,,,0
3019,'1497003',1727,,661,108,,,0
3019,'1497004',1027,,662,108,,,0
3019,'1497005',1327,,663,108,,,0
3019,'1497009',2227,,667,108,,,0
3019,'1497010',1827,,668,108,,,0
3019,'1497011',1127,,669,108,,,0
3019,'1497015',1627,,673,108,,,0
3019,'1497020',2127,,678,108,,,0
3019,'1497022',657,,680,52,,,0
3019,'1497024',727,,682,108,,,0
