1029,'1496065',1426,,792,21,,,0
1029,'1496066',1526,,793,21,,,0
1029,'1496068',1626,,794,21,,,0
1029,'1496070',726,,795,21,,,0
1029,'1496073',1026,,796,21,,,0
1029,'1496077',856,,797,21,,,0
1029,'1496078',1656,,798,21,,,0
1029,'1496079',1556,,799,21,,,0
1029,'1496081',1156,,800,21,,,0
1029,'1496082',1226,,801,21,,,0
1029,'1496083',1356,,802,21,,,0
1029,'1496084',956,,803,21,,,0
1029,'1496086',656,,804,21,,,0
1029,'1496088',1726,,805,21,,,0
1029,'1496092',1326,,806,21,,,0
1029,'1496094',926,,807,21,,,0
1029,'1496096',1126,,808,21,,,0
1029,'1496098',826,,809,21,,,0
1029,'1496101',756,,810,21,,,0
1029,'1496105',1456,,811,21,,,0
1029,'1496106',1256,,812,21,,,0
1029,'1496108',1056,,813,21,,,0
1029,'1496294',1426,,815,21,,,0
1029,'1496295',1526,,816,21,,,0
1029,'1496297',1626,,817,21,,,0
1029,'1496299',726,,818,21,,,0
1029,'1496300',2056,,819,21,,,0
1029,'1496304',1026,,820,21,,,0
1029,'1496309',1956,,821,21,,,0
1029,'1496310',856,,822,21,,,0
1029,'1496311',1656,,823,21,,,0
1029,'1496312',1556,,824,21,,,0
1029,'1496316',1756,,825,21,,,0
1029,'1496317',1156,,826,21,,,0
1029,'1496318',1226,,827,21,,,0
1029,'1496319',1356,,828,21,,,0
1029,'1496320',956,,829,21,,,0
1029,'1496322',656,,830,21,,,0
1029,'1496324',1826,,831,21,,,0
1029,'1496325',1726,,832,21,,,0
1029,'1496329',1326,,833,21,,,0
1029,'1496332',926,,834,21,,,0
1029,'1496333',2156,,835,21,,,0
1029,'1496335',1126,,836,21,,,0
1029,'1496337',2256,,837,21,,,0
1029,'1496339',826,,838,21,,,0
1029,'1496342',756,,839,21,,,0
1029,'1496346',1456,,840,21,,,0
1029,'1496347',1256,,841,21,,,0
1029,'1496349',1056,,842,21,,,0
1029,'1496354',1856,,844,21,,,0
1029,'1496527',1856,,845,21,,,0
1029,'1496528',2056,,846,21,,,0
1029,'1496533',1756,,847,21,,,0
1029,'1496534',2156,,848,21,,,0
1029,'1496535',1256,,849,21,,,0
1029,'1496537',1056,,850,21,,,0
1029,'1496539',956,,851,21,,,0
1029,'1496540',1956,,852,21,,,0
1029,'1496542',656,,853,21,,,0
1029,'1496544',2256,,854,21,,,0
1029,'1496545',1456,,855,21,,,0
1029,'1496547',1556,,856,21,,,0
1029,'1496550',756,,857,21,,,0
1029,'1496551',1156,,858,21,,,0
1029,'1496552',856,,859,21,,,0
1029,'1496555',1656,,860,21,,,0
1029,'1496556',1356,,861,21,,,0
1029,'1496562',1856,,862,21,,,0
1029,'1496563',2056,,863,21,,,0
1029,'1496567',1756,,864,21,,,0
1029,'1496568',2156,,865,21,,,0
1029,'1496569',1256,,866,21,,,0
1029,'1496571',1056,,867,21,,,0
1029,'1496573',956,,868,21,,,0
1029,'1496574',1956,,869,21,,,0
1029,'1496577',2256,,870,21,,,0
1029,'1496578',1456,,871,21,,,0
1029,'1496580',1556,,872,21,,,0
1029,'1496583',756,,873,21,,,0
1029,'1496584',1156,,874,21,,,0
1029,'1496585',856,,875,21,,,0
1029,'1496588',1656,,876,21,,,0
1029,'1496589',1356,,877,21,,,0
2029,'1497044',900,,973,22,,,0
2029,'1497045',1400,,974,22,,,0
2029,'1497046',1200,,975,22,,,0
2029,'1497047',1230,,976,22,,,0
2029,'1497048',1530,,977,22,,,0
2029,'1497049',930,,978,22,,,0
2029,'1497050',800,,979,22,,,0
2029,'1497051',1600,,980,22,,,0
2029,'1497052',1430,,981,22,,,0
2029,'1497053',1030,,982,22,,,0
2029,'1497054',700,,983,22,,,0
2029,'1497055',1300,,984,22,,,0
2029,'1497056',1630,,985,22,,,0
2029,'1497057',1500,,986,22,,,0
2029,'1497058',1330,,987,22,,,0
2029,'1497059',730,,988,22,,,0
2029,'1497060',1700,,989,22,,,0
2029,'1497061',1000,,990,22,,,0
2029,'1497062',830,,991,22,,,0
2029,'1497063',1130,,992,22,,,0
2029,'1497064',1100,,993,22,,,0
2029,'1497065',1730,,994,22,,,0
2029,'1497066',2000,,995,22,,,0
2029,'1497067',900,,996,22,,,0
2029,'1497068',1400,,997,22,,,0
2029,'1497069',1200,,998,22,,,0
2029,'1497070',1800,,999,22,,,0
2029,'1497071',1230,,1000,22,,,0
2029,'1497072',1530,,1001,22,,,0
2029,'1497073',930,,1002,22,,,0
2029,'1497074',2200,,1003,22,,,0
2029,'1497075',800,,1004,22,,,0
2029,'1497076',1600,,1005,22,,,0
2029,'1497077',1430,,1006,22,,,0
2029,'1497078',2256,,1007,22,,,0
2029,'1497079',1030,,1008,22,,,0
2029,'1497080',700,,1009,22,,,0
2029,'1497081',1300,,1010,22,,,0
2029,'1497082',1900,,1011,22,,,0
2029,'1497083',1630,,1012,22,,,0
2029,'1497084',1500,,1013,22,,,0
2029,'1497085',1330,,1014,22,,,0
2029,'1497086',730,,1015,22,,,0
2029,'1497087',1700,,1016,22,,,0
2029,'1497088',1000,,1017,22,,,0
2029,'1497089',830,,1018,22,,,0
2029,'1497090',2100,,1019,22,,,0
2029,'1497091',1130,,1020,22,,,0
2029,'1497092',1100,,1021,22,,,0
2029,'1497093',1730,,1022,22,,,0
2029,'1497094',1700,,1023,22,,,0
2029,'1497095',1100,,1024,22,,,0
2029,'1497096',2200,,1025,22,,,0
2029,'1497097',2256,,1026,22,,,0
2029,'1497098',1000,,1027,22,,,0
2029,'1497099',2000,,1028,22,,,0
2029,'1497100',900,,1029,22,,,0
2029,'1497101',1500,,1030,22,,,0
2029,'1497102',2100,,1031,22,,,0
2029,'1497103',1800,,1032,22,,,0
2029,'1497104',1200,,1033,22,,,0
2029,'1497105',1400,,1034,22,,,0
2029,'1497106',800,,1035,22,,,0
2029,'1497107',1300,,1036,22,,,0
2029,'1497108',1900,,1037,22,,,0
2029,'1497109',1600,,1038,22,,,0
2029,'1497110',700,,1039,22,,,0
2029,'1497111',1700,,1040,22,,,0
2029,'1497112',1100,,1041,22,,,0
2029,'1497113',2200,,1042,22,,,0
2029,'1497114',2256,,1043,22,,,0
2029,'1497115',1000,,1044,22,,,0
2029,'1497116',2000,,1045,22,,,0
2029,'1497117',900,,1046,22,,,0
2029,'1497118',1500,,1047,22,,,0
2029,'1497119',2100,,1048,22,,,0
2029,'1497120',1800,,1049,22,,,0
2029,'1497121',1200,,1050,22,,,0
2029,'1497122',1400,,1051,22,,,0
2029,'1497123',800,,1052,22,,,0
2029,'1497124',1300,,1053,22,,,0
2029,'1497125',1900,,1054,22,,,0
2029,'1497126',1600,,1055,22,,,0
