2029,'1492022',2032,,280,77,,,0
2029,'1492026',932,,281,77,,,0
2029,'1492029',1432,,282,77,,,0
2029,'1492030',1232,,283,77,,,0
2029,'1492031',1832,,284,77,,,0
2029,'1492033',1302,,285,77,,,0
2029,'1492035',1602,,286,77,,,0
2029,'1492039',1002,,287,77,,,0
2029,'1492041',2232,,288,77,,,0
2029,'1492044',832,,289,77,,,0
2029,'1492046',1632,,290,77,,,0
2029,'1492047',1502,,291,77,,,0
2029,'1492049',2329,,292,77,,,0
2029,'1492050',1102,,293,77,,,0
2029,'1492051',732,,294,77,,,0
2029,'1492052',1332,,295,77,,,0
2029,'1492054',1932,,296,77,,,0
2029,'1492056',1702,,297,77,,,0
2029,'1492059',1532,,298,77,,,0
2029,'1492060',1402,,299,77,,,0
2029,'1492061',802,,300,77,,,0
2029,'1492063',1732,,301,77,,,0
2029,'1492065',1032,,302,77,,,0
2029,'1492070',902,,303,77,,,0
2029,'1492071',2132,,304,77,,,0
2029,'1492072',1202,,305,77,,,0
2029,'1492073',1132,,306,77,,,0
2029,'1492076',1802,,307,77,,,0
2029,'1492081',632,,308,41,,,0
2029,'1496956',1732,,630,78,,,0
2029,'1496959',1132,,631,78,,,0
2029,'1496960',2232,,632,78,,,0
2029,'1496963',2329,,633,78,,,0
2029,'1496964',1032,,634,78,,,0
2029,'1496965',2032,,635,78,,,0
2029,'1496966',932,,636,78,,,0
2029,'1496967',1532,,637,78,,,0
2029,'1496969',2132,,638,78,,,0
2029,'1496971',1832,,639,78,,,0
2029,'1496972',1232,,640,78,,,0
2029,'1496976',1432,,641,78,,,0
2029,'1496977',832,,642,78,,,0
2029,'1496978',1332,,643,78,,,0
2029,'1496980',1932,,644,78,,,0
2029,'1496982',1632,,645,78,,,0
2029,'1496985',732,,646,78,,,0
