1019,'1491950',707,,37,13,,,0
1019,'1491952',807,,38,13,,,0
1019,'1491955',1537,,39,13,,,0
1019,'1491956',2122,,40,13,,,0
1019,'1491957',1637,,41,13,,,0
1019,'1491959',737,,42,13,,,0
1019,'1491960',1437,,43,13,,,0
1019,'1491961',1237,,44,13,,,0
1019,'1491962',1807,,45,13,,,0
1019,'1491967',1337,,46,13,,,0
1019,'1491968',1922,,47,13,,,0
1019,'1491969',2022,,48,13,,,0
1019,'1491975',1037,,49,13,,,0
1019,'1491977',1307,,50,13,,,0
1019,'1491980',837,,51,13,,,0
1019,'1491981',1137,,52,13,,,0
1019,'1491982',937,,53,13,,,0
1019,'1491984',2322,,54,13,,,0
1019,'1491985',1737,,55,13,,,0
1019,'1491988',1007,,56,13,,,0
1019,'1491990',907,,57,13,,,0
1019,'1491992',2222,,58,13,,,0
1019,'1491994',1407,,59,13,,,0
1019,'1491995',1507,,60,13,,,0
1019,'1491997',637,,61,13,,,0
1019,'1491998',1207,,62,13,,,0
1019,'1491999',1107,,63,13,,,0
1019,'1492002',1707,,64,13,,,0
1019,'1492004',1607,,65,13,,,0
1019,'1492007',1837,,67,13,,,0
1019,'1496918',1322,,576,13,,,0
1019,'1496921',1922,,577,13,,,0
1019,'1496922',722,,578,13,,,0
1019,'1496923',622,,579,13,,,0
1019,'1496924',2022,,580,13,,,0
1019,'1496928',1022,,581,13,,,0
1019,'1496930',1422,,582,13,,,0
1019,'1496933',1622,,583,13,,,0
1019,'1496935',1122,,584,13,,,0
1019,'1496938',2122,,585,13,,,0
1019,'1496940',1522,,586,13,,,0
1019,'1496941',1722,,587,13,,,0
1019,'1496945',922,,588,13,,,0
1019,'1496946',822,,589,13,,,0
1019,'1496949',1222,,590,13,,,0
1019,'1496950',1822,,591,13,,,0
1019,'1496951',2322,,592,13,,,0
1019,'1496952',2222,,593,13,,,0
