1029,'1491948',1424,,124,14,,,0
1029,'1491949',1524,,125,14,,,0
1029,'1491951',1624,,126,14,,,0
1029,'1491953',724,,127,14,,,0
1029,'1491954',2054,,128,14,,,0
1029,'1491958',1024,,129,14,,,0
1029,'1491963',1954,,130,14,,,0
1029,'1491964',854,,131,14,,,0
1029,'1491965',1654,,132,14,,,0
1029,'1491966',1554,,133,14,,,0
1029,'1491970',1754,,134,14,,,0
1029,'1491971',1154,,135,14,,,0
1029,'1491972',1224,,136,14,,,0
1029,'1491973',1354,,137,14,,,0
1029,'1491974',954,,138,14,,,0
1029,'1491976',654,,139,14,,,0
1029,'1491978',1824,,140,14,,,0
1029,'1491979',1724,,141,14,,,0
1029,'1491983',1324,,142,14,,,0
1029,'1491986',924,,143,14,,,0
1029,'1491987',2154,,144,14,,,0
1029,'1491989',1124,,145,14,,,0
1029,'1491991',2254,,146,14,,,0
1029,'1491993',824,,147,14,,,0
1029,'1491996',754,,148,14,,,0
1029,'1492000',1454,,149,14,,,0
1029,'1492001',1254,,150,14,,,0
1029,'1492003',1054,,151,14,,,0
1029,'1492008',1854,,153,14,,,0
1029,'1496919',1853,,594,14,,,0
1029,'1496920',2053,,595,14,,,0
1029,'1496925',1753,,596,14,,,0
1029,'1496926',2153,,597,14,,,0
1029,'1496927',1253,,598,14,,,0
1029,'1496929',1053,,599,14,,,0
1029,'1496931',953,,600,14,,,0
1029,'1496932',1953,,601,14,,,0
1029,'1496934',653,,602,14,,,0
1029,'1496936',2253,,603,14,,,0
1029,'1496937',1453,,604,14,,,0
1029,'1496939',1553,,605,14,,,0
1029,'1496942',753,,606,14,,,0
1029,'1496943',1153,,607,14,,,0
1029,'1496944',853,,608,14,,,0
1029,'1496947',1653,,609,14,,,0
1029,'1496948',1353,,610,14,,,0
