3019,'1496125',1605,,1056,64,,,0
3019,'1496128',1735,,1059,64,,,0
3019,'1496129',905,,1060,64,,,0
3019,'1496130',735,,1061,64,,,0
3019,'1496131',1635,,1062,64,,,0
3019,'1496133',1205,,1064,64,,,0
3019,'1496134',1135,,1065,64,,,0
3019,'1496136',805,,1067,64,,,0
3019,'1496138',935,,1069,64,,,0
3019,'1496141',1405,,1072,64,,,0
3019,'1496142',1335,,1073,64,,,0
3019,'1496144',1505,,1075,64,,,0
3019,'1496146',1305,,1077,64,,,0
3019,'1496151',835,,1082,64,,,0
3019,'1496153',1805,,1084,64,,,0
3019,'1496154',1435,,1085,64,,,0
3019,'1496155',1035,,1086,64,,,0
3019,'1496159',1105,,1090,64,,,0
3019,'1496164',1235,,1095,64,,,0
3019,'1496165',1705,,1096,64,,,0
3019,'1496167',1005,,1098,64,,,0
3019,'1496168',1535,,1099,64,,,0
3019,'1496171',605,,1102,8,,,0
3019,'1496173',705,,1104,64,,,0
3019,'1496374',1605,,1105,64,,,0
3019,'1496377',1735,,1108,64,,,0
3019,'1496378',2050,,1109,64,,,0
3019,'1496380',905,,1111,64,,,0
3019,'1496381',735,,1112,64,,,0
3019,'1496382',1635,,1113,64,,,0
3019,'1496385',1205,,1116,64,,,0
3019,'1496386',1135,,1117,64,,,0
3019,'1496388',805,,1119,64,,,0
3019,'1496392',935,,1123,64,,,0
3019,'1496395',2250,,1126,64,,,0
3019,'1496396',1405,,1127,64,,,0
3019,'1496398',1335,,1129,64,,,0
3019,'1496400',1505,,1131,64,,,0
3019,'1496402',1305,,1133,64,,,0
3019,'1496404',2150,,1135,64,,,0
3019,'1496409',835,,1140,64,,,0
3019,'1496411',1805,,1142,64,,,0
3019,'1496412',1435,,1143,64,,,0
3019,'1496413',1035,,1144,64,,,0
3019,'1496417',1105,,1148,64,,,0
3019,'1496422',1235,,1153,64,,,0
3019,'1496423',1705,,1154,64,,,0
3019,'1496425',1005,,1156,64,,,0
3019,'1496426',1535,,1157,64,,,0
3019,'1496427',1850,,1158,64,,,0
3019,'1496429',2345,,1160,64,,,0
3019,'1496431',605,,1162,8,,,0
3019,'1496432',1950,,1163,64,,,0
3019,'1496434',705,,1165,64,,,0
3019,'1496453',750,,1166,64,,,0
3019,'1496455',1450,,1168,64,,,0
3019,'1496457',850,,1170,64,,,0
3019,'1496458',1150,,1171,64,,,0
3019,'1496459',2250,,1172,64,,,0
3019,'1496460',1850,,1173,64,,,0
3019,'1496463',1350,,1176,64,,,0
3019,'1496465',1950,,1178,64,,,0
3019,'1496467',1650,,1180,64,,,0
3019,'1496468',950,,1181,64,,,0
3019,'1496469',1250,,1182,64,,,0
3019,'1496473',2150,,1186,64,,,0
3019,'1496474',1750,,1187,64,,,0
3019,'1496475',1050,,1188,64,,,0
3019,'1496479',1550,,1192,64,,,0
3019,'1496484',2050,,1197,64,,,0
3019,'1496486',620,,1199,8,,,0
3019,'1496487',2345,,1200,64,,,0
3019,'1496488',650,,1201,64,,,0
3019,'1496627',750,,1203,64,,,0
3019,'1496629',1450,,1205,64,,,0
3019,'1496631',850,,1207,64,,,0
3019,'1496632',1150,,1208,64,,,0
3019,'1496633',1850,,1209,64,,,0
3019,'1496636',1350,,1212,64,,,0
3019,'1496638',1950,,1214,64,,,0
3019,'1496640',1650,,1216,64,,,0
3019,'1496641',950,,1217,64,,,0
3019,'1496642',1250,,1218,64,,,0
3019,'1496645',2150,,1221,64,,,0
3019,'1496646',1750,,1222,64,,,0
3019,'1496647',1050,,1223,64,,,0
3019,'1496651',1550,,1227,64,,,0
3019,'1496656',2050,,1232,64,,,0
3019,'1496658',720,,1234,8,,,0
3019,'1496659',2345,,1235,64,,,0
