2019,'1492023',2219,,191,7,,,0
2019,'1492024',1204,,192,7,,,0
2019,'1492025',1334,,193,7,,,0
2019,'1492027',2119,,194,7,,,0
2019,'1492028',1819,,195,7,,,0
2019,'1492032',1304,,196,7,,,0
2019,'1492034',1434,,197,7,,,0
2019,'1492036',934,,198,7,,,0
2019,'1492037',1504,,199,7,,,0
2019,'1492038',904,,200,7,,,0
2019,'1492040',1104,,201,7,,,0
2019,'1492042',834,,202,7,,,0
2019,'1492043',804,,203,7,,,0
2019,'1492045',1004,,204,7,,,0
2019,'1492048',1534,,205,7,,,0
2019,'1492053',2019,,206,7,,,0
2019,'1492055',704,,207,7,,,0
2019,'1492057',1704,,208,7,,,0
2019,'1492058',2318,,209,7,,,0
2019,'1492062',1404,,210,7,,,0
2019,'1492064',1034,,211,7,,,0
2019,'1492066',1134,,212,7,,,0
2019,'1492067',1604,,213,7,,,0
2019,'1492068',1734,,214,7,,,0
2019,'1492069',1634,,215,7,,,0
2019,'1492074',734,,216,7,,,0
2019,'1492075',1234,,217,7,,,0
2019,'1492077',634,,218,7,,,0
2019,'1492080',1919,,221,7,,,0
2019,'1496953',1719,,611,7,,,0
2019,'1496954',2119,,612,7,,,0
2019,'1496955',1319,,613,7,,,0
2019,'1496957',1119,,614,7,,,0
2019,'1496958',1419,,615,7,,,0
2019,'1496961',2019,,616,7,,,0
2019,'1496962',719,,617,7,,,0
2019,'1496968',1219,,618,7,,,0
2019,'1496970',2219,,619,7,,,0
2019,'1496973',1519,,620,7,,,0
2019,'1496974',1819,,621,7,,,0
2019,'1496975',1019,,622,7,,,0
2019,'1496979',919,,623,7,,,0
2019,'1496981',819,,624,7,,,0
2019,'1496983',1619,,625,7,,,0
2019,'1496984',1919,,626,7,,,0
2019,'1496986',619,,627,7,,,0
2019,'1496988',2318,,629,7,,,0
