2029,'1488850',618,,970,2,,,0
2029,'1496221',647,,971,62,,,0
2029,'1496281',647,,972,62,,,0
2029,'1497044',948,,973,99,,,0
2029,'1497045',1448,,974,99,,,0
2029,'1497046',1248,,975,99,,,0
2029,'1497047',1318,,976,99,,,0
2029,'1497048',1618,,977,99,,,0
2029,'1497049',1018,,978,99,,,0
2029,'1497050',848,,979,99,,,0
2029,'1497051',1648,,980,99,,,0
2029,'1497052',1518,,981,99,,,0
2029,'1497053',1118,,982,99,,,0
2029,'1497054',748,,983,99,,,0
2029,'1497055',1348,,984,99,,,0
2029,'1497056',1718,,985,99,,,0
2029,'1497057',1548,,986,99,,,0
2029,'1497058',1418,,987,99,,,0
2029,'1497059',818,,988,99,,,0
2029,'1497060',1748,,989,99,,,0
2029,'1497061',1048,,990,99,,,0
2029,'1497062',918,,991,99,,,0
2029,'1497063',1218,,992,99,,,0
2029,'1497064',1148,,993,99,,,0
2029,'1497065',1818,,994,99,,,0
2029,'1497066',2048,,995,99,,,0
2029,'1497067',948,,996,99,,,0
2029,'1497068',1448,,997,99,,,0
2029,'1497069',1248,,998,99,,,0
2029,'1497070',1848,,999,99,,,0
2029,'1497071',1318,,1000,99,,,0
2029,'1497072',1618,,1001,99,,,0
2029,'1497073',1018,,1002,99,,,0
2029,'1497074',2248,,1003,99,,,0
2029,'1497075',848,,1004,99,,,0
2029,'1497076',1648,,1005,99,,,0
2029,'1497077',1518,,1006,99,,,0
2029,'1497078',2342,,1007,99,,,0
2029,'1497079',1118,,1008,99,,,0
2029,'1497080',748,,1009,99,,,0
2029,'1497081',1348,,1010,99,,,0
2029,'1497082',1948,,1011,99,,,0
2029,'1497083',1718,,1012,99,,,0
2029,'1497084',1548,,1013,99,,,0
2029,'1497085',1418,,1014,99,,,0
2029,'1497086',818,,1015,99,,,0
2029,'1497087',1748,,1016,99,,,0
2029,'1497088',1048,,1017,99,,,0
2029,'1497089',918,,1018,99,,,0
2029,'1497090',2148,,1019,99,,,0
2029,'1497091',1218,,1020,99,,,0
2029,'1497092',1148,,1021,99,,,0
2029,'1497093',1818,,1022,99,,,0
2029,'1497094',1748,,1023,99,,,0
2029,'1497095',1148,,1024,99,,,0
2029,'1497096',2248,,1025,99,,,0
2029,'1497097',2342,,1026,99,,,0
2029,'1497098',1048,,1027,99,,,0
2029,'1497099',2048,,1028,99,,,0
2029,'1497100',948,,1029,99,,,0
2029,'1497101',1548,,1030,99,,,0
2029,'1497102',2148,,1031,99,,,0
2029,'1497103',1848,,1032,99,,,0
2029,'1497104',1248,,1033,99,,,0
2029,'1497105',1448,,1034,99,,,0
2029,'1497106',848,,1035,99,,,0
2029,'1497107',1348,,1036,99,,,0
2029,'1497108',1948,,1037,99,,,0
2029,'1497109',1648,,1038,99,,,0
2029,'1497110',748,,1039,99,,,0
2029,'1497111',1748,,1040,99,,,0
2029,'1497112',1148,,1041,99,,,0
2029,'1497113',2248,,1042,99,,,0
2029,'1497114',2342,,1043,99,,,0
2029,'1497115',1048,,1044,99,,,0
2029,'1497116',2048,,1045,99,,,0
2029,'1497117',948,,1046,99,,,0
2029,'1497118',1548,,1047,99,,,0
2029,'1497119',2148,,1048,99,,,0
2029,'1497120',1848,,1049,99,,,0
2029,'1497121',1248,,1050,99,,,0
2029,'1497122',1448,,1051,99,,,0
2029,'1497123',848,,1052,99,,,0
2029,'1497124',1348,,1053,99,,,0
2029,'1497125',1948,,1054,99,,,0
2029,'1497126',1648,,1055,99,,,0
