2019,'1492023',2232,,191,24,,,0
2019,'1492024',1217,,192,24,,,0
2019,'1492025',1347,,193,24,,,0
2019,'1492027',2132,,194,24,,,0
2019,'1492028',1832,,195,24,,,0
2019,'1492032',1317,,196,24,,,0
2019,'1492034',1447,,197,24,,,0
2019,'1492036',947,,198,24,,,0
2019,'1492037',1517,,199,24,,,0
2019,'1492038',917,,200,24,,,0
2019,'1492040',1117,,201,24,,,0
2019,'1492042',847,,202,24,,,0
2019,'1492043',817,,203,24,,,0
2019,'1492045',1017,,204,24,,,0
2019,'1492048',1547,,205,24,,,0
2019,'1492053',2032,,206,24,,,0
2019,'1492055',717,,207,24,,,0
2019,'1492057',1717,,208,24,,,0
2019,'1492058',2330,,209,24,,,0
2019,'1492062',1417,,210,24,,,0
2019,'1492064',1047,,211,24,,,0
2019,'1492066',1147,,212,24,,,0
2019,'1492067',1617,,213,24,,,0
2019,'1492068',1747,,214,24,,,0
2019,'1492069',1647,,215,24,,,0
2019,'1492074',747,,216,24,,,0
2019,'1492075',1247,,217,24,,,0
2019,'1492077',647,,218,24,,,0
2019,'1492079',546,,220,2,,,0
2019,'1492080',1932,,221,24,,,0
2019,'1496953',1732,,611,24,,,0
2019,'1496954',2132,,612,24,,,0
2019,'1496955',1332,,613,24,,,0
2019,'1496957',1132,,614,24,,,0
2019,'1496958',1432,,615,24,,,0
2019,'1496961',2032,,616,24,,,0
2019,'1496962',732,,617,24,,,0
2019,'1496968',1232,,618,24,,,0
2019,'1496970',2232,,619,24,,,0
2019,'1496973',1532,,620,24,,,0
2019,'1496974',1832,,621,24,,,0
2019,'1496975',1032,,622,24,,,0
2019,'1496979',932,,623,24,,,0
2019,'1496981',832,,624,24,,,0
2019,'1496983',1632,,625,24,,,0
2019,'1496984',1932,,626,24,,,0
2019,'1496986',632,,627,24,,,0
2019,'1496988',2329,,629,24,,,0
