3019,'1488507',924,,436,105,0,5,0
3019,'1488508',1124,,437,105,0,5,0
3019,'1488511',2154,,438,105,0,5,0
3019,'1488515',2254,,439,105,0,5,0
3019,'1488516',1154,,440,105,0,5,0
3019,'1488519',1724,,441,105,0,5,0
3019,'1488521',2345,,442,105,0,5,0
3019,'1488522',1524,,443,105,0,5,0
3019,'1488523',1954,,444,105,0,5,0
3019,'1488525',1254,,445,105,0,5,0
3019,'1488526',824,,446,105,0,5,0
3019,'1488529',2054,,447,105,0,5,0
3019,'1488531',754,,448,105,0,5,0
3019,'1488533',1824,,449,105,0,5,0
3019,'1488535',1354,,450,105,0,5,0
3019,'1488537',1854,,451,105,0,5,0
3019,'1488538',1054,,452,105,0,5,0
3019,'1488539',1324,,453,105,0,5,0
3019,'1488540',1424,,454,105,0,5,0
3019,'1488542',854,,455,105,0,5,0
3019,'1488546',1024,,456,105,0,5,0
3019,'1488547',1654,,457,105,0,5,0
3019,'1488548',1454,,458,105,0,5,0
3019,'1488550',1754,,459,105,0,5,0
3019,'1488551',1224,,460,105,0,5,0
3019,'1488552',1554,,461,105,0,5,0
3019,'1488553',624,,462,25,0,5,0
3019,'1488556',1624,,463,105,0,5,0
3019,'1488560',954,,464,105,0,5,0
3019,'1488565',654,,465,72,0,5,0
3019,'1491899',1546,,370,33,,,0
3019,'1491900',1716,,371,33,,,0
3019,'1491901',2031,,372,33,,,0
3019,'1491902',846,,373,33,,,0
3019,'1491903',716,,374,33,,,0
3019,'1491904',1616,,375,33,,,0
3019,'1491905',1146,,376,33,,,0
3019,'1491906',1116,,377,33,,,0
3019,'1491907',746,,378,33,,,0
3019,'1491908',916,,379,33,,,0
3019,'1491909',2231,,380,33,,,0
3019,'1491910',1346,,381,33,,,0
3019,'1491911',1316,,382,33,,,0
3019,'1491912',1446,,383,33,,,0
3019,'1491913',1246,,384,33,,,0
3019,'1491914',2131,,385,33,,,0
3019,'1491915',816,,386,33,,,0
3019,'1491916',1746,,387,33,,,0
3019,'1491917',1416,,388,33,,,0
3019,'1491918',1016,,389,33,,,0
3019,'1491919',1046,,390,33,,,0
3019,'1491920',1216,,391,33,,,0
3019,'1491921',1646,,392,33,,,0
3019,'1491922',946,,393,33,,,0
3019,'1491923',1516,,394,33,,,0
3019,'1491924',1831,,395,33,,,0
3019,'1491925',2329,,396,33,,,0
3019,'1491928',1931,,399,33,,,0
3019,'1492021',646,,400,33,,,0
3019,'1496989',731,,647,32,,,0
3019,'1496990',1754,,648,103,0,5,0
3019,'1496991',1431,,649,32,,,0
3019,'1496992',2254,,650,103,0,5,0
3019,'1496993',831,,651,32,,,0
3019,'1496994',1131,,652,32,,,0
3019,'1496995',2231,,653,32,,,0
3019,'1496996',1831,,654,32,,,0
3019,'1496997',1954,,655,103,0,5,0
3019,'1496998',1454,,656,103,0,5,0
3019,'1496999',1331,,657,32,,,0
3019,'1497000',2054,,658,103,0,5,0
3019,'1497001',1931,,659,32,,,0
3019,'1497002',2345,,660,103,0,5,0
3019,'1497003',1631,,661,32,,,0
3019,'1497004',931,,662,32,,,0
3019,'1497005',1231,,663,32,,,0
3019,'1497006',1854,,664,103,0,5,0
3019,'1497007',754,,665,103,0,5,0
3019,'1497008',954,,666,103,0,5,0
3019,'1497009',2131,,667,32,,,0
3019,'1497010',1731,,668,32,,,0
3019,'1497011',1031,,669,32,,,0
3019,'1497012',1054,,670,103,0,5,0
3019,'1497013',1354,,671,103,0,5,0
3019,'1497014',1654,,672,103,0,5,0
3019,'1497015',1531,,673,32,,,0
3019,'1497016',1154,,674,103,0,5,0
3019,'1497017',1554,,675,103,0,5,0
3019,'1497018',2154,,676,103,0,5,0
3019,'1497019',854,,677,103,0,5,0
3019,'1497020',2031,,678,32,,,0
3019,'1497021',1254,,679,103,0,5,0
3019,'1497023',2329,,681,32,,,0
3019,'1497024',631,,682,32,,,0
3019,'1497025',625,,683,25,0,5,0
