1019,'1496067',749,,702,62,,,0
1019,'1496069',849,,703,62,,,0
1019,'1496071',1619,,704,62,,,0
1019,'1496072',1719,,705,62,,,0
1019,'1496074',819,,706,62,,,0
1019,'1496075',1519,,707,62,,,0
1019,'1496076',1319,,708,62,,,0
1019,'1496080',1419,,709,62,,,0
1019,'1496085',1119,,710,62,,,0
1019,'1496087',1349,,711,62,,,0
1019,'1496089',919,,712,62,,,0
1019,'1496090',1219,,713,62,,,0
1019,'1496091',1019,,714,62,,,0
1019,'1496093',1819,,715,62,,,0
1019,'1496095',1049,,716,62,,,0
1019,'1496097',949,,717,62,,,0
1019,'1496099',1449,,718,62,,,0
1019,'1496100',1549,,719,62,,,0
1019,'1496102',719,,720,62,,,0
1019,'1496103',1249,,721,62,,,0
1019,'1496104',1149,,722,62,,,0
1019,'1496107',1749,,723,62,,,0
1019,'1496109',1649,,724,62,,,0
1019,'1496110',619,,725,31,,,0
1019,'1496296',749,,726,62,,,0
1019,'1496298',849,,727,62,,,0
1019,'1496301',1619,,728,62,,,0
1019,'1496302',2204,,729,62,,,0
1019,'1496303',1719,,730,62,,,0
1019,'1496305',819,,731,62,,,0
1019,'1496306',1519,,732,62,,,0
1019,'1496307',1319,,733,62,,,0
1019,'1496308',1849,,734,62,,,0
1019,'1496313',1419,,735,62,,,0
1019,'1496314',2004,,736,62,,,0
1019,'1496315',2104,,737,62,,,0
1019,'1496321',1119,,738,62,,,0
1019,'1496323',1349,,739,62,,,0
1019,'1496326',919,,740,62,,,0
1019,'1496327',1219,,741,62,,,0
1019,'1496328',1019,,742,62,,,0
1019,'1496330',2354,,743,62,,,0
1019,'1496331',1819,,744,62,,,0
1019,'1496334',1049,,745,62,,,0
1019,'1496336',949,,746,62,,,0
1019,'1496338',2304,,747,62,,,0
1019,'1496340',1449,,748,62,,,0
1019,'1496341',1549,,749,62,,,0
1019,'1496343',719,,750,62,,,0
1019,'1496344',1249,,751,62,,,0
1019,'1496345',1149,,752,62,,,0
1019,'1496348',1749,,753,62,,,0
1019,'1496350',1649,,754,62,,,0
1019,'1496351',619,,755,31,,,0
1019,'1496353',1919,,756,62,,,0
1019,'1496526',1404,,757,62,,,0
1019,'1496529',2004,,758,62,,,0
1019,'1496530',804,,759,62,,,0
1019,'1496531',704,,760,62,,,0
1019,'1496532',2104,,761,62,,,0
1019,'1496536',1104,,762,62,,,0
1019,'1496538',1504,,763,62,,,0
1019,'1496541',1704,,764,62,,,0
1019,'1496543',1204,,765,62,,,0
1019,'1496546',2204,,766,62,,,0
1019,'1496548',1604,,767,62,,,0
1019,'1496549',1804,,768,62,,,0
1019,'1496553',1004,,769,62,,,0
1019,'1496554',904,,770,62,,,0
1019,'1496557',1304,,771,62,,,0
1019,'1496558',1904,,772,62,,,0
1019,'1496559',2352,,773,62,,,0
1019,'1496560',2304,,774,62,,,0
1019,'1496561',1404,,775,62,,,0
1019,'1496564',2004,,776,62,,,0
1019,'1496565',804,,777,62,,,0
1019,'1496566',2104,,778,62,,,0
1019,'1496570',1104,,779,62,,,0
1019,'1496572',1504,,780,62,,,0
1019,'1496575',1704,,781,62,,,0
1019,'1496576',1204,,782,62,,,0
1019,'1496579',2204,,783,62,,,0
1019,'1496581',1604,,784,62,,,0
1019,'1496582',1804,,785,62,,,0
1019,'1496586',1004,,786,62,,,0
1019,'1496587',904,,787,62,,,0
1019,'1496590',1304,,788,62,,,0
1019,'1496591',1904,,789,62,,,0
1019,'1496592',2352,,790,62,,,0
1019,'1496593',2304,,791,62,,,0
