3019,'1496125',1539,,1056,16,,,0
3019,'1496128',1709,,1059,16,,,0
3019,'1496129',839,,1060,16,,,0
3019,'1496130',709,,1061,16,,,0
3019,'1496131',1609,,1062,16,,,0
3019,'1496133',1139,,1064,16,,,0
3019,'1496134',1109,,1065,16,,,0
3019,'1496136',739,,1067,16,,,0
3019,'1496138',909,,1069,16,,,0
3019,'1496141',1339,,1072,16,,,0
3019,'1496142',1309,,1073,16,,,0
3019,'1496144',1439,,1075,16,,,0
3019,'1496146',1239,,1077,16,,,0
3019,'1496151',809,,1082,16,,,0
3019,'1496153',1739,,1084,16,,,0
3019,'1496154',1409,,1085,16,,,0
3019,'1496155',1009,,1086,16,,,0
3019,'1496159',1039,,1090,16,,,0
3019,'1496164',1209,,1095,16,,,0
3019,'1496165',1639,,1096,16,,,0
3019,'1496167',939,,1098,16,,,0
3019,'1496168',1509,,1099,16,,,0
3019,'1496173',639,,1104,16,,,0
3019,'1496374',1539,,1105,16,,,0
3019,'1496377',1709,,1108,16,,,0
3019,'1496378',2024,,1109,16,,,0
3019,'1496380',839,,1111,16,,,0
3019,'1496381',709,,1112,16,,,0
3019,'1496382',1609,,1113,16,,,0
3019,'1496385',1139,,1116,16,,,0
3019,'1496386',1109,,1117,16,,,0
3019,'1496388',739,,1119,16,,,0
3019,'1496392',909,,1123,16,,,0
3019,'1496395',2224,,1126,16,,,0
3019,'1496396',1339,,1127,16,,,0
3019,'1496398',1309,,1129,16,,,0
3019,'1496400',1439,,1131,16,,,0
3019,'1496402',1239,,1133,16,,,0
3019,'1496404',2124,,1135,16,,,0
3019,'1496409',809,,1140,16,,,0
3019,'1496411',1739,,1142,16,,,0
3019,'1496412',1409,,1143,16,,,0
3019,'1496413',1009,,1144,16,,,0
3019,'1496417',1039,,1148,16,,,0
3019,'1496422',1209,,1153,16,,,0
3019,'1496423',1639,,1154,16,,,0
3019,'1496425',939,,1156,16,,,0
3019,'1496426',1509,,1157,16,,,0
3019,'1496427',1824,,1158,16,,,0
3019,'1496429',2322,,1160,16,,,0
3019,'1496432',1924,,1163,16,,,0
3019,'1496434',639,,1165,16,,,0
3019,'1496453',724,,1166,16,,,0
3019,'1496455',1424,,1168,16,,,0
3019,'1496457',824,,1170,16,,,0
3019,'1496458',1124,,1171,16,,,0
3019,'1496459',2224,,1172,16,,,0
3019,'1496460',1824,,1173,16,,,0
3019,'1496463',1324,,1176,16,,,0
3019,'1496465',1924,,1178,16,,,0
3019,'1496467',1624,,1180,16,,,0
3019,'1496468',924,,1181,16,,,0
3019,'1496469',1224,,1182,16,,,0
3019,'1496473',2124,,1186,16,,,0
3019,'1496474',1724,,1187,16,,,0
3019,'1496475',1024,,1188,16,,,0
3019,'1496479',1524,,1192,16,,,0
3019,'1496484',2024,,1197,16,,,0
3019,'1496487',2322,,1200,16,,,0
3019,'1496488',624,,1201,16,,,0
3019,'1496627',724,,1203,16,,,0
3019,'1496629',1424,,1205,16,,,0
3019,'1496631',824,,1207,16,,,0
3019,'1496632',1124,,1208,16,,,0
3019,'1496633',1824,,1209,16,,,0
3019,'1496636',1324,,1212,16,,,0
3019,'1496638',1924,,1214,16,,,0
3019,'1496640',1624,,1216,16,,,0
3019,'1496641',924,,1217,16,,,0
3019,'1496642',1224,,1218,16,,,0
3019,'1496645',2124,,1221,16,,,0
3019,'1496646',1724,,1222,16,,,0
3019,'1496647',1024,,1223,16,,,0
3019,'1496651',1524,,1227,16,,,0
3019,'1496656',2024,,1232,16,,,0
3019,'1496659',2322,,1235,16,,,0
