1029,'1491948',1422,,124,9,,,0
1029,'1491949',1522,,125,9,,,0
1029,'1491951',1622,,126,9,,,0
1029,'1491953',722,,127,9,,,0
1029,'1491954',2052,,128,9,,,0
1029,'1491958',1022,,129,9,,,0
1029,'1491963',1952,,130,9,,,0
1029,'1491964',852,,131,9,,,0
1029,'1491965',1652,,132,9,,,0
1029,'1491966',1552,,133,9,,,0
1029,'1491970',1752,,134,9,,,0
1029,'1491971',1152,,135,9,,,0
1029,'1491972',1222,,136,9,,,0
1029,'1491973',1352,,137,9,,,0
1029,'1491974',952,,138,9,,,0
1029,'1491976',652,,139,9,,,0
1029,'1491978',1822,,140,9,,,0
1029,'1491979',1722,,141,9,,,0
1029,'1491983',1322,,142,9,,,0
1029,'1491986',922,,143,9,,,0
1029,'1491987',2152,,144,9,,,0
1029,'1491989',1122,,145,9,,,0
1029,'1491991',2252,,146,9,,,0
1029,'1491993',822,,147,9,,,0
1029,'1491996',752,,148,9,,,0
1029,'1492000',1452,,149,9,,,0
1029,'1492001',1252,,150,9,,,0
1029,'1492003',1052,,151,9,,,0
1029,'1492008',1852,,153,9,,,0
1029,'1496919',1851,,594,9,,,0
1029,'1496920',2051,,595,9,,,0
1029,'1496925',1751,,596,9,,,0
1029,'1496926',2151,,597,9,,,0
1029,'1496927',1251,,598,9,,,0
1029,'1496929',1051,,599,9,,,0
1029,'1496931',951,,600,9,,,0
1029,'1496932',1951,,601,9,,,0
1029,'1496934',651,,602,9,,,0
1029,'1496936',2251,,603,9,,,0
1029,'1496937',1451,,604,9,,,0
1029,'1496939',1551,,605,9,,,0
1029,'1496942',751,,606,9,,,0
1029,'1496943',1151,,607,9,,,0
1029,'1496944',851,,608,9,,,0
1029,'1496947',1651,,609,9,,,0
1029,'1496948',1351,,610,9,,,0
