3019,'1488507',906,,436,75,0,5,0
3019,'1488508',1106,,437,75,0,5,0
3019,'1488511',2136,,438,75,0,5,0
3019,'1488515',2236,,439,75,0,5,0
3019,'1488516',1136,,440,75,0,5,0
3019,'1488519',1706,,441,75,0,5,0
3019,'1488521',2329,,442,75,0,5,0
3019,'1488522',1506,,443,75,0,5,0
3019,'1488523',1936,,444,75,0,5,0
3019,'1488525',1236,,445,75,0,5,0
3019,'1488526',806,,446,75,0,5,0
3019,'1488529',2036,,447,75,0,5,0
3019,'1488531',736,,448,75,0,5,0
3019,'1488533',1806,,449,75,0,5,0
3019,'1488535',1336,,450,75,0,5,0
3019,'1488537',1836,,451,75,0,5,0
3019,'1488538',1036,,452,75,0,5,0
3019,'1488539',1306,,453,75,0,5,0
3019,'1488540',1406,,454,75,0,5,0
3019,'1488542',836,,455,75,0,5,0
3019,'1488546',1006,,456,75,0,5,0
3019,'1488547',1636,,457,75,0,5,0
3019,'1488548',1436,,458,75,0,5,0
3019,'1488550',1736,,459,75,0,5,0
3019,'1488551',1206,,460,75,0,5,0
3019,'1488552',1536,,461,75,0,5,0
3019,'1488556',1606,,463,75,0,5,0
3019,'1488560',936,,464,75,0,5,0
3019,'1488565',636,,465,42,0,5,0
3019,'1496990',1736,,648,73,0,5,0
3019,'1496992',2236,,650,73,0,5,0
3019,'1496997',1936,,655,73,0,5,0
3019,'1496998',1436,,656,73,0,5,0
3019,'1497000',2036,,658,73,0,5,0
3019,'1497002',2329,,660,73,0,5,0
3019,'1497006',1836,,664,73,0,5,0
3019,'1497007',736,,665,73,0,5,0
3019,'1497008',936,,666,73,0,5,0
3019,'1497012',1036,,670,73,0,5,0
3019,'1497013',1336,,671,73,0,5,0
3019,'1497014',1636,,672,73,0,5,0
3019,'1497016',1136,,674,73,0,5,0
3019,'1497017',1536,,675,73,0,5,0
3019,'1497018',2136,,676,73,0,5,0
3019,'1497019',836,,677,73,0,5,0
3019,'1497021',1236,,679,73,0,5,0
