3019,'1496125',1617,,1056,79,,,0
3019,'1496128',1747,,1059,79,,,0
3019,'1496129',917,,1060,79,,,0
3019,'1496130',747,,1061,79,,,0
3019,'1496131',1647,,1062,79,,,0
3019,'1496133',1217,,1064,79,,,0
3019,'1496134',1147,,1065,79,,,0
3019,'1496136',817,,1067,79,,,0
3019,'1496138',947,,1069,79,,,0
3019,'1496141',1417,,1072,79,,,0
3019,'1496142',1347,,1073,79,,,0
3019,'1496144',1517,,1075,79,,,0
3019,'1496146',1317,,1077,79,,,0
3019,'1496151',847,,1082,79,,,0
3019,'1496153',1817,,1084,79,,,0
3019,'1496154',1447,,1085,79,,,0
3019,'1496155',1047,,1086,79,,,0
3019,'1496159',1117,,1090,79,,,0
3019,'1496164',1247,,1095,79,,,0
3019,'1496165',1717,,1096,79,,,0
3019,'1496167',1017,,1098,79,,,0
3019,'1496168',1547,,1099,79,,,0
3019,'1496171',617,,1102,23,,,0
3019,'1496173',717,,1104,79,,,0
3019,'1496374',1617,,1105,79,,,0
3019,'1496377',1747,,1108,79,,,0
3019,'1496378',2102,,1109,79,,,0
3019,'1496380',917,,1111,79,,,0
3019,'1496381',747,,1112,79,,,0
3019,'1496382',1647,,1113,79,,,0
3019,'1496385',1217,,1116,79,,,0
3019,'1496386',1147,,1117,79,,,0
3019,'1496388',817,,1119,79,,,0
3019,'1496392',947,,1123,79,,,0
3019,'1496395',2302,,1126,79,,,0
3019,'1496396',1417,,1127,79,,,0
3019,'1496398',1347,,1129,79,,,0
3019,'1496400',1517,,1131,79,,,0
3019,'1496402',1317,,1133,79,,,0
3019,'1496404',2202,,1135,79,,,0
3019,'1496409',847,,1140,79,,,0
3019,'1496411',1817,,1142,79,,,0
3019,'1496412',1447,,1143,79,,,0
3019,'1496413',1047,,1144,79,,,0
3019,'1496417',1117,,1148,79,,,0
3019,'1496422',1247,,1153,79,,,0
3019,'1496423',1717,,1154,79,,,0
3019,'1496425',1017,,1156,79,,,0
3019,'1496426',1547,,1157,79,,,0
3019,'1496427',1902,,1158,79,,,0
3019,'1496431',617,,1162,23,,,0
3019,'1496432',2002,,1163,79,,,0
3019,'1496434',717,,1165,79,,,0
3019,'1496453',802,,1166,79,,,0
3019,'1496455',1502,,1168,79,,,0
3019,'1496457',902,,1170,79,,,0
3019,'1496458',1202,,1171,79,,,0
3019,'1496459',2302,,1172,79,,,0
3019,'1496460',1902,,1173,79,,,0
3019,'1496463',1402,,1176,79,,,0
3019,'1496465',2002,,1178,79,,,0
3019,'1496467',1702,,1180,79,,,0
3019,'1496468',1002,,1181,79,,,0
3019,'1496469',1302,,1182,79,,,0
3019,'1496473',2202,,1186,79,,,0
3019,'1496474',1802,,1187,79,,,0
3019,'1496475',1102,,1188,79,,,0
3019,'1496479',1602,,1192,79,,,0
3019,'1496484',2102,,1197,79,,,0
3019,'1496486',632,,1199,23,,,0
3019,'1496488',702,,1201,79,,,0
3019,'1496627',802,,1203,79,,,0
3019,'1496629',1502,,1205,79,,,0
3019,'1496631',902,,1207,79,,,0
3019,'1496632',1202,,1208,79,,,0
3019,'1496633',1902,,1209,79,,,0
3019,'1496636',1402,,1212,79,,,0
3019,'1496638',2002,,1214,79,,,0
3019,'1496640',1702,,1216,79,,,0
3019,'1496641',1002,,1217,79,,,0
3019,'1496642',1302,,1218,79,,,0
3019,'1496645',2202,,1221,79,,,0
3019,'1496646',1802,,1222,79,,,0
3019,'1496647',1102,,1223,79,,,0
3019,'1496651',1602,,1227,79,,,0
3019,'1496656',2102,,1232,79,,,0
3019,'1496658',732,,1234,23,,,0
