8019,'1496053',1807,,1304,15,,,0
8019,'1496054',1107,,1305,15,,,0
8019,'1496055',1407,,1306,15,,,0
8019,'1496056',1007,,1307,15,,,0
8019,'1496057',1507,,1308,15,,,0
8019,'1496058',807,,1309,15,,,0
8019,'1496059',1707,,1310,15,,,0
8019,'1496060',907,,1311,15,,,0
8019,'1496061',707,,1312,15,,,0
8019,'1496062',1607,,1313,15,,,0
8019,'1496063',1307,,1314,15,,,0
8019,'1496064',1207,,1315,15,,,0
8019,'1496282',1807,,1316,15,,,0
8019,'1496283',1107,,1317,15,,,0
8019,'1496284',1407,,1318,15,,,0
8019,'1496285',1007,,1319,15,,,0
8019,'1496286',1507,,1320,15,,,0
8019,'1496287',807,,1321,15,,,0
8019,'1496288',1707,,1322,15,,,0
8019,'1496289',907,,1323,15,,,0
8019,'1496290',707,,1324,15,,,0
8019,'1496291',1607,,1325,15,,,0
8019,'1496292',1307,,1326,15,,,0
8019,'1496293',1207,,1327,15,,,0
