1019,'1496067',746,,702,55,,,0
1019,'1496069',846,,703,55,,,0
1019,'1496071',1616,,704,55,,,0
1019,'1496072',1716,,705,55,,,0
1019,'1496074',816,,706,55,,,0
1019,'1496075',1516,,707,55,,,0
1019,'1496076',1316,,708,55,,,0
1019,'1496080',1416,,709,55,,,0
1019,'1496085',1116,,710,55,,,0
1019,'1496087',1346,,711,55,,,0
1019,'1496089',916,,712,55,,,0
1019,'1496090',1216,,713,55,,,0
1019,'1496091',1016,,714,55,,,0
1019,'1496093',1816,,715,55,,,0
1019,'1496095',1046,,716,55,,,0
1019,'1496097',946,,717,55,,,0
1019,'1496099',1446,,718,55,,,0
1019,'1496100',1546,,719,55,,,0
1019,'1496102',716,,720,55,,,0
1019,'1496103',1246,,721,55,,,0
1019,'1496104',1146,,722,55,,,0
1019,'1496107',1746,,723,55,,,0
1019,'1496109',1646,,724,55,,,0
1019,'1496110',616,,725,24,,,0
1019,'1496296',746,,726,55,,,0
1019,'1496298',846,,727,55,,,0
1019,'1496301',1616,,728,55,,,0
1019,'1496302',2201,,729,55,,,0
1019,'1496303',1716,,730,55,,,0
1019,'1496305',816,,731,55,,,0
1019,'1496306',1516,,732,55,,,0
1019,'1496307',1316,,733,55,,,0
1019,'1496308',1846,,734,55,,,0
1019,'1496313',1416,,735,55,,,0
1019,'1496314',2001,,736,55,,,0
1019,'1496315',2101,,737,55,,,0
1019,'1496321',1116,,738,55,,,0
1019,'1496323',1346,,739,55,,,0
1019,'1496326',916,,740,55,,,0
1019,'1496327',1216,,741,55,,,0
1019,'1496328',1016,,742,55,,,0
1019,'1496330',2352,,743,55,,,0
1019,'1496331',1816,,744,55,,,0
1019,'1496334',1046,,745,55,,,0
1019,'1496336',946,,746,55,,,0
1019,'1496338',2301,,747,55,,,0
1019,'1496340',1446,,748,55,,,0
1019,'1496341',1546,,749,55,,,0
1019,'1496343',716,,750,55,,,0
1019,'1496344',1246,,751,55,,,0
1019,'1496345',1146,,752,55,,,0
1019,'1496348',1746,,753,55,,,0
1019,'1496350',1646,,754,55,,,0
1019,'1496351',616,,755,24,,,0
1019,'1496353',1916,,756,55,,,0
1019,'1496526',1401,,757,55,,,0
1019,'1496529',2001,,758,55,,,0
1019,'1496530',801,,759,55,,,0
1019,'1496531',701,,760,55,,,0
1019,'1496532',2101,,761,55,,,0
1019,'1496536',1101,,762,55,,,0
1019,'1496538',1501,,763,55,,,0
1019,'1496541',1701,,764,55,,,0
1019,'1496543',1201,,765,55,,,0
1019,'1496546',2201,,766,55,,,0
1019,'1496548',1601,,767,55,,,0
1019,'1496549',1801,,768,55,,,0
1019,'1496553',1001,,769,55,,,0
1019,'1496554',901,,770,55,,,0
1019,'1496557',1301,,771,55,,,0
1019,'1496558',1901,,772,55,,,0
1019,'1496559',2350,,773,55,,,0
1019,'1496560',2301,,774,55,,,0
1019,'1496561',1401,,775,55,,,0
1019,'1496564',2001,,776,55,,,0
1019,'1496565',801,,777,55,,,0
1019,'1496566',2101,,778,55,,,0
1019,'1496570',1101,,779,55,,,0
1019,'1496572',1501,,780,55,,,0
1019,'1496575',1701,,781,55,,,0
1019,'1496576',1201,,782,55,,,0
1019,'1496579',2201,,783,55,,,0
1019,'1496581',1601,,784,55,,,0
1019,'1496582',1801,,785,55,,,0
1019,'1496586',1001,,786,55,,,0
1019,'1496587',901,,787,55,,,0
1019,'1496590',1301,,788,55,,,0
1019,'1496591',1901,,789,55,,,0
1019,'1496592',2350,,790,55,,,0
1019,'1496593',2301,,791,55,,,0
