1029,'1491948',1427,,124,20,,,0
1029,'1491949',1527,,125,20,,,0
1029,'1491951',1627,,126,20,,,0
1029,'1491953',727,,127,20,,,0
1029,'1491954',2057,,128,20,,,0
1029,'1491958',1027,,129,20,,,0
1029,'1491963',1957,,130,20,,,0
1029,'1491964',857,,131,20,,,0
1029,'1491965',1657,,132,20,,,0
1029,'1491966',1557,,133,20,,,0
1029,'1491970',1757,,134,20,,,0
1029,'1491971',1157,,135,20,,,0
1029,'1491972',1227,,136,20,,,0
1029,'1491973',1357,,137,20,,,0
1029,'1491974',957,,138,20,,,0
1029,'1491976',657,,139,20,,,0
1029,'1491978',1827,,140,20,,,0
1029,'1491979',1727,,141,20,,,0
1029,'1491983',1327,,142,20,,,0
1029,'1491986',927,,143,20,,,0
1029,'1491987',2157,,144,20,,,0
1029,'1491989',1127,,145,20,,,0
1029,'1491991',2257,,146,20,,,0
1029,'1491993',827,,147,20,,,0
1029,'1491996',757,,148,20,,,0
1029,'1492000',1457,,149,20,,,0
1029,'1492001',1257,,150,20,,,0
1029,'1492003',1057,,151,20,,,0
1029,'1492008',1857,,153,20,,,0
1029,'1496919',1856,,594,20,,,0
1029,'1496920',2056,,595,20,,,0
1029,'1496925',1756,,596,20,,,0
1029,'1496926',2156,,597,20,,,0
1029,'1496927',1256,,598,20,,,0
1029,'1496929',1056,,599,20,,,0
1029,'1496931',956,,600,20,,,0
1029,'1496932',1956,,601,20,,,0
1029,'1496934',656,,602,20,,,0
1029,'1496936',2256,,603,20,,,0
1029,'1496937',1456,,604,20,,,0
1029,'1496939',1556,,605,20,,,0
1029,'1496942',756,,606,20,,,0
1029,'1496943',1156,,607,20,,,0
1029,'1496944',856,,608,20,,,0
1029,'1496947',1656,,609,20,,,0
1029,'1496948',1356,,610,20,,,0
2029,'1492022',1956,,280,20,,,0
2029,'1492026',856,,281,20,,,0
2029,'1492029',1356,,282,20,,,0
2029,'1492030',1156,,283,20,,,0
2029,'1492031',1756,,284,20,,,0
2029,'1492033',1226,,285,20,,,0
2029,'1492035',1526,,286,20,,,0
2029,'1492039',926,,287,20,,,0
2029,'1492041',2156,,288,20,,,0
2029,'1492044',756,,289,20,,,0
2029,'1492046',1556,,290,20,,,0
2029,'1492047',1426,,291,20,,,0
2029,'1492049',2255,,292,20,,,0
2029,'1492050',1026,,293,20,,,0
2029,'1492051',656,,294,20,,,0
2029,'1492052',1256,,295,20,,,0
2029,'1492054',1856,,296,20,,,0
2029,'1492056',1626,,297,20,,,0
2029,'1492059',1456,,298,20,,,0
2029,'1492060',1326,,299,20,,,0
2029,'1492061',726,,300,20,,,0
2029,'1492063',1656,,301,20,,,0
2029,'1492065',956,,302,20,,,0
2029,'1492070',826,,303,20,,,0
2029,'1492071',2056,,304,20,,,0
2029,'1492072',1126,,305,20,,,0
2029,'1492073',1056,,306,20,,,0
2029,'1492076',1726,,307,20,,,0
2029,'1496956',1659,,630,21,,,0
2029,'1496959',1059,,631,21,,,0
2029,'1496960',2159,,632,21,,,0
2029,'1496963',2255,,633,21,,,0
2029,'1496964',959,,634,21,,,0
2029,'1496965',1959,,635,21,,,0
2029,'1496966',859,,636,21,,,0
2029,'1496967',1459,,637,21,,,0
2029,'1496969',2059,,638,21,,,0
2029,'1496971',1759,,639,21,,,0
2029,'1496972',1159,,640,21,,,0
2029,'1496976',1359,,641,21,,,0
2029,'1496977',759,,642,21,,,0
2029,'1496978',1259,,643,21,,,0
2029,'1496980',1859,,644,21,,,0
2029,'1496982',1559,,645,21,,,0
2029,'1496985',659,,646,21,,,0
