1019,'1491950',727,,37,31,,,0
1019,'1491952',827,,38,31,,,0
1019,'1491955',1557,,39,31,,,0
1019,'1491956',2142,,40,31,,,0
1019,'1491957',1657,,41,31,,,0
1019,'1491959',757,,42,31,,,0
1019,'1491960',1457,,43,31,,,0
1019,'1491961',1257,,44,31,,,0
1019,'1491962',1827,,45,31,,,0
1019,'1491967',1357,,46,31,,,0
1019,'1491968',1942,,47,31,,,0
1019,'1491969',2042,,48,31,,,0
1019,'1491975',1057,,49,31,,,0
1019,'1491977',1327,,50,31,,,0
1019,'1491980',857,,51,31,,,0
1019,'1491981',1157,,52,31,,,0
1019,'1491982',957,,53,31,,,0
1019,'1491984',2339,,54,31,,,0
1019,'1491985',1757,,55,31,,,0
1019,'1491988',1027,,56,31,,,0
1019,'1491990',927,,57,31,,,0
1019,'1491992',2242,,58,31,,,0
1019,'1491994',1427,,59,31,,,0
1019,'1491995',1527,,60,31,,,0
1019,'1491997',657,,61,31,,,0
1019,'1491998',1227,,62,31,,,0
1019,'1491999',1127,,63,31,,,0
1019,'1492002',1727,,64,31,,,0
1019,'1492004',1627,,65,31,,,0
1019,'1492005',557,,66,1,,,0
1019,'1492007',1857,,67,31,,,0
1019,'1496918',1342,,576,32,,,0
1019,'1496921',1942,,577,32,,,0
1019,'1496922',742,,578,32,,,0
1019,'1496923',642,,579,32,,,0
1019,'1496924',2042,,580,32,,,0
1019,'1496928',1042,,581,32,,,0
1019,'1496930',1442,,582,32,,,0
1019,'1496933',1642,,583,32,,,0
1019,'1496935',1142,,584,32,,,0
1019,'1496938',2142,,585,32,,,0
1019,'1496940',1542,,586,32,,,0
1019,'1496941',1742,,587,32,,,0
1019,'1496945',942,,588,32,,,0
1019,'1496946',842,,589,32,,,0
1019,'1496949',1242,,590,32,,,0
1019,'1496950',1842,,591,32,,,0
1019,'1496951',2339,,592,32,,,0
1019,'1496952',2242,,593,32,,,0
