1029,'1491948',1501,,124,58,,,0
1029,'1491949',1601,,125,58,,,0
1029,'1491951',1701,,126,58,,,0
1029,'1491953',801,,127,58,,,0
1029,'1491954',2131,,128,58,,,0
1029,'1491958',1101,,129,58,,,0
1029,'1491963',2031,,130,58,,,0
1029,'1491964',931,,131,58,,,0
1029,'1491965',1731,,132,58,,,0
1029,'1491966',1631,,133,58,,,0
1029,'1491970',1831,,134,58,,,0
1029,'1491971',1231,,135,58,,,0
1029,'1491972',1301,,136,58,,,0
1029,'1491973',1431,,137,58,,,0
1029,'1491974',1031,,138,58,,,0
1029,'1491976',731,,139,58,,,0
1029,'1491978',1901,,140,58,,,0
1029,'1491979',1801,,141,58,,,0
1029,'1491983',1401,,142,58,,,0
1029,'1491986',1001,,143,58,,,0
1029,'1491987',2231,,144,58,,,0
1029,'1491989',1201,,145,58,,,0
1029,'1491991',2331,,146,58,,,0
1029,'1491993',901,,147,58,,,0
1029,'1491996',831,,148,58,,,0
1029,'1492000',1531,,149,58,,,0
1029,'1492001',1331,,150,58,,,0
1029,'1492003',1131,,151,58,,,0
1029,'1492006',631,,152,13,,,0
1029,'1492008',1931,,153,58,,,0
1029,'1496919',1930,,594,58,,,0
1029,'1496920',2130,,595,58,,,0
1029,'1496925',1830,,596,58,,,0
1029,'1496926',2230,,597,58,,,0
1029,'1496927',1330,,598,58,,,0
1029,'1496929',1130,,599,58,,,0
1029,'1496931',1030,,600,58,,,0
1029,'1496932',2030,,601,58,,,0
1029,'1496934',730,,602,58,,,0
1029,'1496936',2330,,603,58,,,0
1029,'1496937',1530,,604,58,,,0
1029,'1496939',1630,,605,58,,,0
1029,'1496942',830,,606,58,,,0
1029,'1496943',1230,,607,58,,,0
1029,'1496944',930,,608,58,,,0
1029,'1496947',1730,,609,58,,,0
1029,'1496948',1430,,610,58,,,0
