3019,'1491899',1544,,370,28,,,0
3019,'1491900',1714,,371,28,,,0
3019,'1491901',2029,,372,28,,,0
3019,'1491902',844,,373,28,,,0
3019,'1491903',714,,374,28,,,0
3019,'1491904',1614,,375,28,,,0
3019,'1491905',1144,,376,28,,,0
3019,'1491906',1114,,377,28,,,0
3019,'1491907',744,,378,28,,,0
3019,'1491908',914,,379,28,,,0
3019,'1491909',2229,,380,28,,,0
3019,'1491910',1344,,381,28,,,0
3019,'1491911',1314,,382,28,,,0
3019,'1491912',1444,,383,28,,,0
3019,'1491913',1244,,384,28,,,0
3019,'1491914',2129,,385,28,,,0
3019,'1491915',814,,386,28,,,0
3019,'1491916',1744,,387,28,,,0
3019,'1491917',1414,,388,28,,,0
3019,'1491918',1014,,389,28,,,0
3019,'1491919',1044,,390,28,,,0
3019,'1491920',1214,,391,28,,,0
3019,'1491921',1644,,392,28,,,0
3019,'1491922',944,,393,28,,,0
3019,'1491923',1514,,394,28,,,0
3019,'1491924',1829,,395,28,,,0
3019,'1491925',2327,,396,28,,,0
3019,'1491928',1929,,399,28,,,0
3019,'1492021',644,,400,28,,,0
3019,'1496989',729,,647,27,,,0
3019,'1496991',1429,,649,27,,,0
3019,'1496993',829,,651,27,,,0
3019,'1496994',1129,,652,27,,,0
3019,'1496995',2229,,653,27,,,0
3019,'1496996',1829,,654,27,,,0
3019,'1496999',1329,,657,27,,,0
3019,'1497001',1929,,659,27,,,0
3019,'1497003',1629,,661,27,,,0
3019,'1497004',929,,662,27,,,0
3019,'1497005',1229,,663,27,,,0
3019,'1497009',2129,,667,27,,,0
3019,'1497010',1729,,668,27,,,0
3019,'1497011',1029,,669,27,,,0
3019,'1497015',1529,,673,27,,,0
3019,'1497020',2029,,678,27,,,0
3019,'1497023',2327,,681,27,,,0
3019,'1497024',629,,682,27,,,0
