2029,'1492022',2025,,280,65,,,0
2029,'1492026',925,,281,65,,,0
2029,'1492029',1425,,282,65,,,0
2029,'1492030',1225,,283,65,,,0
2029,'1492031',1825,,284,65,,,0
2029,'1492033',1255,,285,65,,,0
2029,'1492035',1555,,286,65,,,0
2029,'1492039',955,,287,65,,,0
2029,'1492041',2225,,288,65,,,0
2029,'1492044',825,,289,65,,,0
2029,'1492046',1625,,290,65,,,0
2029,'1492047',1455,,291,65,,,0
2029,'1492049',2322,,292,65,,,0
2029,'1492050',1055,,293,65,,,0
2029,'1492051',725,,294,65,,,0
2029,'1492052',1325,,295,65,,,0
2029,'1492054',1925,,296,65,,,0
2029,'1492056',1655,,297,65,,,0
2029,'1492059',1525,,298,65,,,0
2029,'1492060',1355,,299,65,,,0
2029,'1492061',755,,300,65,,,0
2029,'1492063',1725,,301,65,,,0
2029,'1492065',1025,,302,65,,,0
2029,'1492070',855,,303,65,,,0
2029,'1492071',2125,,304,65,,,0
2029,'1492072',1155,,305,65,,,0
2029,'1492073',1125,,306,65,,,0
2029,'1492076',1755,,307,65,,,0
2029,'1492081',625,,308,29,,,0
2029,'1496956',1725,,630,66,,,0
2029,'1496959',1125,,631,66,,,0
2029,'1496960',2225,,632,66,,,0
2029,'1496963',2322,,633,66,,,0
2029,'1496964',1025,,634,66,,,0
2029,'1496965',2025,,635,66,,,0
2029,'1496966',925,,636,66,,,0
2029,'1496967',1525,,637,66,,,0
2029,'1496969',2125,,638,66,,,0
2029,'1496971',1825,,639,66,,,0
2029,'1496972',1225,,640,66,,,0
2029,'1496976',1425,,641,66,,,0
2029,'1496977',825,,642,66,,,0
2029,'1496978',1325,,643,66,,,0
2029,'1496980',1925,,644,66,,,0
2029,'1496982',1625,,645,66,,,0
2029,'1496985',725,,646,66,,,0
4019,'1491929',715,,525,63,,,0
4019,'1491930',2351,,526,63,,,0
4019,'1491931',1115,,527,63,,,0
4019,'1491932',915,,528,63,,,0
4019,'1491933',2100,,529,63,,,0
4019,'1491934',1715,,530,63,,,0
4019,'1491935',1915,,531,63,,,0
4019,'1491936',2200,,532,63,,,0
4019,'1491937',1015,,533,63,,,0
4019,'1491938',1215,,534,63,,,0
4019,'1491939',2000,,535,63,,,0
4019,'1491940',815,,536,63,,,0
4019,'1491941',1615,,537,63,,,0
4019,'1491942',1815,,538,63,,,0
4019,'1491943',1415,,539,63,,,0
4019,'1491944',1515,,540,63,,,0
4019,'1491945',2300,,541,63,,,0
4019,'1491946',1315,,542,63,,,0
4019,'1491947',615,,543,29,,,0
4019,'1497026',900,,684,67,,,0
4019,'1497027',800,,685,67,,,0
4019,'1497028',1700,,686,67,,,0
4019,'1497029',2300,,687,67,,,0
4019,'1497030',1800,,688,67,,,0
4019,'1497031',1500,,689,67,,,0
4019,'1497032',2200,,690,67,,,0
4019,'1497033',1100,,691,67,,,0
4019,'1497034',2000,,692,67,,,0
4019,'1497035',1600,,693,67,,,0
4019,'1497036',1000,,694,67,,,0
4019,'1497037',1900,,695,67,,,0
4019,'1497038',1400,,696,67,,,0
4019,'1497039',700,,697,67,,,0
4019,'1497040',2100,,698,67,,,0
4019,'1497041',1200,,699,67,,,0
4019,'1497042',1300,,700,67,,,0
4019,'1497043',2351,,701,67,,,0
