3019,'1488507',854,,436,55,0,5,0
3019,'1488508',1054,,437,55,0,5,0
3019,'1488511',2124,,438,55,0,5,0
3019,'1488515',2224,,439,55,0,5,0
3019,'1488516',1124,,440,55,0,5,0
3019,'1488519',1654,,441,55,0,5,0
3019,'1488521',2318,,442,55,0,5,0
3019,'1488522',1454,,443,55,0,5,0
3019,'1488523',1924,,444,55,0,5,0
3019,'1488525',1224,,445,55,0,5,0
3019,'1488526',754,,446,55,0,5,0
3019,'1488529',2024,,447,55,0,5,0
3019,'1488531',724,,448,55,0,5,0
3019,'1488533',1754,,449,55,0,5,0
3019,'1488535',1324,,450,55,0,5,0
3019,'1488537',1824,,451,55,0,5,0
3019,'1488538',1024,,452,55,0,5,0
3019,'1488539',1254,,453,55,0,5,0
3019,'1488540',1354,,454,55,0,5,0
3019,'1488542',824,,455,55,0,5,0
3019,'1488546',954,,456,55,0,5,0
3019,'1488547',1624,,457,55,0,5,0
3019,'1488548',1424,,458,55,0,5,0
3019,'1488550',1724,,459,55,0,5,0
3019,'1488551',1154,,460,55,0,5,0
3019,'1488552',1524,,461,55,0,5,0
3019,'1488556',1554,,463,55,0,5,0
3019,'1488560',924,,464,55,0,5,0
3019,'1488565',624,,465,22,0,5,0
3019,'1496990',1724,,648,53,0,5,0
3019,'1496992',2224,,650,53,0,5,0
3019,'1496997',1924,,655,53,0,5,0
3019,'1496998',1424,,656,53,0,5,0
3019,'1497000',2024,,658,53,0,5,0
3019,'1497002',2319,,660,53,0,5,0
3019,'1497006',1824,,664,53,0,5,0
3019,'1497007',724,,665,53,0,5,0
3019,'1497008',924,,666,53,0,5,0
3019,'1497012',1024,,670,53,0,5,0
3019,'1497013',1324,,671,53,0,5,0
3019,'1497014',1624,,672,53,0,5,0
3019,'1497016',1124,,674,53,0,5,0
3019,'1497017',1524,,675,53,0,5,0
3019,'1497018',2124,,676,53,0,5,0
3019,'1497019',824,,677,53,0,5,0
3019,'1497021',1224,,679,53,0,5,0
