2029,'1496221',637,,971,49,,,0
2029,'1496281',637,,972,49,,,0
2029,'1497044',938,,973,86,,,0
2029,'1497045',1438,,974,86,,,0
2029,'1497046',1238,,975,86,,,0
2029,'1497047',1308,,976,86,,,0
2029,'1497048',1608,,977,86,,,0
2029,'1497049',1008,,978,86,,,0
2029,'1497050',838,,979,86,,,0
2029,'1497051',1638,,980,86,,,0
2029,'1497052',1508,,981,86,,,0
2029,'1497053',1108,,982,86,,,0
2029,'1497054',738,,983,86,,,0
2029,'1497055',1338,,984,86,,,0
2029,'1497056',1708,,985,86,,,0
2029,'1497057',1538,,986,86,,,0
2029,'1497058',1408,,987,86,,,0
2029,'1497059',808,,988,86,,,0
2029,'1497060',1738,,989,86,,,0
2029,'1497061',1038,,990,86,,,0
2029,'1497062',908,,991,86,,,0
2029,'1497063',1208,,992,86,,,0
2029,'1497064',1138,,993,86,,,0
2029,'1497065',1808,,994,86,,,0
2029,'1497066',2038,,995,86,,,0
2029,'1497067',938,,996,86,,,0
2029,'1497068',1438,,997,86,,,0
2029,'1497069',1238,,998,86,,,0
2029,'1497070',1838,,999,86,,,0
2029,'1497071',1308,,1000,86,,,0
2029,'1497072',1608,,1001,86,,,0
2029,'1497073',1008,,1002,86,,,0
2029,'1497074',2238,,1003,86,,,0
2029,'1497075',838,,1004,86,,,0
2029,'1497076',1638,,1005,86,,,0
2029,'1497077',1508,,1006,86,,,0
2029,'1497078',2333,,1007,86,,,0
2029,'1497079',1108,,1008,86,,,0
2029,'1497080',738,,1009,86,,,0
2029,'1497081',1338,,1010,86,,,0
2029,'1497082',1938,,1011,86,,,0
2029,'1497083',1708,,1012,86,,,0
2029,'1497084',1538,,1013,86,,,0
2029,'1497085',1408,,1014,86,,,0
2029,'1497086',808,,1015,86,,,0
2029,'1497087',1738,,1016,86,,,0
2029,'1497088',1038,,1017,86,,,0
2029,'1497089',908,,1018,86,,,0
2029,'1497090',2138,,1019,86,,,0
2029,'1497091',1208,,1020,86,,,0
2029,'1497092',1138,,1021,86,,,0
2029,'1497093',1808,,1022,86,,,0
2029,'1497094',1738,,1023,86,,,0
2029,'1497095',1138,,1024,86,,,0
2029,'1497096',2238,,1025,86,,,0
2029,'1497097',2333,,1026,86,,,0
2029,'1497098',1038,,1027,86,,,0
2029,'1497099',2038,,1028,86,,,0
2029,'1497100',938,,1029,86,,,0
2029,'1497101',1538,,1030,86,,,0
2029,'1497102',2138,,1031,86,,,0
2029,'1497103',1838,,1032,86,,,0
2029,'1497104',1238,,1033,86,,,0
2029,'1497105',1438,,1034,86,,,0
2029,'1497106',838,,1035,86,,,0
2029,'1497107',1338,,1036,86,,,0
2029,'1497108',1938,,1037,86,,,0
2029,'1497109',1638,,1038,86,,,0
2029,'1497110',738,,1039,86,,,0
2029,'1497111',1738,,1040,86,,,0
2029,'1497112',1138,,1041,86,,,0
2029,'1497113',2238,,1042,86,,,0
2029,'1497114',2333,,1043,86,,,0
2029,'1497115',1038,,1044,86,,,0
2029,'1497116',2038,,1045,86,,,0
2029,'1497117',938,,1046,86,,,0
2029,'1497118',1538,,1047,86,,,0
2029,'1497119',2138,,1048,86,,,0
2029,'1497120',1838,,1049,86,,,0
2029,'1497121',1238,,1050,86,,,0
2029,'1497122',1438,,1051,86,,,0
2029,'1497123',838,,1052,86,,,0
2029,'1497124',1338,,1053,86,,,0
2029,'1497125',1938,,1054,86,,,0
2029,'1497126',1638,,1055,86,,,0
3019,'1496125',1624,,1056,90,,,0
3019,'1496126',844,,1057,40,0,5,0
3019,'1496127',1044,,1058,40,0,5,0
3019,'1496128',1754,,1059,90,,,0
3019,'1496129',924,,1060,90,,,0
3019,'1496130',754,,1061,90,,,0
3019,'1496131',1654,,1062,90,,,0
3019,'1496132',1114,,1063,40,0,5,0
3019,'1496133',1224,,1064,90,,,0
3019,'1496134',1154,,1065,90,,,0
3019,'1496135',1644,,1066,40,0,5,0
3019,'1496136',824,,1067,90,,,0
3019,'1496137',1444,,1068,40,0,5,0
3019,'1496138',954,,1069,90,,,0
3019,'1496139',1214,,1070,40,0,5,0
3019,'1496140',744,,1071,40,0,5,0
3019,'1496141',1424,,1072,90,,,0
3019,'1496142',1354,,1073,90,,,0
3019,'1496143',714,,1074,40,0,5,0
3019,'1496144',1524,,1075,90,,,0
3019,'1496145',1744,,1076,40,0,5,0
3019,'1496146',1324,,1077,90,,,0
3019,'1496147',1314,,1078,40,0,5,0
3019,'1496148',1014,,1079,40,0,5,0
3019,'1496149',1244,,1080,40,0,5,0
3019,'1496150',1344,,1081,40,0,5,0
3019,'1496151',854,,1082,90,,,0
3019,'1496152',814,,1083,40,0,5,0
3019,'1496153',1824,,1084,90,,,0
3019,'1496154',1454,,1085,90,,,0
3019,'1496155',1054,,1086,90,,,0
3019,'1496156',944,,1087,40,0,5,0
3019,'1496157',1614,,1088,40,0,5,0
3019,'1496158',1414,,1089,40,0,5,0
3019,'1496159',1124,,1090,90,,,0
3019,'1496160',1714,,1091,40,0,5,0
3019,'1496161',1144,,1092,40,0,5,0
3019,'1496162',1514,,1093,40,0,5,0
3019,'1496164',1254,,1095,90,,,0
3019,'1496165',1724,,1096,90,,,0
3019,'1496166',1544,,1097,40,0,5,0
3019,'1496167',1024,,1098,90,,,0
3019,'1496168',1554,,1099,90,,,0
3019,'1496169',914,,1100,40,0,5,0
3019,'1496171',624,,1102,34,,,0
3019,'1496172',614,,1103,9,0,5,0
3019,'1496173',724,,1104,90,,,0
3019,'1496374',1624,,1105,90,,,0
3019,'1496375',844,,1106,40,0,5,0
3019,'1496376',1044,,1107,40,0,5,0
3019,'1496377',1754,,1108,90,,,0
3019,'1496378',2109,,1109,90,,,0
3019,'1496379',2114,,1110,40,0,5,0
3019,'1496380',924,,1111,90,,,0
3019,'1496381',754,,1112,90,,,0
3019,'1496382',1654,,1113,90,,,0
3019,'1496383',2214,,1114,40,0,5,0
3019,'1496384',1114,,1115,40,0,5,0
3019,'1496385',1224,,1116,90,,,0
3019,'1496386',1154,,1117,90,,,0
3019,'1496387',1644,,1118,40,0,5,0
3019,'1496388',824,,1119,90,,,0
3019,'1496389',2311,,1120,40,0,5,0
3019,'1496390',1444,,1121,40,0,5,0
3019,'1496391',1914,,1122,40,0,5,0
3019,'1496392',954,,1123,90,,,0
3019,'1496393',1214,,1124,40,0,5,0
3019,'1496394',744,,1125,40,0,5,0
3019,'1496395',2309,,1126,90,,,0
3019,'1496396',1424,,1127,90,,,0
3019,'1496397',2014,,1128,40,0,5,0
3019,'1496398',1354,,1129,90,,,0
3019,'1496399',714,,1130,40,0,5,0
3019,'1496400',1524,,1131,90,,,0
3019,'1496401',1744,,1132,40,0,5,0
3019,'1496402',1324,,1133,90,,,0
3019,'1496403',1314,,1134,40,0,5,0
3019,'1496404',2209,,1135,90,,,0
3019,'1496405',1814,,1136,40,0,5,0
3019,'1496406',1014,,1137,40,0,5,0
3019,'1496407',1244,,1138,40,0,5,0
3019,'1496408',1344,,1139,40,0,5,0
3019,'1496409',854,,1140,90,,,0
3019,'1496410',814,,1141,40,0,5,0
3019,'1496411',1824,,1142,90,,,0
3019,'1496412',1454,,1143,90,,,0
3019,'1496413',1054,,1144,90,,,0
3019,'1496414',944,,1145,40,0,5,0
3019,'1496415',1614,,1146,40,0,5,0
3019,'1496416',1414,,1147,40,0,5,0
3019,'1496417',1124,,1148,90,,,0
3019,'1496418',1714,,1149,40,0,5,0
3019,'1496419',1144,,1150,40,0,5,0
3019,'1496420',1514,,1151,40,0,5,0
3019,'1496422',1254,,1153,90,,,0
3019,'1496423',1724,,1154,90,,,0
3019,'1496424',1544,,1155,40,0,5,0
3019,'1496425',1024,,1156,90,,,0
3019,'1496426',1554,,1157,90,,,0
3019,'1496427',1909,,1158,90,,,0
3019,'1496428',914,,1159,40,0,5,0
3019,'1496431',624,,1162,34,,,0
3019,'1496432',2009,,1163,90,,,0
3019,'1496433',614,,1164,9,0,5,0
3019,'1496434',724,,1165,90,,,0
3019,'1496453',809,,1166,90,,,0
3019,'1496454',1714,,1167,40,0,5,0
3019,'1496455',1509,,1168,90,,,0
3019,'1496456',2214,,1169,40,0,5,0
3019,'1496457',909,,1170,90,,,0
3019,'1496458',1209,,1171,90,,,0
3019,'1496459',2309,,1172,90,,,0
3019,'1496460',1909,,1173,90,,,0
3019,'1496461',1914,,1174,40,0,5,0
3019,'1496462',1414,,1175,40,0,5,0
3019,'1496463',1409,,1176,90,,,0
3019,'1496464',2014,,1177,40,0,5,0
3019,'1496465',2009,,1178,90,,,0
3019,'1496466',2312,,1179,40,0,5,0
3019,'1496467',1709,,1180,90,,,0
3019,'1496468',1009,,1181,90,,,0
3019,'1496469',1309,,1182,90,,,0
3019,'1496470',1814,,1183,40,0,5,0
3019,'1496471',714,,1184,40,0,5,0
3019,'1496472',914,,1185,40,0,5,0
3019,'1496473',2209,,1186,90,,,0
3019,'1496474',1809,,1187,90,,,0
3019,'1496475',1109,,1188,90,,,0
3019,'1496476',1014,,1189,40,0,5,0
3019,'1496477',1314,,1190,40,0,5,0
3019,'1496478',1614,,1191,40,0,5,0
3019,'1496479',1609,,1192,90,,,0
3019,'1496480',1114,,1193,40,0,5,0
3019,'1496481',1514,,1194,40,0,5,0
3019,'1496482',2114,,1195,40,0,5,0
3019,'1496483',814,,1196,40,0,5,0
3019,'1496484',2109,,1197,90,,,0
3019,'1496485',1214,,1198,40,0,5,0
3019,'1496486',639,,1199,34,,,0
3019,'1496488',709,,1201,90,,,0
3019,'1496627',809,,1203,90,,,0
3019,'1496628',1714,,1204,40,0,5,0
3019,'1496629',1509,,1205,90,,,0
3019,'1496630',2214,,1206,40,0,5,0
3019,'1496631',909,,1207,90,,,0
3019,'1496632',1209,,1208,90,,,0
3019,'1496633',1909,,1209,90,,,0
3019,'1496634',1914,,1210,40,0,5,0
3019,'1496635',1414,,1211,40,0,5,0
3019,'1496636',1409,,1212,90,,,0
3019,'1496637',2014,,1213,40,0,5,0
3019,'1496638',2009,,1214,90,,,0
3019,'1496639',2312,,1215,40,0,5,0
3019,'1496640',1709,,1216,90,,,0
3019,'1496641',1009,,1217,90,,,0
3019,'1496642',1309,,1218,90,,,0
3019,'1496643',1814,,1219,40,0,5,0
3019,'1496644',914,,1220,40,0,5,0
3019,'1496645',2209,,1221,90,,,0
3019,'1496646',1809,,1222,90,,,0
3019,'1496647',1109,,1223,90,,,0
3019,'1496648',1014,,1224,40,0,5,0
3019,'1496649',1314,,1225,40,0,5,0
3019,'1496650',1614,,1226,40,0,5,0
3019,'1496651',1609,,1227,90,,,0
3019,'1496652',1114,,1228,40,0,5,0
3019,'1496653',1514,,1229,40,0,5,0
3019,'1496654',2114,,1230,40,0,5,0
3019,'1496655',814,,1231,40,0,5,0
3019,'1496656',2109,,1232,90,,,0
3019,'1496657',1214,,1233,40,0,5,0
3019,'1496658',739,,1234,34,,,0
