2029,'1496956',1656,,630,17,,,0
2029,'1496959',1056,,631,17,,,0
2029,'1496960',2156,,632,17,,,0
2029,'1496963',2253,,633,17,,,0
2029,'1496964',956,,634,17,,,0
2029,'1496965',1956,,635,17,,,0
2029,'1496966',856,,636,17,,,0
2029,'1496967',1456,,637,17,,,0
2029,'1496969',2056,,638,17,,,0
2029,'1496971',1756,,639,17,,,0
2029,'1496972',1156,,640,17,,,0
2029,'1496976',1356,,641,17,,,0
2029,'1496977',756,,642,17,,,0
2029,'1496978',1256,,643,17,,,0
2029,'1496980',1856,,644,17,,,0
2029,'1496982',1556,,645,17,,,0
2029,'1496985',656,,646,17,,,0
