2029,'1497044',908,,973,35,,,0
2029,'1497045',1408,,974,35,,,0
2029,'1497046',1208,,975,35,,,0
2029,'1497047',1238,,976,35,,,0
2029,'1497048',1538,,977,35,,,0
2029,'1497049',938,,978,35,,,0
2029,'1497050',808,,979,35,,,0
2029,'1497051',1608,,980,35,,,0
2029,'1497052',1438,,981,35,,,0
2029,'1497053',1038,,982,35,,,0
2029,'1497054',708,,983,35,,,0
2029,'1497055',1308,,984,35,,,0
2029,'1497056',1638,,985,35,,,0
2029,'1497057',1508,,986,35,,,0
2029,'1497058',1338,,987,35,,,0
2029,'1497059',738,,988,35,,,0
2029,'1497060',1708,,989,35,,,0
2029,'1497061',1008,,990,35,,,0
2029,'1497062',838,,991,35,,,0
2029,'1497063',1138,,992,35,,,0
2029,'1497064',1108,,993,35,,,0
2029,'1497065',1738,,994,35,,,0
2029,'1497066',2008,,995,35,,,0
2029,'1497067',908,,996,35,,,0
2029,'1497068',1408,,997,35,,,0
2029,'1497069',1208,,998,35,,,0
2029,'1497070',1808,,999,35,,,0
2029,'1497071',1238,,1000,35,,,0
2029,'1497072',1538,,1001,35,,,0
2029,'1497073',938,,1002,35,,,0
2029,'1497074',2208,,1003,35,,,0
2029,'1497075',808,,1004,35,,,0
2029,'1497076',1608,,1005,35,,,0
2029,'1497077',1438,,1006,35,,,0
2029,'1497078',2305,,1007,35,,,0
2029,'1497079',1038,,1008,35,,,0
2029,'1497080',708,,1009,35,,,0
2029,'1497081',1308,,1010,35,,,0
2029,'1497082',1908,,1011,35,,,0
2029,'1497083',1638,,1012,35,,,0
2029,'1497084',1508,,1013,35,,,0
2029,'1497085',1338,,1014,35,,,0
2029,'1497086',738,,1015,35,,,0
2029,'1497087',1708,,1016,35,,,0
2029,'1497088',1008,,1017,35,,,0
2029,'1497089',838,,1018,35,,,0
2029,'1497090',2108,,1019,35,,,0
2029,'1497091',1138,,1020,35,,,0
2029,'1497092',1108,,1021,35,,,0
2029,'1497093',1738,,1022,35,,,0
2029,'1497094',1708,,1023,35,,,0
2029,'1497095',1108,,1024,35,,,0
2029,'1497096',2208,,1025,35,,,0
2029,'1497097',2305,,1026,35,,,0
2029,'1497098',1008,,1027,35,,,0
2029,'1497099',2008,,1028,35,,,0
2029,'1497100',908,,1029,35,,,0
2029,'1497101',1508,,1030,35,,,0
2029,'1497102',2108,,1031,35,,,0
2029,'1497103',1808,,1032,35,,,0
2029,'1497104',1208,,1033,35,,,0
2029,'1497105',1408,,1034,35,,,0
2029,'1497106',808,,1035,35,,,0
2029,'1497107',1308,,1036,35,,,0
2029,'1497108',1908,,1037,35,,,0
2029,'1497109',1608,,1038,35,,,0
2029,'1497110',708,,1039,35,,,0
2029,'1497111',1708,,1040,35,,,0
2029,'1497112',1108,,1041,35,,,0
2029,'1497113',2208,,1042,35,,,0
2029,'1497114',2305,,1043,35,,,0
2029,'1497115',1008,,1044,35,,,0
2029,'1497116',2008,,1045,35,,,0
2029,'1497117',908,,1046,35,,,0
2029,'1497118',1508,,1047,35,,,0
2029,'1497119',2108,,1048,35,,,0
2029,'1497120',1808,,1049,35,,,0
2029,'1497121',1208,,1050,35,,,0
2029,'1497122',1408,,1051,35,,,0
2029,'1497123',808,,1052,35,,,0
2029,'1497124',1308,,1053,35,,,0
2029,'1497125',1908,,1054,35,,,0
2029,'1497126',1608,,1055,35,,,0
