3019,'1496126',936,,1057,128,0,5,0
3019,'1496127',1136,,1058,128,0,5,0
3019,'1496132',1206,,1063,128,0,5,0
3019,'1496135',1736,,1066,128,0,5,0
3019,'1496137',1536,,1068,128,0,5,0
3019,'1496139',1306,,1070,128,0,5,0
3019,'1496140',836,,1071,128,0,5,0
3019,'1496143',806,,1074,128,0,5,0
3019,'1496145',1836,,1076,128,0,5,0
3019,'1496147',1406,,1078,128,0,5,0
3019,'1496148',1106,,1079,128,0,5,0
3019,'1496149',1336,,1080,128,0,5,0
3019,'1496150',1436,,1081,128,0,5,0
3019,'1496152',906,,1083,128,0,5,0
3019,'1496156',1036,,1087,128,0,5,0
3019,'1496157',1706,,1088,128,0,5,0
3019,'1496158',1506,,1089,128,0,5,0
3019,'1496160',1806,,1091,128,0,5,0
3019,'1496161',1236,,1092,128,0,5,0
3019,'1496162',1606,,1093,128,0,5,0
3019,'1496163',636,,1094,50,0,5,0
3019,'1496166',1636,,1097,128,0,5,0
3019,'1496169',1006,,1100,128,0,5,0
3019,'1496172',706,,1103,97,0,5,0
3019,'1496375',936,,1106,128,0,5,0
3019,'1496376',1136,,1107,128,0,5,0
3019,'1496379',2206,,1110,128,0,5,0
3019,'1496383',2306,,1114,128,0,5,0
3019,'1496384',1206,,1115,128,0,5,0
3019,'1496387',1736,,1118,128,0,5,0
3019,'1496389',2356,,1120,128,0,5,0
3019,'1496390',1536,,1121,128,0,5,0
3019,'1496391',2006,,1122,128,0,5,0
3019,'1496393',1306,,1124,128,0,5,0
3019,'1496394',836,,1125,128,0,5,0
3019,'1496397',2106,,1128,128,0,5,0
3019,'1496399',806,,1130,128,0,5,0
3019,'1496401',1836,,1132,128,0,5,0
3019,'1496403',1406,,1134,128,0,5,0
3019,'1496405',1906,,1136,128,0,5,0
3019,'1496406',1106,,1137,128,0,5,0
3019,'1496407',1336,,1138,128,0,5,0
3019,'1496408',1436,,1139,128,0,5,0
3019,'1496410',906,,1141,128,0,5,0
3019,'1496414',1036,,1145,128,0,5,0
3019,'1496415',1706,,1146,128,0,5,0
3019,'1496416',1506,,1147,128,0,5,0
3019,'1496418',1806,,1149,128,0,5,0
3019,'1496419',1236,,1150,128,0,5,0
3019,'1496420',1606,,1151,128,0,5,0
3019,'1496421',636,,1152,50,0,5,0
3019,'1496424',1636,,1155,128,0,5,0
3019,'1496428',1006,,1159,128,0,5,0
3019,'1496433',706,,1164,97,0,5,0
3019,'1496454',1806,,1167,128,0,5,0
3019,'1496456',2306,,1169,128,0,5,0
3019,'1496461',2006,,1174,128,0,5,0
3019,'1496462',1506,,1175,128,0,5,0
3019,'1496464',2106,,1177,128,0,5,0
3019,'1496466',2356,,1179,128,0,5,0
3019,'1496470',1906,,1183,128,0,5,0
3019,'1496471',806,,1184,128,0,5,0
3019,'1496472',1006,,1185,128,0,5,0
3019,'1496476',1106,,1189,128,0,5,0
3019,'1496477',1406,,1190,128,0,5,0
3019,'1496478',1706,,1191,128,0,5,0
3019,'1496480',1206,,1193,128,0,5,0
3019,'1496481',1606,,1194,128,0,5,0
3019,'1496482',2206,,1195,128,0,5,0
3019,'1496483',906,,1196,128,0,5,0
3019,'1496485',1306,,1198,128,0,5,0
3019,'1496489',636,,1202,50,0,5,0
3019,'1496628',1806,,1204,128,0,5,0
3019,'1496630',2306,,1206,128,0,5,0
3019,'1496634',2006,,1210,128,0,5,0
3019,'1496635',1506,,1211,128,0,5,0
3019,'1496637',2106,,1213,128,0,5,0
3019,'1496639',2356,,1215,128,0,5,0
3019,'1496643',1906,,1219,128,0,5,0
3019,'1496644',1006,,1220,128,0,5,0
3019,'1496648',1106,,1224,128,0,5,0
3019,'1496649',1406,,1225,128,0,5,0
3019,'1496650',1706,,1226,128,0,5,0
3019,'1496652',1206,,1228,128,0,5,0
3019,'1496653',1606,,1229,128,0,5,0
3019,'1496654',2206,,1230,128,0,5,0
3019,'1496655',906,,1231,128,0,5,0
3019,'1496657',1306,,1233,128,0,5,0
3019,'1496660',736,,1236,50,0,5,0
