3019,'1496126',900,,1057,62,0,5,0
3019,'1496127',1100,,1058,62,0,5,0
3019,'1496132',1130,,1063,62,0,5,0
3019,'1496135',1700,,1066,62,0,5,0
3019,'1496137',1500,,1068,62,0,5,0
3019,'1496139',1230,,1070,62,0,5,0
3019,'1496140',800,,1071,62,0,5,0
3019,'1496143',730,,1074,62,0,5,0
3019,'1496145',1800,,1076,62,0,5,0
3019,'1496147',1330,,1078,62,0,5,0
3019,'1496148',1030,,1079,62,0,5,0
3019,'1496149',1300,,1080,62,0,5,0
3019,'1496150',1400,,1081,62,0,5,0
3019,'1496152',830,,1083,62,0,5,0
3019,'1496156',1000,,1087,62,0,5,0
3019,'1496157',1630,,1088,62,0,5,0
3019,'1496158',1430,,1089,62,0,5,0
3019,'1496160',1730,,1091,62,0,5,0
3019,'1496161',1200,,1092,62,0,5,0
3019,'1496162',1530,,1093,62,0,5,0
3019,'1496166',1600,,1097,62,0,5,0
3019,'1496169',930,,1100,62,0,5,0
3019,'1496172',630,,1103,31,0,5,0
3019,'1496375',900,,1106,62,0,5,0
3019,'1496376',1100,,1107,62,0,5,0
3019,'1496379',2130,,1110,62,0,5,0
3019,'1496383',2230,,1114,62,0,5,0
3019,'1496384',1130,,1115,62,0,5,0
3019,'1496387',1700,,1118,62,0,5,0
3019,'1496389',2324,,1120,62,0,5,0
3019,'1496390',1500,,1121,62,0,5,0
3019,'1496391',1930,,1122,62,0,5,0
3019,'1496393',1230,,1124,62,0,5,0
3019,'1496394',800,,1125,62,0,5,0
3019,'1496397',2030,,1128,62,0,5,0
3019,'1496399',730,,1130,62,0,5,0
3019,'1496401',1800,,1132,62,0,5,0
3019,'1496403',1330,,1134,62,0,5,0
3019,'1496405',1830,,1136,62,0,5,0
3019,'1496406',1030,,1137,62,0,5,0
3019,'1496407',1300,,1138,62,0,5,0
3019,'1496408',1400,,1139,62,0,5,0
3019,'1496410',830,,1141,62,0,5,0
3019,'1496414',1000,,1145,62,0,5,0
3019,'1496415',1630,,1146,62,0,5,0
3019,'1496416',1430,,1147,62,0,5,0
3019,'1496418',1730,,1149,62,0,5,0
3019,'1496419',1200,,1150,62,0,5,0
3019,'1496420',1530,,1151,62,0,5,0
3019,'1496424',1600,,1155,62,0,5,0
3019,'1496428',930,,1159,62,0,5,0
3019,'1496433',630,,1164,31,0,5,0
3019,'1496454',1730,,1167,62,0,5,0
3019,'1496456',2230,,1169,62,0,5,0
3019,'1496461',1930,,1174,62,0,5,0
3019,'1496462',1430,,1175,62,0,5,0
3019,'1496464',2030,,1177,62,0,5,0
3019,'1496466',2324,,1179,62,0,5,0
3019,'1496470',1830,,1183,62,0,5,0
3019,'1496471',730,,1184,62,0,5,0
3019,'1496472',930,,1185,62,0,5,0
3019,'1496476',1030,,1189,62,0,5,0
3019,'1496477',1330,,1190,62,0,5,0
3019,'1496478',1630,,1191,62,0,5,0
3019,'1496480',1130,,1193,62,0,5,0
3019,'1496481',1530,,1194,62,0,5,0
3019,'1496482',2130,,1195,62,0,5,0
3019,'1496483',830,,1196,62,0,5,0
3019,'1496485',1230,,1198,62,0,5,0
3019,'1496628',1730,,1204,62,0,5,0
3019,'1496630',2230,,1206,62,0,5,0
3019,'1496634',1930,,1210,62,0,5,0
3019,'1496635',1430,,1211,62,0,5,0
3019,'1496637',2030,,1213,62,0,5,0
3019,'1496639',2324,,1215,62,0,5,0
3019,'1496643',1830,,1219,62,0,5,0
3019,'1496644',930,,1220,62,0,5,0
3019,'1496648',1030,,1224,62,0,5,0
3019,'1496649',1330,,1225,62,0,5,0
3019,'1496650',1630,,1226,62,0,5,0
3019,'1496652',1130,,1228,62,0,5,0
3019,'1496653',1530,,1229,62,0,5,0
3019,'1496654',2130,,1230,62,0,5,0
3019,'1496655',830,,1231,62,0,5,0
3019,'1496657',1230,,1233,62,0,5,0
