3019,'1488507',922,,436,99,0,5,0
3019,'1488508',1122,,437,99,0,5,0
3019,'1488511',2152,,438,99,0,5,0
3019,'1488515',2252,,439,99,0,5,0
3019,'1488516',1152,,440,99,0,5,0
3019,'1488519',1722,,441,99,0,5,0
3019,'1488521',2342,,442,99,0,5,0
3019,'1488522',1522,,443,99,0,5,0
3019,'1488523',1952,,444,99,0,5,0
3019,'1488525',1252,,445,99,0,5,0
3019,'1488526',822,,446,99,0,5,0
3019,'1488529',2052,,447,99,0,5,0
3019,'1488531',752,,448,99,0,5,0
3019,'1488533',1822,,449,99,0,5,0
3019,'1488535',1352,,450,99,0,5,0
3019,'1488537',1852,,451,99,0,5,0
3019,'1488538',1052,,452,99,0,5,0
3019,'1488539',1322,,453,99,0,5,0
3019,'1488540',1422,,454,99,0,5,0
3019,'1488542',852,,455,99,0,5,0
3019,'1488546',1022,,456,99,0,5,0
3019,'1488547',1652,,457,99,0,5,0
3019,'1488548',1452,,458,99,0,5,0
3019,'1488550',1752,,459,99,0,5,0
3019,'1488551',1222,,460,99,0,5,0
3019,'1488552',1552,,461,99,0,5,0
3019,'1488553',622,,462,19,0,5,0
3019,'1488556',1622,,463,99,0,5,0
3019,'1488560',952,,464,99,0,5,0
3019,'1488565',652,,465,66,0,5,0
3019,'1496990',1752,,648,97,0,5,0
3019,'1496992',2252,,650,97,0,5,0
3019,'1496997',1952,,655,97,0,5,0
3019,'1496998',1452,,656,97,0,5,0
3019,'1497000',2052,,658,97,0,5,0
3019,'1497002',2342,,660,97,0,5,0
3019,'1497006',1852,,664,97,0,5,0
3019,'1497007',752,,665,97,0,5,0
3019,'1497008',952,,666,97,0,5,0
3019,'1497012',1052,,670,97,0,5,0
3019,'1497013',1352,,671,97,0,5,0
3019,'1497014',1652,,672,97,0,5,0
3019,'1497016',1152,,674,97,0,5,0
3019,'1497017',1552,,675,97,0,5,0
3019,'1497018',2152,,676,97,0,5,0
3019,'1497019',852,,677,97,0,5,0
3019,'1497021',1252,,679,97,0,5,0
3019,'1497025',623,,683,19,0,5,0
