1019,'1491950',704,,37,9,,,0
1019,'1491952',804,,38,9,,,0
1019,'1491955',1534,,39,9,,,0
1019,'1491956',2119,,40,9,,,0
1019,'1491957',1634,,41,9,,,0
1019,'1491959',734,,42,9,,,0
1019,'1491960',1434,,43,9,,,0
1019,'1491961',1234,,44,9,,,0
1019,'1491962',1804,,45,9,,,0
1019,'1491967',1334,,46,9,,,0
1019,'1491968',1919,,47,9,,,0
1019,'1491969',2019,,48,9,,,0
1019,'1491975',1034,,49,9,,,0
1019,'1491977',1304,,50,9,,,0
1019,'1491980',834,,51,9,,,0
1019,'1491981',1134,,52,9,,,0
1019,'1491982',934,,53,9,,,0
1019,'1491984',2319,,54,9,,,0
1019,'1491985',1734,,55,9,,,0
1019,'1491988',1004,,56,9,,,0
1019,'1491990',904,,57,9,,,0
1019,'1491992',2219,,58,9,,,0
1019,'1491994',1404,,59,9,,,0
1019,'1491995',1504,,60,9,,,0
1019,'1491997',634,,61,9,,,0
1019,'1491998',1204,,62,9,,,0
1019,'1491999',1104,,63,9,,,0
1019,'1492002',1704,,64,9,,,0
1019,'1492004',1604,,65,9,,,0
1019,'1492007',1834,,67,9,,,0
1019,'1496918',1319,,576,9,,,0
1019,'1496921',1919,,577,9,,,0
1019,'1496922',719,,578,9,,,0
1019,'1496923',619,,579,9,,,0
1019,'1496924',2019,,580,9,,,0
1019,'1496928',1019,,581,9,,,0
1019,'1496930',1419,,582,9,,,0
1019,'1496933',1619,,583,9,,,0
1019,'1496935',1119,,584,9,,,0
1019,'1496938',2119,,585,9,,,0
1019,'1496940',1519,,586,9,,,0
1019,'1496941',1719,,587,9,,,0
1019,'1496945',919,,588,9,,,0
1019,'1496946',819,,589,9,,,0
1019,'1496949',1219,,590,9,,,0
1019,'1496950',1819,,591,9,,,0
1019,'1496951',2319,,592,9,,,0
1019,'1496952',2219,,593,9,,,0
