2019,'1496174',1242,,878,59,,,0
2019,'1496175',1412,,879,59,,,0
2019,'1496179',1342,,880,59,,,0
2019,'1496181',1512,,881,59,,,0
2019,'1496183',1012,,882,59,,,0
2019,'1496184',1542,,883,59,,,0
2019,'1496185',942,,884,59,,,0
2019,'1496187',1142,,885,59,,,0
2019,'1496188',912,,886,59,,,0
2019,'1496189',842,,887,59,,,0
2019,'1496191',1042,,888,59,,,0
2019,'1496194',1612,,889,59,,,0
2019,'1496198',742,,890,59,,,0
2019,'1496200',1742,,891,59,,,0
2019,'1496204',1442,,892,59,,,0
2019,'1496206',1112,,893,59,,,0
2019,'1496208',1212,,894,59,,,0
2019,'1496209',1642,,895,59,,,0
2019,'1496210',1812,,896,59,,,0
2019,'1496211',1712,,897,59,,,0
2019,'1496215',812,,898,59,,,0
2019,'1496216',1312,,899,59,,,0
2019,'1496218',712,,900,59,,,0
2019,'1496220',612,,902,27,,,0
2019,'1496223',2257,,903,59,,,0
2019,'1496224',1242,,904,59,,,0
2019,'1496225',1412,,905,59,,,0
2019,'1496227',2157,,906,59,,,0
2019,'1496228',1857,,907,59,,,0
2019,'1496232',1342,,908,59,,,0
2019,'1496234',1512,,909,59,,,0
2019,'1496236',1012,,910,59,,,0
2019,'1496237',1542,,911,59,,,0
2019,'1496238',942,,912,59,,,0
2019,'1496240',1142,,913,59,,,0
2019,'1496242',912,,914,59,,,0
2019,'1496243',842,,915,59,,,0
2019,'1496245',1042,,916,59,,,0
2019,'1496248',1612,,917,59,,,0
2019,'1496253',2057,,918,59,,,0
2019,'1496255',742,,919,59,,,0
2019,'1496257',1742,,920,59,,,0
2019,'1496258',2355,,921,59,,,0
2019,'1496262',1442,,922,59,,,0
2019,'1496264',1112,,923,59,,,0
2019,'1496266',1212,,924,59,,,0
2019,'1496267',1642,,925,59,,,0
2019,'1496268',1812,,926,59,,,0
2019,'1496269',1712,,927,59,,,0
2019,'1496274',812,,928,59,,,0
2019,'1496275',1312,,929,59,,,0
2019,'1496277',712,,930,59,,,0
2019,'1496279',612,,932,37,,,0
2019,'1496280',1957,,933,59,,,0
2019,'1496490',1757,,934,59,,,0
2019,'1496491',2157,,935,59,,,0
2019,'1496492',1357,,936,59,,,0
2019,'1496494',1157,,937,59,,,0
2019,'1496495',1457,,938,59,,,0
2019,'1496498',2057,,939,59,,,0
2019,'1496499',757,,940,59,,,0
2019,'1496505',1257,,941,59,,,0
2019,'1496507',2257,,942,59,,,0
2019,'1496510',1557,,943,59,,,0
2019,'1496511',1857,,944,59,,,0
2019,'1496512',1057,,945,59,,,0
2019,'1496516',957,,946,59,,,0
2019,'1496518',857,,947,59,,,0
2019,'1496520',1657,,948,59,,,0
2019,'1496521',1957,,949,59,,,0
2019,'1496523',657,,950,59,,,0
2019,'1496524',627,,951,27,,,0
2019,'1496525',2355,,952,59,,,0
2019,'1496594',1757,,953,59,,,0
2019,'1496595',2157,,954,59,,,0
2019,'1496596',1357,,955,59,,,0
2019,'1496598',1157,,956,59,,,0
2019,'1496599',1457,,957,59,,,0
2019,'1496602',2057,,958,59,,,0
2019,'1496603',757,,959,59,,,0
2019,'1496609',1257,,960,59,,,0
2019,'1496613',1557,,961,59,,,0
2019,'1496614',1857,,962,59,,,0
2019,'1496615',1057,,963,59,,,0
2019,'1496619',957,,964,59,,,0
2019,'1496621',857,,965,59,,,0
2019,'1496623',1657,,966,59,,,0
2019,'1496624',1957,,967,59,,,0
2019,'1496625',727,,968,27,,,0
2019,'1496626',2355,,969,59,,,0
3019,'1496125',1645,,1056,113,,,0
3019,'1496128',1815,,1059,113,,,0
3019,'1496129',945,,1060,113,,,0
3019,'1496130',815,,1061,113,,,0
3019,'1496131',1715,,1062,113,,,0
3019,'1496133',1245,,1064,113,,,0
3019,'1496134',1215,,1065,113,,,0
3019,'1496136',845,,1067,113,,,0
3019,'1496138',1015,,1069,113,,,0
3019,'1496141',1445,,1072,113,,,0
3019,'1496142',1415,,1073,113,,,0
3019,'1496144',1545,,1075,113,,,0
3019,'1496146',1345,,1077,113,,,0
3019,'1496151',915,,1082,113,,,0
3019,'1496153',1845,,1084,113,,,0
3019,'1496154',1515,,1085,113,,,0
3019,'1496155',1115,,1086,113,,,0
3019,'1496159',1145,,1090,113,,,0
3019,'1496164',1315,,1095,113,,,0
3019,'1496165',1745,,1096,113,,,0
3019,'1496167',1045,,1098,113,,,0
3019,'1496168',1615,,1099,113,,,0
3019,'1496170',615,,1101,23,,,0
3019,'1496171',645,,1102,57,,,0
3019,'1496173',745,,1104,113,,,0
3019,'1496374',1645,,1105,113,,,0
3019,'1496377',1815,,1108,113,,,0
3019,'1496378',2130,,1109,113,,,0
3019,'1496380',945,,1111,113,,,0
3019,'1496381',815,,1112,113,,,0
3019,'1496382',1715,,1113,113,,,0
3019,'1496385',1245,,1116,113,,,0
3019,'1496386',1215,,1117,113,,,0
3019,'1496388',845,,1119,113,,,0
3019,'1496392',1015,,1123,113,,,0
3019,'1496395',2330,,1126,113,,,0
3019,'1496396',1445,,1127,113,,,0
3019,'1496398',1415,,1129,113,,,0
3019,'1496400',1545,,1131,113,,,0
3019,'1496402',1345,,1133,113,,,0
3019,'1496404',2230,,1135,113,,,0
3019,'1496409',915,,1140,113,,,0
3019,'1496411',1845,,1142,113,,,0
3019,'1496412',1515,,1143,113,,,0
3019,'1496413',1115,,1144,113,,,0
3019,'1496417',1145,,1148,113,,,0
3019,'1496422',1315,,1153,113,,,0
3019,'1496423',1745,,1154,113,,,0
3019,'1496425',1045,,1156,113,,,0
3019,'1496426',1615,,1157,113,,,0
3019,'1496427',1930,,1158,113,,,0
3019,'1496430',615,,1161,23,,,0
3019,'1496431',645,,1162,57,,,0
3019,'1496432',2030,,1163,113,,,0
3019,'1496434',745,,1165,113,,,0
3019,'1496453',830,,1166,113,,,0
3019,'1496455',1530,,1168,113,,,0
3019,'1496457',930,,1170,113,,,0
3019,'1496458',1230,,1171,113,,,0
3019,'1496459',2330,,1172,113,,,0
3019,'1496460',1930,,1173,113,,,0
3019,'1496463',1430,,1176,113,,,0
3019,'1496465',2030,,1178,113,,,0
3019,'1496467',1730,,1180,113,,,0
3019,'1496468',1030,,1181,113,,,0
3019,'1496469',1330,,1182,113,,,0
3019,'1496473',2230,,1186,113,,,0
3019,'1496474',1830,,1187,113,,,0
3019,'1496475',1130,,1188,113,,,0
3019,'1496479',1630,,1192,113,,,0
3019,'1496484',2130,,1197,113,,,0
3019,'1496486',700,,1199,57,,,0
3019,'1496488',730,,1201,113,,,0
3019,'1496627',830,,1203,113,,,0
3019,'1496629',1530,,1205,113,,,0
3019,'1496631',930,,1207,113,,,0
3019,'1496632',1230,,1208,113,,,0
3019,'1496633',1930,,1209,113,,,0
3019,'1496636',1430,,1212,113,,,0
3019,'1496638',2030,,1214,113,,,0
3019,'1496640',1730,,1216,113,,,0
3019,'1496641',1030,,1217,113,,,0
3019,'1496642',1330,,1218,113,,,0
3019,'1496645',2230,,1221,113,,,0
3019,'1496646',1830,,1222,113,,,0
3019,'1496647',1130,,1223,113,,,0
3019,'1496651',1630,,1227,113,,,0
3019,'1496656',2130,,1232,113,,,0
3019,'1496658',800,,1234,57,,,0
