1029,'1491948',1420,,124,6,,,0
1029,'1491949',1520,,125,6,,,0
1029,'1491951',1620,,126,6,,,0
1029,'1491953',720,,127,6,,,0
1029,'1491954',2050,,128,6,,,0
1029,'1491958',1020,,129,6,,,0
1029,'1491963',1950,,130,6,,,0
1029,'1491964',850,,131,6,,,0
1029,'1491965',1650,,132,6,,,0
1029,'1491966',1550,,133,6,,,0
1029,'1491970',1750,,134,6,,,0
1029,'1491971',1150,,135,6,,,0
1029,'1491972',1220,,136,6,,,0
1029,'1491973',1350,,137,6,,,0
1029,'1491974',950,,138,6,,,0
1029,'1491976',650,,139,6,,,0
1029,'1491978',1820,,140,6,,,0
1029,'1491979',1720,,141,6,,,0
1029,'1491983',1320,,142,6,,,0
1029,'1491986',920,,143,6,,,0
1029,'1491987',2150,,144,6,,,0
1029,'1491989',1120,,145,6,,,0
1029,'1491991',2250,,146,6,,,0
1029,'1491993',820,,147,6,,,0
1029,'1491996',750,,148,6,,,0
1029,'1492000',1450,,149,6,,,0
1029,'1492001',1250,,150,6,,,0
1029,'1492003',1050,,151,6,,,0
1029,'1492008',1850,,153,6,,,0
1029,'1496919',1849,,594,6,,,0
1029,'1496920',2049,,595,6,,,0
1029,'1496925',1749,,596,6,,,0
1029,'1496926',2149,,597,6,,,0
1029,'1496927',1249,,598,6,,,0
1029,'1496929',1049,,599,6,,,0
1029,'1496931',949,,600,6,,,0
1029,'1496932',1949,,601,6,,,0
1029,'1496934',649,,602,6,,,0
1029,'1496936',2249,,603,6,,,0
1029,'1496937',1449,,604,6,,,0
1029,'1496939',1549,,605,6,,,0
1029,'1496942',749,,606,6,,,0
1029,'1496943',1149,,607,6,,,0
1029,'1496944',849,,608,6,,,0
1029,'1496947',1649,,609,6,,,0
1029,'1496948',1349,,610,6,,,0
3019,'1488507',819,,436,10,0,5,0
3019,'1488508',1019,,437,10,0,5,0
3019,'1488511',2049,,438,10,0,5,0
3019,'1488515',2149,,439,10,0,5,0
3019,'1488516',1049,,440,10,0,5,0
3019,'1488519',1619,,441,10,0,5,0
3019,'1488521',2249,,442,10,0,5,0
3019,'1488522',1419,,443,10,0,5,0
3019,'1488523',1849,,444,10,0,5,0
3019,'1488525',1149,,445,10,0,5,0
3019,'1488526',719,,446,10,0,5,0
3019,'1488529',1949,,447,10,0,5,0
3019,'1488531',649,,448,10,0,5,0
3019,'1488533',1719,,449,10,0,5,0
3019,'1488535',1249,,450,10,0,5,0
3019,'1488537',1749,,451,10,0,5,0
3019,'1488538',949,,452,10,0,5,0
3019,'1488539',1219,,453,10,0,5,0
3019,'1488540',1319,,454,10,0,5,0
3019,'1488542',749,,455,10,0,5,0
3019,'1488546',919,,456,10,0,5,0
3019,'1488547',1549,,457,10,0,5,0
3019,'1488548',1349,,458,10,0,5,0
3019,'1488550',1649,,459,10,0,5,0
3019,'1488551',1119,,460,10,0,5,0
3019,'1488552',1449,,461,10,0,5,0
3019,'1488556',1519,,463,10,0,5,0
3019,'1488560',849,,464,10,0,5,0
3019,'1496990',1649,,648,10,0,5,0
3019,'1496992',2149,,650,10,0,5,0
3019,'1496997',1849,,655,10,0,5,0
3019,'1496998',1349,,656,10,0,5,0
3019,'1497000',1949,,658,10,0,5,0
3019,'1497002',2249,,660,10,0,5,0
3019,'1497006',1749,,664,10,0,5,0
3019,'1497007',649,,665,10,0,5,0
3019,'1497008',849,,666,10,0,5,0
3019,'1497012',949,,670,10,0,5,0
3019,'1497013',1249,,671,10,0,5,0
3019,'1497014',1549,,672,10,0,5,0
3019,'1497016',1049,,674,10,0,5,0
3019,'1497017',1449,,675,10,0,5,0
3019,'1497018',2049,,676,10,0,5,0
3019,'1497019',749,,677,10,0,5,0
3019,'1497021',1149,,679,10,0,5,0
