2019,'1496174',1223,,878,34,,,0
2019,'1496175',1353,,879,34,,,0
2019,'1496179',1323,,880,34,,,0
2019,'1496181',1453,,881,34,,,0
2019,'1496183',953,,882,34,,,0
2019,'1496184',1523,,883,34,,,0
2019,'1496185',923,,884,34,,,0
2019,'1496187',1123,,885,34,,,0
2019,'1496188',853,,886,34,,,0
2019,'1496189',823,,887,34,,,0
2019,'1496191',1023,,888,34,,,0
2019,'1496194',1553,,889,34,,,0
2019,'1496198',723,,890,34,,,0
2019,'1496200',1723,,891,34,,,0
2019,'1496204',1423,,892,34,,,0
2019,'1496206',1053,,893,34,,,0
2019,'1496208',1153,,894,34,,,0
2019,'1496209',1623,,895,34,,,0
2019,'1496210',1753,,896,34,,,0
2019,'1496211',1653,,897,34,,,0
2019,'1496215',753,,898,34,,,0
2019,'1496216',1253,,899,34,,,0
2019,'1496218',653,,900,34,,,0
2019,'1496220',553,,902,2,,,0
2019,'1496223',2238,,903,34,,,0
2019,'1496224',1223,,904,34,,,0
2019,'1496225',1353,,905,34,,,0
2019,'1496227',2138,,906,34,,,0
2019,'1496228',1838,,907,34,,,0
2019,'1496232',1323,,908,34,,,0
2019,'1496234',1453,,909,34,,,0
2019,'1496236',953,,910,34,,,0
2019,'1496237',1523,,911,34,,,0
2019,'1496238',923,,912,34,,,0
2019,'1496240',1123,,913,34,,,0
2019,'1496242',853,,914,34,,,0
2019,'1496243',823,,915,34,,,0
2019,'1496245',1023,,916,34,,,0
2019,'1496248',1553,,917,34,,,0
2019,'1496253',2038,,918,34,,,0
2019,'1496255',723,,919,34,,,0
2019,'1496257',1723,,920,34,,,0
2019,'1496258',2336,,921,34,,,0
2019,'1496262',1423,,922,34,,,0
2019,'1496264',1053,,923,34,,,0
2019,'1496266',1153,,924,34,,,0
2019,'1496267',1623,,925,34,,,0
2019,'1496268',1753,,926,34,,,0
2019,'1496269',1653,,927,34,,,0
2019,'1496274',753,,928,34,,,0
2019,'1496275',1253,,929,34,,,0
2019,'1496277',653,,930,34,,,0
2019,'1496279',553,,932,12,,,0
2019,'1496280',1938,,933,34,,,0
2019,'1496490',1738,,934,34,,,0
2019,'1496491',2138,,935,34,,,0
2019,'1496492',1338,,936,34,,,0
2019,'1496494',1138,,937,34,,,0
2019,'1496495',1438,,938,34,,,0
2019,'1496498',2038,,939,34,,,0
2019,'1496499',738,,940,34,,,0
2019,'1496505',1238,,941,34,,,0
2019,'1496507',2238,,942,34,,,0
2019,'1496510',1538,,943,34,,,0
2019,'1496511',1838,,944,34,,,0
2019,'1496512',1038,,945,34,,,0
2019,'1496516',938,,946,34,,,0
2019,'1496518',838,,947,34,,,0
2019,'1496520',1638,,948,34,,,0
2019,'1496521',1938,,949,34,,,0
2019,'1496523',638,,950,34,,,0
2019,'1496524',608,,951,2,,,0
2019,'1496525',2337,,952,34,,,0
2019,'1496594',1738,,953,34,,,0
2019,'1496595',2138,,954,34,,,0
2019,'1496596',1338,,955,34,,,0
2019,'1496598',1138,,956,34,,,0
2019,'1496599',1438,,957,34,,,0
2019,'1496602',2038,,958,34,,,0
2019,'1496603',738,,959,34,,,0
2019,'1496609',1238,,960,34,,,0
2019,'1496613',1538,,961,34,,,0
2019,'1496614',1838,,962,34,,,0
2019,'1496615',1038,,963,34,,,0
2019,'1496619',938,,964,34,,,0
2019,'1496621',838,,965,34,,,0
2019,'1496623',1638,,966,34,,,0
2019,'1496624',1938,,967,34,,,0
2019,'1496625',708,,968,2,,,0
2019,'1496626',2337,,969,34,,,0
