1029,'1496065',1433,,792,29,,,0
1029,'1496066',1533,,793,29,,,0
1029,'1496068',1633,,794,29,,,0
1029,'1496070',733,,795,29,,,0
1029,'1496073',1033,,796,29,,,0
1029,'1496077',903,,797,29,,,0
1029,'1496078',1703,,798,29,,,0
1029,'1496079',1603,,799,29,,,0
1029,'1496081',1203,,800,29,,,0
1029,'1496082',1233,,801,29,,,0
1029,'1496083',1403,,802,29,,,0
1029,'1496084',1003,,803,29,,,0
1029,'1496086',703,,804,29,,,0
1029,'1496088',1733,,805,29,,,0
1029,'1496092',1333,,806,29,,,0
1029,'1496094',933,,807,29,,,0
1029,'1496096',1133,,808,29,,,0
1029,'1496098',833,,809,29,,,0
1029,'1496101',803,,810,29,,,0
1029,'1496105',1503,,811,29,,,0
1029,'1496106',1303,,812,29,,,0
1029,'1496108',1103,,813,29,,,0
1029,'1496294',1433,,815,29,,,0
1029,'1496295',1533,,816,29,,,0
1029,'1496297',1633,,817,29,,,0
1029,'1496299',733,,818,29,,,0
1029,'1496300',2103,,819,29,,,0
1029,'1496304',1033,,820,29,,,0
1029,'1496309',2003,,821,29,,,0
1029,'1496310',903,,822,29,,,0
1029,'1496311',1703,,823,29,,,0
1029,'1496312',1603,,824,29,,,0
1029,'1496316',1803,,825,29,,,0
1029,'1496317',1203,,826,29,,,0
1029,'1496318',1233,,827,29,,,0
1029,'1496319',1403,,828,29,,,0
1029,'1496320',1003,,829,29,,,0
1029,'1496322',703,,830,29,,,0
1029,'1496324',1833,,831,29,,,0
1029,'1496325',1733,,832,29,,,0
1029,'1496329',1333,,833,29,,,0
1029,'1496332',933,,834,29,,,0
1029,'1496333',2203,,835,29,,,0
1029,'1496335',1133,,836,29,,,0
1029,'1496337',2303,,837,29,,,0
1029,'1496339',833,,838,29,,,0
1029,'1496342',803,,839,29,,,0
1029,'1496346',1503,,840,29,,,0
1029,'1496347',1303,,841,29,,,0
1029,'1496349',1103,,842,29,,,0
1029,'1496354',1903,,844,29,,,0
1029,'1496527',1903,,845,29,,,0
1029,'1496528',2103,,846,29,,,0
1029,'1496533',1803,,847,29,,,0
1029,'1496534',2203,,848,29,,,0
1029,'1496535',1303,,849,29,,,0
1029,'1496537',1103,,850,29,,,0
1029,'1496539',1003,,851,29,,,0
1029,'1496540',2003,,852,29,,,0
1029,'1496542',703,,853,29,,,0
1029,'1496544',2303,,854,29,,,0
1029,'1496545',1503,,855,29,,,0
1029,'1496547',1603,,856,29,,,0
1029,'1496550',803,,857,29,,,0
1029,'1496551',1203,,858,29,,,0
1029,'1496552',903,,859,29,,,0
1029,'1496555',1703,,860,29,,,0
1029,'1496556',1403,,861,29,,,0
1029,'1496562',1903,,862,29,,,0
1029,'1496563',2103,,863,29,,,0
1029,'1496567',1803,,864,29,,,0
1029,'1496568',2203,,865,29,,,0
1029,'1496569',1303,,866,29,,,0
1029,'1496571',1103,,867,29,,,0
1029,'1496573',1003,,868,29,,,0
1029,'1496574',2003,,869,29,,,0
1029,'1496577',2303,,870,29,,,0
1029,'1496578',1503,,871,29,,,0
1029,'1496580',1603,,872,29,,,0
1029,'1496583',803,,873,29,,,0
1029,'1496584',1203,,874,29,,,0
1029,'1496585',903,,875,29,,,0
1029,'1496588',1703,,876,29,,,0
1029,'1496589',1403,,877,29,,,0
