2019,'1492023',2332,,191,115,,,0
2019,'1492024',1317,,192,115,,,0
2019,'1492025',1447,,193,115,,,0
2019,'1492027',2232,,194,115,,,0
2019,'1492028',1932,,195,115,,,0
2019,'1492032',1417,,196,115,,,0
2019,'1492034',1547,,197,115,,,0
2019,'1492036',1047,,198,115,,,0
2019,'1492037',1617,,199,115,,,0
2019,'1492038',1017,,200,115,,,0
2019,'1492040',1217,,201,115,,,0
2019,'1492042',947,,202,115,,,0
2019,'1492043',917,,203,115,,,0
2019,'1492045',1117,,204,115,,,0
2019,'1492048',1647,,205,115,,,0
2019,'1492053',2132,,206,115,,,0
2019,'1492055',817,,207,115,,,0
2019,'1492057',1817,,208,115,,,0
2019,'1492062',1517,,210,115,,,0
2019,'1492064',1147,,211,115,,,0
2019,'1492066',1247,,212,115,,,0
2019,'1492067',1717,,213,115,,,0
2019,'1492068',1847,,214,115,,,0
2019,'1492069',1747,,215,115,,,0
2019,'1492074',847,,216,115,,,0
2019,'1492075',1347,,217,115,,,0
2019,'1492077',747,,218,115,,,0
2019,'1492078',617,,219,30,,,0
2019,'1492079',647,,220,93,,,0
2019,'1492080',2032,,221,115,,,0
2019,'1496953',1832,,611,116,,,0
2019,'1496954',2232,,612,116,,,0
2019,'1496955',1432,,613,116,,,0
2019,'1496957',1232,,614,116,,,0
2019,'1496958',1532,,615,116,,,0
2019,'1496961',2132,,616,116,,,0
2019,'1496962',832,,617,116,,,0
2019,'1496968',1332,,618,116,,,0
2019,'1496970',2332,,619,116,,,0
2019,'1496973',1632,,620,116,,,0
2019,'1496974',1932,,621,116,,,0
2019,'1496975',1132,,622,116,,,0
2019,'1496979',1032,,623,116,,,0
2019,'1496981',932,,624,116,,,0
2019,'1496983',1732,,625,116,,,0
2019,'1496984',2032,,626,116,,,0
2019,'1496986',732,,627,116,,,0
2019,'1496987',702,,628,84,,,0
