1019,'1491950',734,,37,43,,,0
1019,'1491952',834,,38,43,,,0
1019,'1491955',1604,,39,43,,,0
1019,'1491956',2149,,40,43,,,0
1019,'1491957',1704,,41,43,,,0
1019,'1491959',804,,42,43,,,0
1019,'1491960',1504,,43,43,,,0
1019,'1491961',1304,,44,43,,,0
1019,'1491962',1834,,45,43,,,0
1019,'1491967',1404,,46,43,,,0
1019,'1491968',1949,,47,43,,,0
1019,'1491969',2049,,48,43,,,0
1019,'1491975',1104,,49,43,,,0
1019,'1491977',1334,,50,43,,,0
1019,'1491980',904,,51,43,,,0
1019,'1491981',1204,,52,43,,,0
1019,'1491982',1004,,53,43,,,0
1019,'1491984',2343,,54,43,,,0
1019,'1491985',1804,,55,43,,,0
1019,'1491988',1034,,56,43,,,0
1019,'1491990',934,,57,43,,,0
1019,'1491992',2249,,58,43,,,0
1019,'1491994',1434,,59,43,,,0
1019,'1491995',1534,,60,43,,,0
1019,'1491997',704,,61,43,,,0
1019,'1491998',1234,,62,43,,,0
1019,'1491999',1134,,63,43,,,0
1019,'1492002',1734,,64,43,,,0
1019,'1492004',1634,,65,43,,,0
1019,'1492005',604,,66,13,,,0
1019,'1492007',1904,,67,43,,,0
1019,'1496918',1349,,576,44,,,0
1019,'1496921',1949,,577,44,,,0
1019,'1496922',749,,578,44,,,0
1019,'1496923',649,,579,44,,,0
1019,'1496924',2049,,580,44,,,0
1019,'1496928',1049,,581,44,,,0
1019,'1496930',1449,,582,44,,,0
1019,'1496933',1649,,583,44,,,0
1019,'1496935',1149,,584,44,,,0
1019,'1496938',2149,,585,44,,,0
1019,'1496940',1549,,586,44,,,0
1019,'1496941',1749,,587,44,,,0
1019,'1496945',949,,588,44,,,0
1019,'1496946',849,,589,44,,,0
1019,'1496949',1249,,590,44,,,0
1019,'1496950',1849,,591,44,,,0
1019,'1496951',2343,,592,44,,,0
1019,'1496952',2249,,593,44,,,0
