2029,'1492022',2040,,280,89,,,0
2029,'1492026',940,,281,89,,,0
2029,'1492029',1440,,282,89,,,0
2029,'1492030',1240,,283,89,,,0
2029,'1492031',1840,,284,89,,,0
2029,'1492033',1310,,285,89,,,0
2029,'1492035',1610,,286,89,,,0
2029,'1492039',1010,,287,89,,,0
2029,'1492041',2240,,288,89,,,0
2029,'1492044',840,,289,89,,,0
2029,'1492046',1640,,290,89,,,0
2029,'1492047',1510,,291,89,,,0
2029,'1492049',2335,,292,89,,,0
2029,'1492050',1110,,293,89,,,0
2029,'1492051',740,,294,89,,,0
2029,'1492052',1340,,295,89,,,0
2029,'1492054',1940,,296,89,,,0
2029,'1492056',1710,,297,89,,,0
2029,'1492059',1540,,298,89,,,0
2029,'1492060',1410,,299,89,,,0
2029,'1492061',810,,300,89,,,0
2029,'1492063',1740,,301,89,,,0
2029,'1492065',1040,,302,89,,,0
2029,'1492070',910,,303,89,,,0
2029,'1492071',2140,,304,89,,,0
2029,'1492072',1210,,305,89,,,0
2029,'1492073',1140,,306,89,,,0
2029,'1492076',1810,,307,89,,,0
2029,'1492081',640,,308,53,,,0
2029,'1496956',1740,,630,90,,,0
2029,'1496959',1140,,631,90,,,0
2029,'1496960',2240,,632,90,,,0
2029,'1496963',2335,,633,90,,,0
2029,'1496964',1040,,634,90,,,0
2029,'1496965',2040,,635,90,,,0
2029,'1496966',940,,636,90,,,0
2029,'1496967',1540,,637,90,,,0
2029,'1496969',2140,,638,90,,,0
2029,'1496971',1840,,639,90,,,0
2029,'1496972',1240,,640,90,,,0
2029,'1496976',1440,,641,90,,,0
2029,'1496977',840,,642,90,,,0
2029,'1496978',1340,,643,90,,,0
2029,'1496980',1940,,644,90,,,0
2029,'1496982',1640,,645,90,,,0
2029,'1496985',740,,646,90,,,0
