3019,'1491899',1634,,370,100,,,0
3019,'1491900',1804,,371,100,,,0
3019,'1491901',2119,,372,100,,,0
3019,'1491902',934,,373,100,,,0
3019,'1491903',804,,374,100,,,0
3019,'1491904',1704,,375,100,,,0
3019,'1491905',1234,,376,100,,,0
3019,'1491906',1204,,377,100,,,0
3019,'1491907',834,,378,100,,,0
3019,'1491908',1004,,379,100,,,0
3019,'1491909',2319,,380,100,,,0
3019,'1491910',1434,,381,100,,,0
3019,'1491911',1404,,382,100,,,0
3019,'1491912',1534,,383,100,,,0
3019,'1491913',1334,,384,100,,,0
3019,'1491914',2219,,385,100,,,0
3019,'1491915',904,,386,100,,,0
3019,'1491916',1834,,387,100,,,0
3019,'1491917',1504,,388,100,,,0
3019,'1491918',1104,,389,100,,,0
3019,'1491919',1134,,390,100,,,0
3019,'1491920',1304,,391,100,,,0
3019,'1491921',1734,,392,100,,,0
3019,'1491922',1034,,393,100,,,0
3019,'1491923',1604,,394,100,,,0
3019,'1491924',1919,,395,100,,,0
3019,'1491926',604,,397,9,,,0
3019,'1491927',634,,398,43,,,0
3019,'1491928',2019,,399,100,,,0
3019,'1492021',734,,400,100,,,0
3019,'1496989',819,,647,99,,,0
3019,'1496991',1519,,649,99,,,0
3019,'1496993',919,,651,99,,,0
3019,'1496994',1219,,652,99,,,0
3019,'1496995',2319,,653,99,,,0
3019,'1496996',1919,,654,99,,,0
3019,'1496999',1419,,657,99,,,0
3019,'1497001',2019,,659,99,,,0
3019,'1497003',1719,,661,99,,,0
3019,'1497004',1019,,662,99,,,0
3019,'1497005',1319,,663,99,,,0
3019,'1497009',2219,,667,99,,,0
3019,'1497010',1819,,668,99,,,0
3019,'1497011',1119,,669,99,,,0
3019,'1497015',1619,,673,99,,,0
3019,'1497020',2119,,678,99,,,0
3019,'1497022',649,,680,43,,,0
3019,'1497024',719,,682,99,,,0
