2029,'1492022',2054,,280,111,,,0
2029,'1492026',954,,281,111,,,0
2029,'1492029',1454,,282,111,,,0
2029,'1492030',1254,,283,111,,,0
2029,'1492031',1854,,284,111,,,0
2029,'1492033',1324,,285,111,,,0
2029,'1492035',1624,,286,111,,,0
2029,'1492039',1024,,287,111,,,0
2029,'1492041',2254,,288,111,,,0
2029,'1492044',854,,289,111,,,0
2029,'1492046',1654,,290,111,,,0
2029,'1492047',1524,,291,111,,,0
2029,'1492049',2348,,292,111,,,0
2029,'1492050',1124,,293,111,,,0
2029,'1492051',754,,294,111,,,0
2029,'1492052',1354,,295,111,,,0
2029,'1492054',1954,,296,111,,,0
2029,'1492056',1724,,297,111,,,0
2029,'1492059',1554,,298,111,,,0
2029,'1492060',1424,,299,111,,,0
2029,'1492061',824,,300,111,,,0
2029,'1492063',1754,,301,111,,,0
2029,'1492065',1054,,302,111,,,0
2029,'1492070',924,,303,111,,,0
2029,'1492071',2154,,304,111,,,0
2029,'1492072',1224,,305,111,,,0
2029,'1492073',1154,,306,111,,,0
2029,'1492076',1824,,307,111,,,0
2029,'1492081',654,,308,75,,,0
2029,'1496956',1754,,630,112,,,0
2029,'1496959',1154,,631,112,,,0
2029,'1496960',2254,,632,112,,,0
2029,'1496963',2348,,633,112,,,0
2029,'1496964',1054,,634,112,,,0
2029,'1496965',2054,,635,112,,,0
2029,'1496966',954,,636,112,,,0
2029,'1496967',1554,,637,112,,,0
2029,'1496969',2154,,638,112,,,0
2029,'1496971',1854,,639,112,,,0
2029,'1496972',1254,,640,112,,,0
2029,'1496976',1454,,641,112,,,0
2029,'1496977',854,,642,112,,,0
2029,'1496978',1354,,643,112,,,0
2029,'1496980',1954,,644,112,,,0
2029,'1496982',1654,,645,112,,,0
2029,'1496985',754,,646,112,,,0
3019,'1488507',900,,436,63,0,5,0
3019,'1488508',1100,,437,63,0,5,0
3019,'1488511',2130,,438,63,0,5,0
3019,'1488515',2230,,439,63,0,5,0
3019,'1488516',1130,,440,63,0,5,0
3019,'1488519',1700,,441,63,0,5,0
3019,'1488521',2323,,442,63,0,5,0
3019,'1488522',1500,,443,63,0,5,0
3019,'1488523',1930,,444,63,0,5,0
3019,'1488525',1230,,445,63,0,5,0
3019,'1488526',800,,446,63,0,5,0
3019,'1488529',2030,,447,63,0,5,0
3019,'1488531',730,,448,63,0,5,0
3019,'1488533',1800,,449,63,0,5,0
3019,'1488535',1330,,450,63,0,5,0
3019,'1488537',1830,,451,63,0,5,0
3019,'1488538',1030,,452,63,0,5,0
3019,'1488539',1300,,453,63,0,5,0
3019,'1488540',1400,,454,63,0,5,0
3019,'1488542',830,,455,63,0,5,0
3019,'1488546',1000,,456,63,0,5,0
3019,'1488547',1630,,457,63,0,5,0
3019,'1488548',1430,,458,63,0,5,0
3019,'1488550',1730,,459,63,0,5,0
3019,'1488551',1200,,460,63,0,5,0
3019,'1488552',1530,,461,63,0,5,0
3019,'1488556',1600,,463,63,0,5,0
3019,'1488560',930,,464,63,0,5,0
3019,'1488565',630,,465,30,0,5,0
3019,'1496990',1730,,648,61,0,5,0
3019,'1496992',2230,,650,61,0,5,0
3019,'1496997',1930,,655,61,0,5,0
3019,'1496998',1430,,656,61,0,5,0
3019,'1497000',2030,,658,61,0,5,0
3019,'1497002',2324,,660,61,0,5,0
3019,'1497006',1830,,664,61,0,5,0
3019,'1497007',730,,665,61,0,5,0
3019,'1497008',930,,666,61,0,5,0
3019,'1497012',1030,,670,61,0,5,0
3019,'1497013',1330,,671,61,0,5,0
3019,'1497014',1630,,672,61,0,5,0
3019,'1497016',1130,,674,61,0,5,0
3019,'1497017',1530,,675,61,0,5,0
3019,'1497018',2130,,676,61,0,5,0
3019,'1497019',830,,677,61,0,5,0
3019,'1497021',1230,,679,61,0,5,0
