2019,'1496174',1318,,878,117,,,0
2019,'1496175',1448,,879,117,,,0
2019,'1496179',1418,,880,117,,,0
2019,'1496181',1548,,881,117,,,0
2019,'1496183',1048,,882,117,,,0
2019,'1496184',1618,,883,117,,,0
2019,'1496185',1018,,884,117,,,0
2019,'1496187',1218,,885,117,,,0
2019,'1496188',948,,886,117,,,0
2019,'1496189',918,,887,117,,,0
2019,'1496191',1118,,888,117,,,0
2019,'1496194',1648,,889,117,,,0
2019,'1496198',818,,890,117,,,0
2019,'1496200',1818,,891,117,,,0
2019,'1496204',1518,,892,117,,,0
2019,'1496206',1148,,893,117,,,0
2019,'1496208',1248,,894,117,,,0
2019,'1496209',1718,,895,117,,,0
2019,'1496210',1848,,896,117,,,0
2019,'1496211',1748,,897,117,,,0
2019,'1496215',848,,898,117,,,0
2019,'1496216',1348,,899,117,,,0
2019,'1496218',748,,900,117,,,0
2019,'1496219',618,,901,31,,,0
2019,'1496220',648,,902,85,,,0
2019,'1496223',2333,,903,117,,,0
2019,'1496224',1318,,904,117,,,0
2019,'1496225',1448,,905,117,,,0
2019,'1496227',2233,,906,117,,,0
2019,'1496228',1933,,907,117,,,0
2019,'1496232',1418,,908,117,,,0
2019,'1496234',1548,,909,117,,,0
2019,'1496236',1048,,910,117,,,0
2019,'1496237',1618,,911,117,,,0
2019,'1496238',1018,,912,117,,,0
2019,'1496240',1218,,913,117,,,0
2019,'1496242',948,,914,117,,,0
2019,'1496243',918,,915,117,,,0
2019,'1496245',1118,,916,117,,,0
2019,'1496248',1648,,917,117,,,0
2019,'1496253',2133,,918,117,,,0
2019,'1496255',818,,919,117,,,0
2019,'1496257',1818,,920,117,,,0
2019,'1496262',1518,,922,117,,,0
2019,'1496264',1148,,923,117,,,0
2019,'1496266',1248,,924,117,,,0
2019,'1496267',1718,,925,117,,,0
2019,'1496268',1848,,926,117,,,0
2019,'1496269',1748,,927,117,,,0
2019,'1496274',848,,928,117,,,0
2019,'1496275',1348,,929,117,,,0
2019,'1496277',748,,930,117,,,0
2019,'1496278',618,,931,31,,,0
2019,'1496279',648,,932,95,,,0
2019,'1496280',2033,,933,117,,,0
2019,'1496490',1833,,934,117,,,0
2019,'1496491',2233,,935,117,,,0
2019,'1496492',1433,,936,117,,,0
2019,'1496494',1233,,937,117,,,0
2019,'1496495',1533,,938,117,,,0
2019,'1496498',2133,,939,117,,,0
2019,'1496499',833,,940,117,,,0
2019,'1496505',1333,,941,117,,,0
2019,'1496507',2333,,942,117,,,0
2019,'1496510',1633,,943,117,,,0
2019,'1496511',1933,,944,117,,,0
2019,'1496512',1133,,945,117,,,0
2019,'1496516',1033,,946,117,,,0
2019,'1496518',933,,947,117,,,0
2019,'1496520',1733,,948,117,,,0
2019,'1496521',2033,,949,117,,,0
2019,'1496523',733,,950,117,,,0
2019,'1496524',703,,951,85,,,0
2019,'1496594',1833,,953,117,,,0
2019,'1496595',2233,,954,117,,,0
2019,'1496596',1433,,955,117,,,0
2019,'1496598',1233,,956,117,,,0
2019,'1496599',1533,,957,117,,,0
2019,'1496602',2133,,958,117,,,0
2019,'1496603',833,,959,117,,,0
2019,'1496609',1333,,960,117,,,0
2019,'1496613',1633,,961,117,,,0
2019,'1496614',1933,,962,117,,,0
2019,'1496615',1133,,963,117,,,0
2019,'1496619',1033,,964,117,,,0
2019,'1496621',933,,965,117,,,0
2019,'1496623',1733,,966,117,,,0
2019,'1496624',2033,,967,117,,,0
2019,'1496625',803,,968,85,,,0
