3019,'1488507',853,,436,54,0,5,0
3019,'1488508',1053,,437,54,0,5,0
3019,'1488511',2123,,438,54,0,5,0
3019,'1488515',2223,,439,54,0,5,0
3019,'1488516',1123,,440,54,0,5,0
3019,'1488519',1653,,441,54,0,5,0
3019,'1488521',2318,,442,54,0,5,0
3019,'1488522',1453,,443,54,0,5,0
3019,'1488523',1923,,444,54,0,5,0
3019,'1488525',1223,,445,54,0,5,0
3019,'1488526',753,,446,54,0,5,0
3019,'1488529',2023,,447,54,0,5,0
3019,'1488531',723,,448,54,0,5,0
3019,'1488533',1753,,449,54,0,5,0
3019,'1488535',1323,,450,54,0,5,0
3019,'1488537',1823,,451,54,0,5,0
3019,'1488538',1023,,452,54,0,5,0
3019,'1488539',1253,,453,54,0,5,0
3019,'1488540',1353,,454,54,0,5,0
3019,'1488542',823,,455,54,0,5,0
3019,'1488546',953,,456,54,0,5,0
3019,'1488547',1623,,457,54,0,5,0
3019,'1488548',1423,,458,54,0,5,0
3019,'1488550',1723,,459,54,0,5,0
3019,'1488551',1153,,460,54,0,5,0
3019,'1488552',1523,,461,54,0,5,0
3019,'1488556',1553,,463,54,0,5,0
3019,'1488560',923,,464,54,0,5,0
3019,'1488565',623,,465,21,0,5,0
3019,'1496990',1723,,648,52,0,5,0
3019,'1496992',2223,,650,52,0,5,0
3019,'1496997',1923,,655,52,0,5,0
3019,'1496998',1423,,656,52,0,5,0
3019,'1497000',2023,,658,52,0,5,0
3019,'1497002',2319,,660,52,0,5,0
3019,'1497006',1823,,664,52,0,5,0
3019,'1497007',723,,665,52,0,5,0
3019,'1497008',923,,666,52,0,5,0
3019,'1497012',1023,,670,52,0,5,0
3019,'1497013',1323,,671,52,0,5,0
3019,'1497014',1623,,672,52,0,5,0
3019,'1497016',1123,,674,52,0,5,0
3019,'1497017',1523,,675,52,0,5,0
3019,'1497018',2123,,676,52,0,5,0
3019,'1497019',823,,677,52,0,5,0
3019,'1497021',1223,,679,52,0,5,0
