2029,'1496221',609,,971,4,,,0
2029,'1496281',609,,972,4,,,0
2029,'1497044',910,,973,41,,,0
2029,'1497045',1410,,974,41,,,0
2029,'1497046',1210,,975,41,,,0
2029,'1497047',1240,,976,41,,,0
2029,'1497048',1540,,977,41,,,0
2029,'1497049',940,,978,41,,,0
2029,'1497050',810,,979,41,,,0
2029,'1497051',1610,,980,41,,,0
2029,'1497052',1440,,981,41,,,0
2029,'1497053',1040,,982,41,,,0
2029,'1497054',710,,983,41,,,0
2029,'1497055',1310,,984,41,,,0
2029,'1497056',1640,,985,41,,,0
2029,'1497057',1510,,986,41,,,0
2029,'1497058',1340,,987,41,,,0
2029,'1497059',740,,988,41,,,0
2029,'1497060',1710,,989,41,,,0
2029,'1497061',1010,,990,41,,,0
2029,'1497062',840,,991,41,,,0
2029,'1497063',1140,,992,41,,,0
2029,'1497064',1110,,993,41,,,0
2029,'1497065',1740,,994,41,,,0
2029,'1497066',2010,,995,41,,,0
2029,'1497067',910,,996,41,,,0
2029,'1497068',1410,,997,41,,,0
2029,'1497069',1210,,998,41,,,0
2029,'1497070',1810,,999,41,,,0
2029,'1497071',1240,,1000,41,,,0
2029,'1497072',1540,,1001,41,,,0
2029,'1497073',940,,1002,41,,,0
2029,'1497074',2210,,1003,41,,,0
2029,'1497075',810,,1004,41,,,0
2029,'1497076',1610,,1005,41,,,0
2029,'1497077',1440,,1006,41,,,0
2029,'1497078',2308,,1007,41,,,0
2029,'1497079',1040,,1008,41,,,0
2029,'1497080',710,,1009,41,,,0
2029,'1497081',1310,,1010,41,,,0
2029,'1497082',1910,,1011,41,,,0
2029,'1497083',1640,,1012,41,,,0
2029,'1497084',1510,,1013,41,,,0
2029,'1497085',1340,,1014,41,,,0
2029,'1497086',740,,1015,41,,,0
2029,'1497087',1710,,1016,41,,,0
2029,'1497088',1010,,1017,41,,,0
2029,'1497089',840,,1018,41,,,0
2029,'1497090',2110,,1019,41,,,0
2029,'1497091',1140,,1020,41,,,0
2029,'1497092',1110,,1021,41,,,0
2029,'1497093',1740,,1022,41,,,0
2029,'1497094',1710,,1023,41,,,0
2029,'1497095',1110,,1024,41,,,0
2029,'1497096',2210,,1025,41,,,0
2029,'1497097',2308,,1026,41,,,0
2029,'1497098',1010,,1027,41,,,0
2029,'1497099',2010,,1028,41,,,0
2029,'1497100',910,,1029,41,,,0
2029,'1497101',1510,,1030,41,,,0
2029,'1497102',2110,,1031,41,,,0
2029,'1497103',1810,,1032,41,,,0
2029,'1497104',1210,,1033,41,,,0
2029,'1497105',1410,,1034,41,,,0
2029,'1497106',810,,1035,41,,,0
2029,'1497107',1310,,1036,41,,,0
2029,'1497108',1910,,1037,41,,,0
2029,'1497109',1610,,1038,41,,,0
2029,'1497110',710,,1039,41,,,0
2029,'1497111',1710,,1040,41,,,0
2029,'1497112',1110,,1041,41,,,0
2029,'1497113',2210,,1042,41,,,0
2029,'1497114',2308,,1043,41,,,0
2029,'1497115',1010,,1044,41,,,0
2029,'1497116',2010,,1045,41,,,0
2029,'1497117',910,,1046,41,,,0
2029,'1497118',1510,,1047,41,,,0
2029,'1497119',2110,,1048,41,,,0
2029,'1497120',1810,,1049,41,,,0
2029,'1497121',1210,,1050,41,,,0
2029,'1497122',1410,,1051,41,,,0
2029,'1497123',810,,1052,41,,,0
2029,'1497124',1310,,1053,41,,,0
2029,'1497125',1910,,1054,41,,,0
2029,'1497126',1610,,1055,41,,,0
