3019,'1488507',848,,436,47,0,5,0
3019,'1488508',1048,,437,47,0,5,0
3019,'1488511',2118,,438,47,0,5,0
3019,'1488515',2218,,439,47,0,5,0
3019,'1488516',1118,,440,47,0,5,0
3019,'1488519',1648,,441,47,0,5,0
3019,'1488521',2314,,442,47,0,5,0
3019,'1488522',1448,,443,47,0,5,0
3019,'1488523',1918,,444,47,0,5,0
3019,'1488525',1218,,445,47,0,5,0
3019,'1488526',748,,446,47,0,5,0
3019,'1488529',2018,,447,47,0,5,0
3019,'1488531',718,,448,47,0,5,0
3019,'1488533',1748,,449,47,0,5,0
3019,'1488535',1318,,450,47,0,5,0
3019,'1488537',1818,,451,47,0,5,0
3019,'1488538',1018,,452,47,0,5,0
3019,'1488539',1248,,453,47,0,5,0
3019,'1488540',1348,,454,47,0,5,0
3019,'1488542',818,,455,47,0,5,0
3019,'1488546',948,,456,47,0,5,0
3019,'1488547',1618,,457,47,0,5,0
3019,'1488548',1418,,458,47,0,5,0
3019,'1488550',1718,,459,47,0,5,0
3019,'1488551',1148,,460,47,0,5,0
3019,'1488552',1518,,461,47,0,5,0
3019,'1488556',1548,,463,47,0,5,0
3019,'1488560',918,,464,47,0,5,0
3019,'1488565',618,,465,14,0,5,0
3019,'1496990',1718,,648,45,0,5,0
3019,'1496992',2218,,650,45,0,5,0
3019,'1496997',1918,,655,45,0,5,0
3019,'1496998',1418,,656,45,0,5,0
3019,'1497000',2018,,658,45,0,5,0
3019,'1497002',2315,,660,45,0,5,0
3019,'1497006',1818,,664,45,0,5,0
3019,'1497007',718,,665,45,0,5,0
3019,'1497008',918,,666,45,0,5,0
3019,'1497012',1018,,670,45,0,5,0
3019,'1497013',1318,,671,45,0,5,0
3019,'1497014',1618,,672,45,0,5,0
3019,'1497016',1118,,674,45,0,5,0
3019,'1497017',1518,,675,45,0,5,0
3019,'1497018',2118,,676,45,0,5,0
3019,'1497019',818,,677,45,0,5,0
3019,'1497021',1218,,679,45,0,5,0
