3019,'1488507',824,,436,17,0,5,0
3019,'1488508',1024,,437,17,0,5,0
3019,'1488511',2054,,438,17,0,5,0
3019,'1488515',2154,,439,17,0,5,0
3019,'1488516',1054,,440,17,0,5,0
3019,'1488519',1624,,441,17,0,5,0
3019,'1488521',2254,,442,17,0,5,0
3019,'1488522',1424,,443,17,0,5,0
3019,'1488523',1854,,444,17,0,5,0
3019,'1488525',1154,,445,17,0,5,0
3019,'1488526',724,,446,17,0,5,0
3019,'1488529',1954,,447,17,0,5,0
3019,'1488531',654,,448,17,0,5,0
3019,'1488533',1724,,449,17,0,5,0
3019,'1488535',1254,,450,17,0,5,0
3019,'1488537',1754,,451,17,0,5,0
3019,'1488538',954,,452,17,0,5,0
3019,'1488539',1224,,453,17,0,5,0
3019,'1488540',1324,,454,17,0,5,0
3019,'1488542',754,,455,17,0,5,0
3019,'1488546',924,,456,17,0,5,0
3019,'1488547',1554,,457,17,0,5,0
3019,'1488548',1354,,458,17,0,5,0
3019,'1488550',1654,,459,17,0,5,0
3019,'1488551',1124,,460,17,0,5,0
3019,'1488552',1454,,461,17,0,5,0
3019,'1488556',1524,,463,17,0,5,0
3019,'1488560',854,,464,17,0,5,0
3019,'1496990',1654,,648,16,0,5,0
3019,'1496992',2154,,650,16,0,5,0
3019,'1496997',1854,,655,16,0,5,0
3019,'1496998',1354,,656,16,0,5,0
3019,'1497000',1954,,658,16,0,5,0
3019,'1497002',2254,,660,16,0,5,0
3019,'1497006',1754,,664,16,0,5,0
3019,'1497007',654,,665,16,0,5,0
3019,'1497008',854,,666,16,0,5,0
3019,'1497012',954,,670,16,0,5,0
3019,'1497013',1254,,671,16,0,5,0
3019,'1497014',1554,,672,16,0,5,0
3019,'1497016',1054,,674,16,0,5,0
3019,'1497017',1454,,675,16,0,5,0
3019,'1497018',2054,,676,16,0,5,0
3019,'1497019',754,,677,16,0,5,0
3019,'1497021',1154,,679,16,0,5,0
