2019,'1492023',2234,,191,27,,,0
2019,'1492024',1219,,192,27,,,0
2019,'1492025',1349,,193,27,,,0
2019,'1492027',2134,,194,27,,,0
2019,'1492028',1834,,195,27,,,0
2019,'1492032',1319,,196,27,,,0
2019,'1492034',1449,,197,27,,,0
2019,'1492036',949,,198,27,,,0
2019,'1492037',1519,,199,27,,,0
2019,'1492038',919,,200,27,,,0
2019,'1492040',1119,,201,27,,,0
2019,'1492042',849,,202,27,,,0
2019,'1492043',819,,203,27,,,0
2019,'1492045',1019,,204,27,,,0
2019,'1492048',1549,,205,27,,,0
2019,'1492053',2034,,206,27,,,0
2019,'1492055',719,,207,27,,,0
2019,'1492057',1719,,208,27,,,0
2019,'1492058',2332,,209,27,,,0
2019,'1492062',1419,,210,27,,,0
2019,'1492064',1049,,211,27,,,0
2019,'1492066',1149,,212,27,,,0
2019,'1492067',1619,,213,27,,,0
2019,'1492068',1749,,214,27,,,0
2019,'1492069',1649,,215,27,,,0
2019,'1492074',749,,216,27,,,0
2019,'1492075',1249,,217,27,,,0
2019,'1492077',649,,218,27,,,0
2019,'1492079',549,,220,5,,,0
2019,'1492080',1934,,221,27,,,0
2019,'1496953',1734,,611,27,,,0
2019,'1496954',2134,,612,27,,,0
2019,'1496955',1334,,613,27,,,0
2019,'1496957',1134,,614,27,,,0
2019,'1496958',1434,,615,27,,,0
2019,'1496961',2034,,616,27,,,0
2019,'1496962',734,,617,27,,,0
2019,'1496968',1234,,618,27,,,0
2019,'1496970',2234,,619,27,,,0
2019,'1496973',1534,,620,27,,,0
2019,'1496974',1834,,621,27,,,0
2019,'1496975',1034,,622,27,,,0
2019,'1496979',934,,623,27,,,0
2019,'1496981',834,,624,27,,,0
2019,'1496983',1634,,625,27,,,0
2019,'1496984',1934,,626,27,,,0
2019,'1496986',634,,627,27,,,0
2019,'1496988',2332,,629,27,,,0
