2029,'1491728',1651,,247,11,,,0
2029,'1491731',1051,,248,11,,,0
2029,'1491732',2151,,249,11,,,0
2029,'1491735',2250,,250,11,,,0
2029,'1491736',951,,251,11,,,0
2029,'1491737',1951,,252,11,,,0
2029,'1491738',851,,253,11,,,0
2029,'1491739',1451,,254,11,,,0
2029,'1491741',2051,,255,11,,,0
2029,'1491742',1751,,256,11,,,0
2029,'1491743',1151,,257,11,,,0
2029,'1491747',1351,,258,11,,,0
2029,'1491748',751,,259,11,,,0
2029,'1491749',1251,,260,11,,,0
2029,'1491751',1851,,261,11,,,0
2029,'1491753',1551,,262,11,,,0
2029,'1491829',1651,,263,11,,,0
2029,'1491832',1051,,264,11,,,0
2029,'1491833',2151,,265,11,,,0
2029,'1491836',2250,,266,11,,,0
2029,'1491837',951,,267,11,,,0
2029,'1491838',1951,,268,11,,,0
2029,'1491839',851,,269,11,,,0
2029,'1491840',1451,,270,11,,,0
2029,'1491842',2051,,271,11,,,0
2029,'1491844',1751,,272,11,,,0
2029,'1491845',1151,,273,11,,,0
2029,'1491849',1351,,274,11,,,0
2029,'1491850',751,,275,11,,,0
2029,'1491851',1251,,276,11,,,0
2029,'1491853',1851,,277,11,,,0
2029,'1491855',1551,,278,11,,,0
2029,'1491858',651,,279,11,,,0
2029,'1492022',1951,,280,11,,,0
2029,'1492026',851,,281,11,,,0
2029,'1492029',1351,,282,11,,,0
2029,'1492030',1151,,283,11,,,0
2029,'1492031',1751,,284,11,,,0
2029,'1492033',1221,,285,11,,,0
2029,'1492035',1521,,286,11,,,0
2029,'1492039',921,,287,11,,,0
2029,'1492041',2151,,288,11,,,0
2029,'1492044',751,,289,11,,,0
2029,'1492046',1551,,290,11,,,0
2029,'1492047',1421,,291,11,,,0
2029,'1492049',2250,,292,11,,,0
2029,'1492050',1021,,293,11,,,0
2029,'1492051',651,,294,11,,,0
2029,'1492052',1251,,295,11,,,0
2029,'1492054',1851,,296,11,,,0
2029,'1492056',1621,,297,11,,,0
2029,'1492059',1451,,298,11,,,0
2029,'1492060',1321,,299,11,,,0
2029,'1492061',721,,300,11,,,0
2029,'1492063',1651,,301,11,,,0
2029,'1492065',951,,302,11,,,0
2029,'1492070',821,,303,11,,,0
2029,'1492071',2051,,304,11,,,0
2029,'1492072',1121,,305,11,,,0
2029,'1492073',1051,,306,11,,,0
2029,'1492076',1721,,307,11,,,0
2029,'1492084',851,,309,11,,,0
2029,'1492085',1351,,310,11,,,0
2029,'1492086',1151,,311,11,,,0
2029,'1492088',1221,,312,11,,,0
2029,'1492090',1521,,313,11,,,0
2029,'1492094',921,,314,11,,,0
2029,'1492098',751,,315,11,,,0
2029,'1492100',1551,,316,11,,,0
2029,'1492101',1421,,317,11,,,0
2029,'1492103',1021,,318,11,,,0
2029,'1492104',651,,319,11,,,0
2029,'1492105',1251,,320,11,,,0
2029,'1492107',1621,,321,11,,,0
2029,'1492109',1451,,322,11,,,0
2029,'1492110',1321,,323,11,,,0
2029,'1492111',721,,324,11,,,0
2029,'1492113',1651,,325,11,,,0
2029,'1492115',951,,326,11,,,0
2029,'1492120',821,,327,11,,,0
2029,'1492121',1121,,328,11,,,0
2029,'1492122',1051,,329,11,,,0
2029,'1492125',1721,,330,11,,,0
