1029,'1491948',1421,,124,8,,,0
1029,'1491949',1521,,125,8,,,0
1029,'1491951',1621,,126,8,,,0
1029,'1491953',721,,127,8,,,0
1029,'1491954',2051,,128,8,,,0
1029,'1491958',1021,,129,8,,,0
1029,'1491963',1951,,130,8,,,0
1029,'1491964',851,,131,8,,,0
1029,'1491965',1651,,132,8,,,0
1029,'1491966',1551,,133,8,,,0
1029,'1491970',1751,,134,8,,,0
1029,'1491971',1151,,135,8,,,0
1029,'1491972',1221,,136,8,,,0
1029,'1491973',1351,,137,8,,,0
1029,'1491974',951,,138,8,,,0
1029,'1491976',651,,139,8,,,0
1029,'1491978',1821,,140,8,,,0
1029,'1491979',1721,,141,8,,,0
1029,'1491983',1321,,142,8,,,0
1029,'1491986',921,,143,8,,,0
1029,'1491987',2151,,144,8,,,0
1029,'1491989',1121,,145,8,,,0
1029,'1491991',2251,,146,8,,,0
1029,'1491993',821,,147,8,,,0
1029,'1491996',751,,148,8,,,0
1029,'1492000',1451,,149,8,,,0
1029,'1492001',1251,,150,8,,,0
1029,'1492003',1051,,151,8,,,0
1029,'1492008',1851,,153,8,,,0
1029,'1496919',1851,,594,8,,,0
1029,'1496920',2051,,595,8,,,0
1029,'1496925',1751,,596,8,,,0
1029,'1496926',2151,,597,8,,,0
1029,'1496927',1251,,598,8,,,0
1029,'1496929',1051,,599,8,,,0
1029,'1496931',951,,600,8,,,0
1029,'1496932',1951,,601,8,,,0
1029,'1496934',651,,602,8,,,0
1029,'1496936',2251,,603,8,,,0
1029,'1496937',1451,,604,8,,,0
1029,'1496939',1551,,605,8,,,0
1029,'1496942',751,,606,8,,,0
1029,'1496943',1151,,607,8,,,0
1029,'1496944',851,,608,8,,,0
1029,'1496947',1651,,609,8,,,0
1029,'1496948',1351,,610,8,,,0
