8019,'1488718',1807,,544,16,,,0
8019,'1488719',1107,,545,16,,,0
8019,'1488720',1407,,546,16,,,0
8019,'1488721',1007,,547,16,,,0
8019,'1488722',1507,,548,16,,,0
8019,'1488723',807,,549,16,,,0
8019,'1488724',1707,,550,16,,,0
8019,'1488725',907,,551,16,,,0
8019,'1488726',707,,552,16,,,0
8019,'1488727',1607,,553,16,,,0
8019,'1488728',1307,,554,16,,,0
8019,'1488729',1207,,555,16,,,0
8019,'1492009',1807,,556,16,,,0
8019,'1492010',1107,,557,16,,,0
8019,'1492011',1407,,558,16,,,0
8019,'1492012',1007,,559,16,,,0
8019,'1492013',1507,,560,16,,,0
8019,'1492014',807,,561,16,,,0
8019,'1492015',1707,,562,16,,,0
8019,'1492016',907,,563,16,,,0
8019,'1492017',707,,564,16,,,0
8019,'1492018',1607,,565,16,,,0
8019,'1492019',1307,,566,16,,,0
8019,'1492020',1207,,567,16,,,0
