1029,'1496065',1445,,792,46,,,0
1029,'1496066',1545,,793,46,,,0
1029,'1496068',1645,,794,46,,,0
1029,'1496070',745,,795,46,,,0
1029,'1496073',1045,,796,46,,,0
1029,'1496077',915,,797,46,,,0
1029,'1496078',1715,,798,46,,,0
1029,'1496079',1615,,799,46,,,0
1029,'1496081',1215,,800,46,,,0
1029,'1496082',1245,,801,46,,,0
1029,'1496083',1415,,802,46,,,0
1029,'1496084',1015,,803,46,,,0
1029,'1496086',715,,804,46,,,0
1029,'1496088',1745,,805,46,,,0
1029,'1496092',1345,,806,46,,,0
1029,'1496094',945,,807,46,,,0
1029,'1496096',1145,,808,46,,,0
1029,'1496098',845,,809,46,,,0
1029,'1496101',815,,810,46,,,0
1029,'1496105',1515,,811,46,,,0
1029,'1496106',1315,,812,46,,,0
1029,'1496108',1115,,813,46,,,0
1029,'1496111',617,,814,1,,,0
1029,'1496294',1445,,815,46,,,0
1029,'1496295',1545,,816,46,,,0
1029,'1496297',1645,,817,46,,,0
1029,'1496299',745,,818,46,,,0
1029,'1496300',2115,,819,46,,,0
1029,'1496304',1045,,820,46,,,0
1029,'1496309',2015,,821,46,,,0
1029,'1496310',915,,822,46,,,0
1029,'1496311',1715,,823,46,,,0
1029,'1496312',1615,,824,46,,,0
1029,'1496316',1815,,825,46,,,0
1029,'1496317',1215,,826,46,,,0
1029,'1496318',1245,,827,46,,,0
1029,'1496319',1415,,828,46,,,0
1029,'1496320',1015,,829,46,,,0
1029,'1496322',715,,830,46,,,0
1029,'1496324',1845,,831,46,,,0
1029,'1496325',1745,,832,46,,,0
1029,'1496329',1345,,833,46,,,0
1029,'1496332',945,,834,46,,,0
1029,'1496333',2215,,835,46,,,0
1029,'1496335',1145,,836,46,,,0
1029,'1496337',2315,,837,46,,,0
1029,'1496339',845,,838,46,,,0
1029,'1496342',815,,839,46,,,0
1029,'1496346',1515,,840,46,,,0
1029,'1496347',1315,,841,46,,,0
1029,'1496349',1115,,842,46,,,0
1029,'1496352',617,,843,1,,,0
1029,'1496354',1915,,844,46,,,0
1029,'1496527',1915,,845,46,,,0
1029,'1496528',2115,,846,46,,,0
1029,'1496533',1815,,847,46,,,0
1029,'1496534',2215,,848,46,,,0
1029,'1496535',1315,,849,46,,,0
1029,'1496537',1115,,850,46,,,0
1029,'1496539',1015,,851,46,,,0
1029,'1496540',2015,,852,46,,,0
1029,'1496542',715,,853,46,,,0
1029,'1496544',2315,,854,46,,,0
1029,'1496545',1515,,855,46,,,0
1029,'1496547',1615,,856,46,,,0
1029,'1496550',815,,857,46,,,0
1029,'1496551',1215,,858,46,,,0
1029,'1496552',915,,859,46,,,0
1029,'1496555',1715,,860,46,,,0
1029,'1496556',1415,,861,46,,,0
1029,'1496562',1915,,862,46,,,0
1029,'1496563',2115,,863,46,,,0
1029,'1496567',1815,,864,46,,,0
1029,'1496568',2215,,865,46,,,0
1029,'1496569',1315,,866,46,,,0
1029,'1496571',1115,,867,46,,,0
1029,'1496573',1015,,868,46,,,0
1029,'1496574',2015,,869,46,,,0
1029,'1496577',2315,,870,46,,,0
1029,'1496578',1515,,871,46,,,0
1029,'1496580',1615,,872,46,,,0
1029,'1496583',815,,873,46,,,0
1029,'1496584',1215,,874,46,,,0
1029,'1496585',915,,875,46,,,0
1029,'1496588',1715,,876,46,,,0
1029,'1496589',1415,,877,46,,,0
3019,'1496126',826,,1057,19,0,5,0
3019,'1496127',1026,,1058,19,0,5,0
3019,'1496132',1056,,1063,19,0,5,0
3019,'1496135',1626,,1066,19,0,5,0
3019,'1496137',1426,,1068,19,0,5,0
3019,'1496139',1156,,1070,19,0,5,0
3019,'1496140',726,,1071,19,0,5,0
3019,'1496143',656,,1074,19,0,5,0
3019,'1496145',1726,,1076,19,0,5,0
3019,'1496147',1256,,1078,19,0,5,0
3019,'1496148',956,,1079,19,0,5,0
3019,'1496149',1226,,1080,19,0,5,0
3019,'1496150',1326,,1081,19,0,5,0
3019,'1496152',756,,1083,19,0,5,0
3019,'1496156',926,,1087,19,0,5,0
3019,'1496157',1556,,1088,19,0,5,0
3019,'1496158',1356,,1089,19,0,5,0
3019,'1496160',1656,,1091,19,0,5,0
3019,'1496161',1126,,1092,19,0,5,0
3019,'1496162',1456,,1093,19,0,5,0
3019,'1496166',1526,,1097,19,0,5,0
3019,'1496169',856,,1100,19,0,5,0
3019,'1496375',826,,1106,19,0,5,0
3019,'1496376',1026,,1107,19,0,5,0
3019,'1496379',2056,,1110,19,0,5,0
3019,'1496383',2156,,1114,19,0,5,0
3019,'1496384',1056,,1115,19,0,5,0
3019,'1496387',1626,,1118,19,0,5,0
3019,'1496389',2256,,1120,19,0,5,0
3019,'1496390',1426,,1121,19,0,5,0
3019,'1496391',1856,,1122,19,0,5,0
3019,'1496393',1156,,1124,19,0,5,0
3019,'1496394',726,,1125,19,0,5,0
3019,'1496397',1956,,1128,19,0,5,0
3019,'1496399',656,,1130,19,0,5,0
3019,'1496401',1726,,1132,19,0,5,0
3019,'1496403',1256,,1134,19,0,5,0
3019,'1496405',1756,,1136,19,0,5,0
3019,'1496406',956,,1137,19,0,5,0
3019,'1496407',1226,,1138,19,0,5,0
3019,'1496408',1326,,1139,19,0,5,0
3019,'1496410',756,,1141,19,0,5,0
3019,'1496414',926,,1145,19,0,5,0
3019,'1496415',1556,,1146,19,0,5,0
3019,'1496416',1356,,1147,19,0,5,0
3019,'1496418',1656,,1149,19,0,5,0
3019,'1496419',1126,,1150,19,0,5,0
3019,'1496420',1456,,1151,19,0,5,0
3019,'1496424',1526,,1155,19,0,5,0
3019,'1496428',856,,1159,19,0,5,0
3019,'1496454',1656,,1167,19,0,5,0
3019,'1496456',2156,,1169,19,0,5,0
3019,'1496461',1856,,1174,19,0,5,0
3019,'1496462',1356,,1175,19,0,5,0
3019,'1496464',1956,,1177,19,0,5,0
3019,'1496466',2256,,1179,19,0,5,0
3019,'1496470',1756,,1183,19,0,5,0
3019,'1496471',656,,1184,19,0,5,0
3019,'1496472',856,,1185,19,0,5,0
3019,'1496476',956,,1189,19,0,5,0
3019,'1496477',1256,,1190,19,0,5,0
3019,'1496478',1556,,1191,19,0,5,0
3019,'1496480',1056,,1193,19,0,5,0
3019,'1496481',1456,,1194,19,0,5,0
3019,'1496482',2056,,1195,19,0,5,0
3019,'1496483',756,,1196,19,0,5,0
3019,'1496485',1156,,1198,19,0,5,0
3019,'1496628',1656,,1204,19,0,5,0
3019,'1496630',2156,,1206,19,0,5,0
3019,'1496634',1856,,1210,19,0,5,0
3019,'1496635',1356,,1211,19,0,5,0
3019,'1496637',1956,,1213,19,0,5,0
3019,'1496639',2256,,1215,19,0,5,0
3019,'1496643',1756,,1219,19,0,5,0
3019,'1496644',856,,1220,19,0,5,0
3019,'1496648',956,,1224,19,0,5,0
3019,'1496649',1256,,1225,19,0,5,0
3019,'1496650',1556,,1226,19,0,5,0
3019,'1496652',1056,,1228,19,0,5,0
3019,'1496653',1456,,1229,19,0,5,0
3019,'1496654',2056,,1230,19,0,5,0
3019,'1496655',756,,1231,19,0,5,0
3019,'1496657',1156,,1233,19,0,5,0
