3019,'1488507',921,,436,98,0,5,0
3019,'1488508',1121,,437,98,0,5,0
3019,'1488511',2151,,438,98,0,5,0
3019,'1488515',2251,,439,98,0,5,0
3019,'1488516',1151,,440,98,0,5,0
3019,'1488519',1721,,441,98,0,5,0
3019,'1488521',2342,,442,98,0,5,0
3019,'1488522',1521,,443,98,0,5,0
3019,'1488523',1951,,444,98,0,5,0
3019,'1488525',1251,,445,98,0,5,0
3019,'1488526',821,,446,98,0,5,0
3019,'1488529',2051,,447,98,0,5,0
3019,'1488531',751,,448,98,0,5,0
3019,'1488533',1821,,449,98,0,5,0
3019,'1488535',1351,,450,98,0,5,0
3019,'1488537',1851,,451,98,0,5,0
3019,'1488538',1051,,452,98,0,5,0
3019,'1488539',1321,,453,98,0,5,0
3019,'1488540',1421,,454,98,0,5,0
3019,'1488542',851,,455,98,0,5,0
3019,'1488546',1021,,456,98,0,5,0
3019,'1488547',1651,,457,98,0,5,0
3019,'1488548',1451,,458,98,0,5,0
3019,'1488550',1751,,459,98,0,5,0
3019,'1488551',1221,,460,98,0,5,0
3019,'1488552',1551,,461,98,0,5,0
3019,'1488553',621,,462,18,0,5,0
3019,'1488556',1621,,463,98,0,5,0
3019,'1488560',951,,464,98,0,5,0
3019,'1488565',651,,465,65,0,5,0
3019,'1496990',1751,,648,96,0,5,0
3019,'1496992',2251,,650,96,0,5,0
3019,'1496997',1951,,655,96,0,5,0
3019,'1496998',1451,,656,96,0,5,0
3019,'1497000',2051,,658,96,0,5,0
3019,'1497002',2342,,660,96,0,5,0
3019,'1497006',1851,,664,96,0,5,0
3019,'1497007',751,,665,96,0,5,0
3019,'1497008',951,,666,96,0,5,0
3019,'1497012',1051,,670,96,0,5,0
3019,'1497013',1351,,671,96,0,5,0
3019,'1497014',1651,,672,96,0,5,0
3019,'1497016',1151,,674,96,0,5,0
3019,'1497017',1551,,675,96,0,5,0
3019,'1497018',2151,,676,96,0,5,0
3019,'1497019',851,,677,96,0,5,0
3019,'1497021',1251,,679,96,0,5,0
3019,'1497025',623,,683,18,0,5,0
