1019,'1496067',754,,702,72,,,0
1019,'1496069',854,,703,72,,,0
1019,'1496071',1624,,704,72,,,0
1019,'1496072',1724,,705,72,,,0
1019,'1496074',824,,706,72,,,0
1019,'1496075',1524,,707,72,,,0
1019,'1496076',1324,,708,72,,,0
1019,'1496080',1424,,709,72,,,0
1019,'1496085',1124,,710,72,,,0
1019,'1496087',1354,,711,72,,,0
1019,'1496089',924,,712,72,,,0
1019,'1496090',1224,,713,72,,,0
1019,'1496091',1024,,714,72,,,0
1019,'1496093',1824,,715,72,,,0
1019,'1496095',1054,,716,72,,,0
1019,'1496097',954,,717,72,,,0
1019,'1496099',1454,,718,72,,,0
1019,'1496100',1554,,719,72,,,0
1019,'1496102',724,,720,72,,,0
1019,'1496103',1254,,721,72,,,0
1019,'1496104',1154,,722,72,,,0
1019,'1496107',1754,,723,72,,,0
1019,'1496109',1654,,724,72,,,0
1019,'1496110',624,,725,41,,,0
1019,'1496296',754,,726,72,,,0
1019,'1496298',854,,727,72,,,0
1019,'1496301',1624,,728,72,,,0
1019,'1496302',2209,,729,72,,,0
1019,'1496303',1724,,730,72,,,0
1019,'1496305',824,,731,72,,,0
1019,'1496306',1524,,732,72,,,0
1019,'1496307',1324,,733,72,,,0
1019,'1496308',1854,,734,72,,,0
1019,'1496313',1424,,735,72,,,0
1019,'1496314',2009,,736,72,,,0
1019,'1496315',2109,,737,72,,,0
1019,'1496321',1124,,738,72,,,0
1019,'1496323',1354,,739,72,,,0
1019,'1496326',924,,740,72,,,0
1019,'1496327',1224,,741,72,,,0
1019,'1496328',1024,,742,72,,,0
1019,'1496330',2359,,743,72,,,0
1019,'1496331',1824,,744,72,,,0
1019,'1496334',1054,,745,72,,,0
1019,'1496336',954,,746,72,,,0
1019,'1496338',2309,,747,72,,,0
1019,'1496340',1454,,748,72,,,0
1019,'1496341',1554,,749,72,,,0
1019,'1496343',724,,750,72,,,0
1019,'1496344',1254,,751,72,,,0
1019,'1496345',1154,,752,72,,,0
1019,'1496348',1754,,753,72,,,0
1019,'1496350',1654,,754,72,,,0
1019,'1496351',624,,755,41,,,0
1019,'1496353',1924,,756,72,,,0
1019,'1496526',1409,,757,72,,,0
1019,'1496529',2009,,758,72,,,0
1019,'1496530',809,,759,72,,,0
1019,'1496531',709,,760,72,,,0
1019,'1496532',2109,,761,72,,,0
1019,'1496536',1109,,762,72,,,0
1019,'1496538',1509,,763,72,,,0
1019,'1496541',1709,,764,72,,,0
1019,'1496543',1209,,765,72,,,0
1019,'1496546',2209,,766,72,,,0
1019,'1496548',1609,,767,72,,,0
1019,'1496549',1809,,768,72,,,0
1019,'1496553',1009,,769,72,,,0
1019,'1496554',909,,770,72,,,0
1019,'1496557',1309,,771,72,,,0
1019,'1496558',1909,,772,72,,,0
1019,'1496559',2358,,773,72,,,0
1019,'1496560',2309,,774,72,,,0
1019,'1496561',1409,,775,72,,,0
1019,'1496564',2009,,776,72,,,0
1019,'1496565',809,,777,72,,,0
1019,'1496566',2109,,778,72,,,0
1019,'1496570',1109,,779,72,,,0
1019,'1496572',1509,,780,72,,,0
1019,'1496575',1709,,781,72,,,0
1019,'1496576',1209,,782,72,,,0
1019,'1496579',2209,,783,72,,,0
1019,'1496581',1609,,784,72,,,0
1019,'1496582',1809,,785,72,,,0
1019,'1496586',1009,,786,72,,,0
1019,'1496587',909,,787,72,,,0
1019,'1496590',1309,,788,72,,,0
1019,'1496591',1909,,789,72,,,0
1019,'1496592',2358,,790,72,,,0
1019,'1496593',2309,,791,72,,,0
