2019,'1492023',2228,,191,19,,,0
2019,'1492024',1213,,192,19,,,0
2019,'1492025',1343,,193,19,,,0
2019,'1492027',2128,,194,19,,,0
2019,'1492028',1828,,195,19,,,0
2019,'1492032',1313,,196,19,,,0
2019,'1492034',1443,,197,19,,,0
2019,'1492036',943,,198,19,,,0
2019,'1492037',1513,,199,19,,,0
2019,'1492038',913,,200,19,,,0
2019,'1492040',1113,,201,19,,,0
2019,'1492042',843,,202,19,,,0
2019,'1492043',813,,203,19,,,0
2019,'1492045',1013,,204,19,,,0
2019,'1492048',1543,,205,19,,,0
2019,'1492053',2028,,206,19,,,0
2019,'1492055',713,,207,19,,,0
2019,'1492057',1713,,208,19,,,0
2019,'1492058',2326,,209,19,,,0
2019,'1492062',1413,,210,19,,,0
2019,'1492064',1043,,211,19,,,0
2019,'1492066',1143,,212,19,,,0
2019,'1492067',1613,,213,19,,,0
2019,'1492068',1743,,214,19,,,0
2019,'1492069',1643,,215,19,,,0
2019,'1492074',743,,216,19,,,0
2019,'1492075',1243,,217,19,,,0
2019,'1492077',643,,218,19,,,0
2019,'1492080',1928,,221,19,,,0
2019,'1496953',1728,,611,19,,,0
2019,'1496954',2128,,612,19,,,0
2019,'1496955',1328,,613,19,,,0
2019,'1496957',1128,,614,19,,,0
2019,'1496958',1428,,615,19,,,0
2019,'1496961',2028,,616,19,,,0
2019,'1496962',728,,617,19,,,0
2019,'1496968',1228,,618,19,,,0
2019,'1496970',2228,,619,19,,,0
2019,'1496973',1528,,620,19,,,0
2019,'1496974',1828,,621,19,,,0
2019,'1496975',1028,,622,19,,,0
2019,'1496979',928,,623,19,,,0
2019,'1496981',828,,624,19,,,0
2019,'1496983',1628,,625,19,,,0
2019,'1496984',1928,,626,19,,,0
2019,'1496986',628,,627,19,,,0
2019,'1496988',2326,,629,19,,,0
