1019,'1491950',700,,37,1,,,0,55,,37,71,4,,0
1019,'1491952',800,,38,1,,,0,55,,38,71,4,,0
1019,'1491955',1530,,39,1,,,0,95,,39,71,4,,0
1019,'1491956',2115,,40,1,,,0,95,,40,71,4,,0
1019,'1491957',1630,,41,1,,,0,95,,41,71,4,,0
1019,'1491959',730,,42,1,,,0,95,,42,71,4,,0
1019,'1491960',1430,,43,1,,,0,95,,43,71,4,,0
1019,'1491961',1230,,44,1,,,0,95,,44,71,4,,0
1019,'1491962',1800,,45,1,,,0,55,,45,71,4,,0
1019,'1491967',1330,,46,1,,,0,95,,46,71,4,,0
1019,'1491968',1915,,47,1,,,0,95,,47,71,4,,0
1019,'1491969',2015,,48,1,,,0,95,,48,71,4,,0
1019,'1491975',1030,,49,1,,,0,95,,49,71,4,,0
1019,'1491977',1300,,50,1,,,0,55,,50,71,4,,0
1019,'1491980',830,,51,1,,,0,95,,51,71,4,,0
1019,'1491981',1130,,52,1,,,0,95,,52,71,4,,0
1019,'1491982',930,,53,1,,,0,95,,53,71,4,,0
1019,'1491984',2315,,54,1,,,0,85,,54,71,4,,0
1019,'1491985',1730,,55,1,,,0,95,,55,71,4,,0
1019,'1491988',1000,,56,1,,,0,55,,56,71,4,,0
1019,'1491990',900,,57,1,,,0,55,,57,71,4,,0
1019,'1491992',2215,,58,1,,,0,95,,58,71,4,,0
1019,'1491994',1400,,59,1,,,0,55,,59,71,4,,0
1019,'1491995',1500,,60,1,,,0,55,,60,71,4,,0
1019,'1491997',630,,61,1,,,0,95,,61,71,4,,0
1019,'1491998',1200,,62,1,,,0,55,,62,71,4,,0
1019,'1491999',1100,,63,1,,,0,55,,63,71,4,,0
1019,'1492002',1700,,64,1,,,0,55,,64,71,4,,0
1019,'1492004',1600,,65,1,,,0,55,,65,71,4,,0
1019,'1492005',625,,66,41,4,,0
1019,'1492007',1830,,67,1,,,0,95,,67,71,4,,0
1019,'1496918',1315,,576,1,,,0,95,,576,77,4,,0
1019,'1496921',1915,,577,1,,,0,95,,577,77,4,,0
1019,'1496922',715,,578,1,,,0,95,,578,77,4,,0
1019,'1496923',615,,579,1,,,0,95,,579,77,4,,0
1019,'1496924',2015,,580,1,,,0,95,,580,77,4,,0
1019,'1496928',1015,,581,1,,,0,95,,581,77,4,,0
1019,'1496930',1415,,582,1,,,0,95,,582,77,4,,0
1019,'1496933',1615,,583,1,,,0,95,,583,77,4,,0
1019,'1496935',1115,,584,1,,,0,95,,584,77,4,,0
1019,'1496938',2115,,585,1,,,0,95,,585,77,4,,0
1019,'1496940',1515,,586,1,,,0,95,,586,77,4,,0
1019,'1496941',1715,,587,1,,,0,95,,587,77,4,,0
1019,'1496945',915,,588,1,,,0,95,,588,77,4,,0
1019,'1496946',815,,589,1,,,0,95,,589,77,4,,0
1019,'1496949',1215,,590,1,,,0,95,,590,77,4,,0
1019,'1496950',1815,,591,1,,,0,95,,591,77,4,,0
1019,'1496951',2315,,592,1,,,0,85,,592,77,4,,0
1019,'1496952',2215,,593,1,,,0,95,,593,77,4,,0
1029,'1491948',1415,,124,1,,,0,95,,124,73,4,,0
1029,'1491949',1515,,125,1,,,0,95,,125,73,4,,0
1029,'1491951',1615,,126,1,,,0,95,,126,73,4,,0
1029,'1491953',715,,127,1,,,0,95,,127,73,4,,0
1029,'1491954',2045,,128,1,,,0,95,,128,73,4,,0
1029,'1491958',1015,,129,1,,,0,95,,129,73,4,,0
1029,'1491963',1945,,130,1,,,0,95,,130,73,4,,0
1029,'1491964',845,,131,1,,,0,95,,131,73,4,,0
1029,'1491965',1645,,132,1,,,0,95,,132,73,4,,0
1029,'1491966',1545,,133,1,,,0,95,,133,73,4,,0
1029,'1491970',1745,,134,1,,,0,95,,134,73,4,,0
1029,'1491971',1145,,135,1,,,0,95,,135,73,4,,0
1029,'1491972',1215,,136,1,,,0,95,,136,73,4,,0
1029,'1491973',1345,,137,1,,,0,95,,137,73,4,,0
1029,'1491974',945,,138,1,,,0,95,,138,73,4,,0
1029,'1491976',645,,139,1,,,0,95,,139,73,4,,0
1029,'1491978',1815,,140,1,,,0,95,,140,73,4,,0
1029,'1491979',1715,,141,1,,,0,95,,141,73,4,,0
1029,'1491983',1315,,142,1,,,0,95,,142,73,4,,0
1029,'1491986',915,,143,1,,,0,95,,143,73,4,,0
1029,'1491987',2145,,144,1,,,0,95,,144,73,4,,0
1029,'1491989',1115,,145,1,,,0,95,,145,73,4,,0
1029,'1491991',2245,,146,1,,,0,95,,146,73,4,,0
1029,'1491993',815,,147,1,,,0,95,,147,73,4,,0
1029,'1491996',745,,148,1,,,0,95,,148,73,4,,0
1029,'1492000',1445,,149,1,,,0,95,,149,73,4,,0
1029,'1492001',1245,,150,1,,,0,95,,150,73,4,,0
1029,'1492003',1045,,151,1,,,0,95,,151,73,4,,0
1029,'1492006',640,,152,28,4,,0
1029,'1492008',1845,,153,1,,,0,95,,153,73,4,,0
1029,'1496919',1845,,594,1,,,0,95,,594,73,4,,0
1029,'1496920',2045,,595,1,,,0,95,,595,73,4,,0
1029,'1496925',1745,,596,1,,,0,95,,596,73,4,,0
1029,'1496926',2145,,597,1,,,0,95,,597,73,4,,0
1029,'1496927',1245,,598,1,,,0,95,,598,73,4,,0
1029,'1496929',1045,,599,1,,,0,95,,599,73,4,,0
1029,'1496931',945,,600,1,,,0,95,,600,73,4,,0
1029,'1496932',1945,,601,1,,,0,95,,601,73,4,,0
1029,'1496934',645,,602,1,,,0,95,,602,73,4,,0
1029,'1496936',2245,,603,1,,,0,95,,603,73,4,,0
1029,'1496937',1445,,604,1,,,0,95,,604,73,4,,0
1029,'1496939',1545,,605,1,,,0,95,,605,73,4,,0
1029,'1496942',745,,606,1,,,0,95,,606,73,4,,0
1029,'1496943',1145,,607,1,,,0,95,,607,73,4,,0
1029,'1496944',845,,608,1,,,0,95,,608,73,4,,0
1029,'1496947',1645,,609,1,,,0,95,,609,73,4,,0
1029,'1496948',1345,,610,1,,,0,95,,610,73,4,,0
2019,'1492023',2215,,191,1,,,0,125,,191,127,4,,0
2019,'1492024',1200,,192,1,,,0,125,,192,127,4,,0
2019,'1492025',1330,,193,1,,,0,125,,193,127,4,,0
2019,'1492027',2115,,194,1,,,0,125,,194,127,4,,0
2019,'1492028',1815,,195,1,,,0,125,,195,127,4,,0
2019,'1492032',1300,,196,1,,,0,125,,196,127,4,,0
2019,'1492034',1430,,197,1,,,0,125,,197,127,4,,0
2019,'1492036',930,,198,1,,,0,125,,198,127,4,,0
2019,'1492037',1500,,199,1,,,0,125,,199,127,4,,0
2019,'1492038',900,,200,1,,,0,125,,200,127,4,,0
2019,'1492040',1100,,201,1,,,0,125,,201,127,4,,0
2019,'1492042',830,,202,1,,,0,125,,202,127,4,,0
2019,'1492043',800,,203,1,,,0,125,,203,127,4,,0
2019,'1492045',1000,,204,1,,,0,125,,204,127,4,,0
2019,'1492048',1530,,205,1,,,0,125,,205,127,4,,0
2019,'1492053',2015,,206,1,,,0,125,,206,127,4,,0
2019,'1492055',700,,207,1,,,0,125,,207,127,4,,0
2019,'1492057',1700,,208,1,,,0,125,,208,127,4,,0
2019,'1492058',2315,,209,1,,,0,85,,209,59,4,,0
2019,'1492062',1400,,210,1,,,0,125,,210,127,4,,0
2019,'1492064',1030,,211,1,,,0,125,,211,127,4,,0
2019,'1492066',1130,,212,1,,,0,125,,212,127,4,,0
2019,'1492067',1600,,213,1,,,0,125,,213,127,4,,0
2019,'1492068',1730,,214,1,,,0,125,,214,127,4,,0
2019,'1492069',1630,,215,1,,,0,125,,215,127,4,,0
2019,'1492074',730,,216,1,,,0,125,,216,127,4,,0
2019,'1492075',1230,,217,1,,,0,125,,217,127,4,,0
2019,'1492077',630,,218,1,,,0,125,,218,127,4,,0
2019,'1492078',625,,219,42,4,,0
2019,'1492079',655,,220,105,4,,0
2019,'1492080',1915,,221,1,,,0,125,,221,127,4,,0
2019,'1496953',1715,,611,1,,,0,125,,611,128,4,,0
2019,'1496954',2115,,612,1,,,0,125,,612,128,4,,0
2019,'1496955',1315,,613,1,,,0,125,,613,128,4,,0
2019,'1496957',1115,,614,1,,,0,125,,614,128,4,,0
2019,'1496958',1415,,615,1,,,0,125,,615,128,4,,0
2019,'1496961',2015,,616,1,,,0,125,,616,128,4,,0
2019,'1496962',715,,617,1,,,0,125,,617,128,4,,0
2019,'1496968',1215,,618,1,,,0,125,,618,128,4,,0
2019,'1496970',2215,,619,1,,,0,125,,619,128,4,,0
2019,'1496973',1515,,620,1,,,0,125,,620,128,4,,0
2019,'1496974',1815,,621,1,,,0,125,,621,128,4,,0
2019,'1496975',1015,,622,1,,,0,125,,622,128,4,,0
2019,'1496979',915,,623,1,,,0,125,,623,128,4,,0
2019,'1496981',815,,624,1,,,0,125,,624,128,4,,0
2019,'1496983',1615,,625,1,,,0,125,,625,128,4,,0
2019,'1496984',1915,,626,1,,,0,125,,626,128,4,,0
2019,'1496986',615,,627,1,,,0,125,,627,128,4,,0
2019,'1496987',710,,628,96,4,,0
2019,'1496988',2315,,629,1,,,0,85,,629,60,4,,0
2029,'1492022',1945,,280,1,,,0,165,,280,130,4,,0
2029,'1492026',845,,281,1,,,0,165,,281,130,4,,0
2029,'1492029',1345,,282,1,,,0,165,,282,130,4,,0
2029,'1492030',1145,,283,1,,,0,165,,283,130,4,,0
2029,'1492031',1745,,284,1,,,0,165,,284,130,4,,0
2029,'1492033',1215,,285,1,,,0,125,,285,130,4,,0
2029,'1492035',1515,,286,1,,,0,125,,286,130,4,,0
2029,'1492039',915,,287,1,,,0,125,,287,130,4,,0
2029,'1492041',2145,,288,1,,,0,165,,288,130,4,,0
2029,'1492044',745,,289,1,,,0,165,,289,130,4,,0
2029,'1492046',1545,,290,1,,,0,165,,290,130,4,,0
2029,'1492047',1415,,291,1,,,0,125,,291,130,4,,0
2029,'1492049',2245,,292,1,,,0,155,,292,130,4,,0
2029,'1492050',1015,,293,1,,,0,125,,293,130,4,,0
2029,'1492051',645,,294,1,,,0,165,,294,130,4,,0
2029,'1492052',1245,,295,1,,,0,165,,295,130,4,,0
2029,'1492054',1845,,296,1,,,0,165,,296,130,4,,0
2029,'1492056',1615,,297,1,,,0,125,,297,130,4,,0
2029,'1492059',1445,,298,1,,,0,165,,298,130,4,,0
2029,'1492060',1315,,299,1,,,0,125,,299,130,4,,0
2029,'1492061',715,,300,1,,,0,125,,300,130,4,,0
2029,'1492063',1645,,301,1,,,0,165,,301,130,4,,0
2029,'1492065',945,,302,1,,,0,165,,302,130,4,,0
2029,'1492070',815,,303,1,,,0,125,,303,130,4,,0
2029,'1492071',2045,,304,1,,,0,165,,304,130,4,,0
2029,'1492072',1115,,305,1,,,0,125,,305,130,4,,0
2029,'1492073',1045,,306,1,,,0,165,,306,130,4,,0
2029,'1492076',1715,,307,1,,,0,125,,307,130,4,,0
2029,'1492081',710,,308,94,4,,0
2029,'1496956',1645,,630,1,,,0,165,,630,131,4,,0
2029,'1496959',1045,,631,1,,,0,165,,631,131,4,,0
2029,'1496960',2145,,632,1,,,0,165,,632,131,4,,0
2029,'1496963',2245,,633,1,,,0,155,,633,131,4,,0
2029,'1496964',945,,634,1,,,0,165,,634,131,4,,0
2029,'1496965',1945,,635,1,,,0,165,,635,131,4,,0
2029,'1496966',845,,636,1,,,0,165,,636,131,4,,0
2029,'1496967',1445,,637,1,,,0,165,,637,131,4,,0
2029,'1496969',2045,,638,1,,,0,165,,638,131,4,,0
2029,'1496971',1745,,639,1,,,0,165,,639,131,4,,0
2029,'1496972',1145,,640,1,,,0,165,,640,131,4,,0
2029,'1496976',1345,,641,1,,,0,165,,641,131,4,,0
2029,'1496977',745,,642,1,,,0,165,,642,131,4,,0
2029,'1496978',1245,,643,1,,,0,165,,643,131,4,,0
2029,'1496980',1845,,644,1,,,0,165,,644,131,4,,0
2029,'1496982',1545,,645,1,,,0,165,,645,131,4,,0
2029,'1496985',645,,646,1,,,0,165,,646,131,4,,0
3019,'1488507',815,,436,1,0,5,0,125,,436,139,4,,0
3019,'1488508',1015,,437,1,0,5,0,125,,437,139,4,,0
3019,'1488511',2045,,438,1,0,5,0,165,,438,139,4,,0
3019,'1488515',2145,,439,1,0,5,0,165,,439,139,4,,0
3019,'1488516',1045,,440,1,0,5,0,165,,440,139,4,,0
3019,'1488519',1615,,441,1,0,5,0,125,,441,139,4,,0
3019,'1488521',2245,,442,1,0,5,0,155,,442,139,4,,0
3019,'1488522',1415,,443,1,0,5,0,125,,443,139,4,,0
3019,'1488523',1845,,444,1,0,5,0,165,,444,139,4,,0
3019,'1488525',1145,,445,1,0,5,0,165,,445,139,4,,0
3019,'1488526',715,,446,1,0,5,0,125,,446,139,4,,0
3019,'1488529',1945,,447,1,0,5,0,165,,447,139,4,,0
3019,'1488531',645,,448,1,0,5,0,165,,448,139,4,,0
3019,'1488533',1715,,449,1,0,5,0,125,,449,139,4,,0
3019,'1488535',1245,,450,1,0,5,0,165,,450,139,4,,0
3019,'1488537',1745,,451,1,0,5,0,165,,451,139,4,,0
3019,'1488538',945,,452,1,0,5,0,165,,452,139,4,,0
3019,'1488539',1215,,453,1,0,5,0,125,,453,139,4,,0
3019,'1488540',1315,,454,1,0,5,0,125,,454,139,4,,0
3019,'1488542',745,,455,1,0,5,0,165,,455,139,4,,0
3019,'1488546',915,,456,1,0,5,0,125,,456,139,4,,0
3019,'1488547',1545,,457,1,0,5,0,165,,457,139,4,,0
3019,'1488548',1345,,458,1,0,5,0,165,,458,139,4,,0
3019,'1488550',1645,,459,1,0,5,0,165,,459,139,4,,0
3019,'1488551',1115,,460,1,0,5,0,125,,460,139,4,,0
3019,'1488552',1445,,461,1,0,5,0,165,,461,139,4,,0
3019,'1488553',640,,462,59,4,,0
3019,'1488556',1515,,463,1,0,5,0,125,,463,139,4,,0
3019,'1488560',845,,464,1,0,5,0,165,,464,139,4,,0
3019,'1488565',710,,465,106,4,,0
3019,'1491899',1530,,370,1,,,0,125,,370,130,4,,0
3019,'1491900',1700,,371,1,,,0,125,,371,130,4,,0
3019,'1491901',2015,,372,1,,,0,125,,372,130,4,,0
3019,'1491902',830,,373,1,,,0,125,,373,130,4,,0
3019,'1491903',700,,374,1,,,0,125,,374,130,4,,0
3019,'1491904',1600,,375,1,,,0,125,,375,130,4,,0
3019,'1491905',1130,,376,1,,,0,125,,376,130,4,,0
3019,'1491906',1100,,377,1,,,0,125,,377,130,4,,0
3019,'1491907',730,,378,1,,,0,125,,378,130,4,,0
3019,'1491908',900,,379,1,,,0,125,,379,130,4,,0
3019,'1491909',2215,,380,1,,,0,125,,380,130,4,,0
3019,'1491910',1330,,381,1,,,0,125,,381,130,4,,0
3019,'1491911',1300,,382,1,,,0,125,,382,130,4,,0
3019,'1491912',1430,,383,1,,,0,125,,383,130,4,,0
3019,'1491913',1230,,384,1,,,0,125,,384,130,4,,0
3019,'1491914',2115,,385,1,,,0,125,,385,130,4,,0
3019,'1491915',800,,386,1,,,0,125,,386,130,4,,0
3019,'1491916',1730,,387,1,,,0,125,,387,130,4,,0
3019,'1491917',1400,,388,1,,,0,125,,388,130,4,,0
3019,'1491918',1000,,389,1,,,0,125,,389,130,4,,0
3019,'1491919',1030,,390,1,,,0,125,,390,130,4,,0
3019,'1491920',1200,,391,1,,,0,125,,391,130,4,,0
3019,'1491921',1630,,392,1,,,0,125,,392,130,4,,0
3019,'1491922',930,,393,1,,,0,125,,393,130,4,,0
3019,'1491923',1500,,394,1,,,0,125,,394,130,4,,0
3019,'1491924',1815,,395,1,,,0,125,,395,130,4,,0
3019,'1491925',2315,,396,1,,,0,85,,396,75,4,,0
3019,'1491926',625,,397,39,4,,0
3019,'1491927',655,,398,73,4,,0
3019,'1491928',1915,,399,1,,,0,125,,399,130,4,,0
3019,'1492021',630,,400,1,,,0,125,,400,130,4,,0
3019,'1496989',715,,647,1,,,0,125,,647,130,4,,0
3019,'1496990',1645,,648,1,0,5,0,165,,648,136,4,,0
3019,'1496991',1415,,649,1,,,0,125,,649,130,4,,0
3019,'1496992',2145,,650,1,0,5,0,165,,650,136,4,,0
3019,'1496993',815,,651,1,,,0,125,,651,130,4,,0
3019,'1496994',1115,,652,1,,,0,125,,652,130,4,,0
3019,'1496995',2215,,653,1,,,0,125,,653,130,4,,0
3019,'1496996',1815,,654,1,,,0,125,,654,130,4,,0
3019,'1496997',1845,,655,1,0,5,0,165,,655,136,4,,0
3019,'1496998',1345,,656,1,0,5,0,165,,656,136,4,,0
3019,'1496999',1315,,657,1,,,0,125,,657,130,4,,0
3019,'1497000',1945,,658,1,0,5,0,165,,658,136,4,,0
3019,'1497001',1915,,659,1,,,0,125,,659,130,4,,0
3019,'1497002',2245,,660,1,0,5,0,155,,660,136,4,,0
3019,'1497003',1615,,661,1,,,0,125,,661,130,4,,0
3019,'1497004',915,,662,1,,,0,125,,662,130,4,,0
3019,'1497005',1215,,663,1,,,0,125,,663,130,4,,0
3019,'1497006',1745,,664,1,0,5,0,165,,664,136,4,,0
3019,'1497007',645,,665,1,0,5,0,165,,665,136,4,,0
3019,'1497008',845,,666,1,0,5,0,165,,666,136,4,,0
3019,'1497009',2115,,667,1,,,0,125,,667,130,4,,0
3019,'1497010',1715,,668,1,,,0,125,,668,130,4,,0
3019,'1497011',1015,,669,1,,,0,125,,669,130,4,,0
3019,'1497012',945,,670,1,0,5,0,165,,670,136,4,,0
3019,'1497013',1245,,671,1,0,5,0,165,,671,136,4,,0
3019,'1497014',1545,,672,1,0,5,0,165,,672,136,4,,0
3019,'1497015',1515,,673,1,,,0,125,,673,130,4,,0
3019,'1497016',1045,,674,1,0,5,0,165,,674,136,4,,0
3019,'1497017',1445,,675,1,0,5,0,165,,675,136,4,,0
3019,'1497018',2045,,676,1,0,5,0,165,,676,136,4,,0
3019,'1497019',745,,677,1,0,5,0,165,,677,136,4,,0
3019,'1497020',2015,,678,1,,,0,125,,678,130,4,,0
3019,'1497021',1145,,679,1,0,5,0,165,,679,136,4,,0
3019,'1497022',710,,680,74,4,,0
3019,'1497023',2315,,681,1,,,0,85,,681,74,4,,0
3019,'1497024',615,,682,1,,,0,125,,682,130,4,,0
3019,'1497025',640,,683,58,4,,0
4019,'1491929',630,,525,1,,,0,95,,525,77,4,,0
4019,'1491930',2315,,526,1,,,0,85,,526,77,4,,0
4019,'1491931',1030,,527,1,,,0,95,,527,77,4,,0
4019,'1491932',830,,528,1,,,0,95,,528,77,4,,0
4019,'1491933',2015,,529,1,,,0,95,,529,77,4,,0
4019,'1491934',1630,,530,1,,,0,95,,530,77,4,,0
4019,'1491935',1830,,531,1,,,0,95,,531,77,4,,0
4019,'1491936',2115,,532,1,,,0,95,,532,77,4,,0
4019,'1491937',930,,533,1,,,0,95,,533,77,4,,0
4019,'1491938',1130,,534,1,,,0,95,,534,77,4,,0
4019,'1491939',1915,,535,1,,,0,95,,535,77,4,,0
4019,'1491940',730,,536,1,,,0,95,,536,77,4,,0
4019,'1491941',1530,,537,1,,,0,95,,537,77,4,,0
4019,'1491942',1730,,538,1,,,0,95,,538,77,4,,0
4019,'1491943',1330,,539,1,,,0,95,,539,77,4,,0
4019,'1491944',1430,,540,1,,,0,95,,540,77,4,,0
4019,'1491945',2215,,541,1,,,0,95,,541,77,4,,0
4019,'1491946',1230,,542,1,,,0,95,,542,77,4,,0
4019,'1491947',625,,543,43,4,,0
4019,'1497026',815,,684,1,,,0,95,,684,81,4,,0
4019,'1497027',715,,685,1,,,0,95,,685,81,4,,0
4019,'1497028',1615,,686,1,,,0,95,,686,81,4,,0
4019,'1497029',2215,,687,1,,,0,95,,687,81,4,,0
4019,'1497030',1715,,688,1,,,0,95,,688,81,4,,0
4019,'1497031',1415,,689,1,,,0,95,,689,81,4,,0
4019,'1497032',2115,,690,1,,,0,95,,690,81,4,,0
4019,'1497033',1015,,691,1,,,0,95,,691,81,4,,0
4019,'1497034',1915,,692,1,,,0,95,,692,81,4,,0
4019,'1497035',1515,,693,1,,,0,95,,693,81,4,,0
4019,'1497036',915,,694,1,,,0,95,,694,81,4,,0
4019,'1497037',1815,,695,1,,,0,95,,695,81,4,,0
4019,'1497038',1315,,696,1,,,0,95,,696,81,4,,0
4019,'1497039',615,,697,1,,,0,95,,697,81,4,,0
4019,'1497040',2015,,698,1,,,0,95,,698,81,4,,0
4019,'1497041',1115,,699,1,,,0,95,,699,81,4,,0
4019,'1497042',1215,,700,1,,,0,95,,700,81,4,,0
4019,'1497043',2315,,701,1,,,0,85,,701,81,4,,0
10019,'1492131',1220,5,574,2,,,0,110,,574,8,,,0
10019,'1492132',1520,5,575,2,,,0,110,,575,8,,,0
