3019,'1491899',1647,,370,116,,,0
3019,'1491900',1817,,371,116,,,0
3019,'1491901',2132,,372,116,,,0
3019,'1491902',947,,373,116,,,0
3019,'1491903',817,,374,116,,,0
3019,'1491904',1717,,375,116,,,0
3019,'1491905',1247,,376,116,,,0
3019,'1491906',1217,,377,116,,,0
3019,'1491907',847,,378,116,,,0
3019,'1491908',1017,,379,116,,,0
3019,'1491909',2332,,380,116,,,0
3019,'1491910',1447,,381,116,,,0
3019,'1491911',1417,,382,116,,,0
3019,'1491912',1547,,383,116,,,0
3019,'1491913',1347,,384,116,,,0
3019,'1491914',2232,,385,116,,,0
3019,'1491915',917,,386,116,,,0
3019,'1491916',1847,,387,116,,,0
3019,'1491917',1517,,388,116,,,0
3019,'1491918',1117,,389,116,,,0
3019,'1491919',1147,,390,116,,,0
3019,'1491920',1317,,391,116,,,0
3019,'1491921',1747,,392,116,,,0
3019,'1491922',1047,,393,116,,,0
3019,'1491923',1617,,394,116,,,0
3019,'1491924',1932,,395,116,,,0
3019,'1491926',617,,397,25,,,0
3019,'1491927',647,,398,59,,,0
3019,'1491928',2032,,399,116,,,0
3019,'1492021',747,,400,116,,,0
3019,'1496989',832,,647,116,,,0
3019,'1496991',1532,,649,116,,,0
3019,'1496993',932,,651,116,,,0
3019,'1496994',1232,,652,116,,,0
3019,'1496995',2332,,653,116,,,0
3019,'1496996',1932,,654,116,,,0
3019,'1496999',1432,,657,116,,,0
3019,'1497001',2032,,659,116,,,0
3019,'1497003',1732,,661,116,,,0
3019,'1497004',1032,,662,116,,,0
3019,'1497005',1332,,663,116,,,0
3019,'1497009',2232,,667,116,,,0
3019,'1497010',1832,,668,116,,,0
3019,'1497011',1132,,669,116,,,0
3019,'1497015',1632,,673,116,,,0
3019,'1497020',2132,,678,116,,,0
3019,'1497022',702,,680,60,,,0
3019,'1497024',732,,682,116,,,0
