3019,'1491899',1604,,370,63,,,0
3019,'1491900',1734,,371,63,,,0
3019,'1491901',2049,,372,63,,,0
3019,'1491902',904,,373,63,,,0
3019,'1491903',734,,374,63,,,0
3019,'1491904',1634,,375,63,,,0
3019,'1491905',1204,,376,63,,,0
3019,'1491906',1134,,377,63,,,0
3019,'1491907',804,,378,63,,,0
3019,'1491908',934,,379,63,,,0
3019,'1491909',2249,,380,63,,,0
3019,'1491910',1404,,381,63,,,0
3019,'1491911',1334,,382,63,,,0
3019,'1491912',1504,,383,63,,,0
3019,'1491913',1304,,384,63,,,0
3019,'1491914',2149,,385,63,,,0
3019,'1491915',834,,386,63,,,0
3019,'1491916',1804,,387,63,,,0
3019,'1491917',1434,,388,63,,,0
3019,'1491918',1034,,389,63,,,0
3019,'1491919',1104,,390,63,,,0
3019,'1491920',1234,,391,63,,,0
3019,'1491921',1704,,392,63,,,0
3019,'1491922',1004,,393,63,,,0
3019,'1491923',1534,,394,63,,,0
3019,'1491924',1849,,395,63,,,0
3019,'1491925',2344,,396,63,,,0
3019,'1491927',604,,398,6,,,0
3019,'1491928',1949,,399,63,,,0
3019,'1492021',704,,400,63,,,0
3019,'1496989',749,,647,62,,,0
3019,'1496991',1449,,649,62,,,0
3019,'1496993',849,,651,62,,,0
3019,'1496994',1149,,652,62,,,0
3019,'1496995',2249,,653,62,,,0
3019,'1496996',1849,,654,62,,,0
3019,'1496999',1349,,657,62,,,0
3019,'1497001',1949,,659,62,,,0
3019,'1497003',1649,,661,62,,,0
3019,'1497004',949,,662,62,,,0
3019,'1497005',1249,,663,62,,,0
3019,'1497009',2149,,667,62,,,0
3019,'1497010',1749,,668,62,,,0
3019,'1497011',1049,,669,62,,,0
3019,'1497015',1549,,673,62,,,0
3019,'1497020',2049,,678,62,,,0
3019,'1497022',619,,680,6,,,0
3019,'1497023',2344,,681,62,,,0
3019,'1497024',649,,682,62,,,0
