3019,'1496125',1550,,1056,39,,,0
3019,'1496128',1720,,1059,39,,,0
3019,'1496129',850,,1060,39,,,0
3019,'1496130',720,,1061,39,,,0
3019,'1496131',1620,,1062,39,,,0
3019,'1496133',1150,,1064,39,,,0
3019,'1496134',1120,,1065,39,,,0
3019,'1496136',750,,1067,39,,,0
3019,'1496138',920,,1069,39,,,0
3019,'1496141',1350,,1072,39,,,0
3019,'1496142',1320,,1073,39,,,0
3019,'1496144',1450,,1075,39,,,0
3019,'1496146',1250,,1077,39,,,0
3019,'1496151',820,,1082,39,,,0
3019,'1496153',1750,,1084,39,,,0
3019,'1496154',1420,,1085,39,,,0
3019,'1496155',1020,,1086,39,,,0
3019,'1496159',1050,,1090,39,,,0
3019,'1496164',1220,,1095,39,,,0
3019,'1496165',1650,,1096,39,,,0
3019,'1496167',950,,1098,39,,,0
3019,'1496168',1520,,1099,39,,,0
3019,'1496173',650,,1104,39,,,0
3019,'1496374',1550,,1105,39,,,0
3019,'1496377',1720,,1108,39,,,0
3019,'1496378',2035,,1109,39,,,0
3019,'1496380',850,,1111,39,,,0
3019,'1496381',720,,1112,39,,,0
3019,'1496382',1620,,1113,39,,,0
3019,'1496385',1150,,1116,39,,,0
3019,'1496386',1120,,1117,39,,,0
3019,'1496388',750,,1119,39,,,0
3019,'1496392',920,,1123,39,,,0
3019,'1496395',2235,,1126,39,,,0
3019,'1496396',1350,,1127,39,,,0
3019,'1496398',1320,,1129,39,,,0
3019,'1496400',1450,,1131,39,,,0
3019,'1496402',1250,,1133,39,,,0
3019,'1496404',2135,,1135,39,,,0
3019,'1496409',820,,1140,39,,,0
3019,'1496411',1750,,1142,39,,,0
3019,'1496412',1420,,1143,39,,,0
3019,'1496413',1020,,1144,39,,,0
3019,'1496417',1050,,1148,39,,,0
3019,'1496422',1220,,1153,39,,,0
3019,'1496423',1650,,1154,39,,,0
3019,'1496425',950,,1156,39,,,0
3019,'1496426',1520,,1157,39,,,0
3019,'1496427',1835,,1158,39,,,0
3019,'1496429',2332,,1160,39,,,0
3019,'1496432',1935,,1163,39,,,0
3019,'1496434',650,,1165,39,,,0
3019,'1496453',735,,1166,39,,,0
3019,'1496455',1435,,1168,39,,,0
3019,'1496457',835,,1170,39,,,0
3019,'1496458',1135,,1171,39,,,0
3019,'1496459',2235,,1172,39,,,0
3019,'1496460',1835,,1173,39,,,0
3019,'1496463',1335,,1176,39,,,0
3019,'1496465',1935,,1178,39,,,0
3019,'1496467',1635,,1180,39,,,0
3019,'1496468',935,,1181,39,,,0
3019,'1496469',1235,,1182,39,,,0
3019,'1496473',2135,,1186,39,,,0
3019,'1496474',1735,,1187,39,,,0
3019,'1496475',1035,,1188,39,,,0
3019,'1496479',1535,,1192,39,,,0
3019,'1496484',2035,,1197,39,,,0
3019,'1496487',2332,,1200,39,,,0
3019,'1496488',635,,1201,39,,,0
3019,'1496627',735,,1203,39,,,0
3019,'1496629',1435,,1205,39,,,0
3019,'1496631',835,,1207,39,,,0
3019,'1496632',1135,,1208,39,,,0
3019,'1496633',1835,,1209,39,,,0
3019,'1496636',1335,,1212,39,,,0
3019,'1496638',1935,,1214,39,,,0
3019,'1496640',1635,,1216,39,,,0
3019,'1496641',935,,1217,39,,,0
3019,'1496642',1235,,1218,39,,,0
3019,'1496645',2135,,1221,39,,,0
3019,'1496646',1735,,1222,39,,,0
3019,'1496647',1035,,1223,39,,,0
3019,'1496651',1535,,1227,39,,,0
3019,'1496656',2035,,1232,39,,,0
3019,'1496659',2332,,1235,39,,,0
