4019,'1491929',640,,525,17,,,0
4019,'1491930',2323,,526,17,,,0
4019,'1491931',1040,,527,17,,,0
4019,'1491932',840,,528,17,,,0
4019,'1491933',2025,,529,17,,,0
4019,'1491934',1640,,530,17,,,0
4019,'1491935',1840,,531,17,,,0
4019,'1491936',2125,,532,17,,,0
4019,'1491937',940,,533,17,,,0
4019,'1491938',1140,,534,17,,,0
4019,'1491939',1925,,535,17,,,0
4019,'1491940',740,,536,17,,,0
4019,'1491941',1540,,537,17,,,0
4019,'1491942',1740,,538,17,,,0
4019,'1491943',1340,,539,17,,,0
4019,'1491944',1440,,540,17,,,0
4019,'1491945',2225,,541,17,,,0
4019,'1491946',1240,,542,17,,,0
4019,'1497026',825,,684,17,,,0
4019,'1497027',725,,685,17,,,0
4019,'1497028',1625,,686,17,,,0
4019,'1497029',2225,,687,17,,,0
4019,'1497030',1725,,688,17,,,0
4019,'1497031',1425,,689,17,,,0
4019,'1497032',2125,,690,17,,,0
4019,'1497033',1025,,691,17,,,0
4019,'1497034',1925,,692,17,,,0
4019,'1497035',1525,,693,17,,,0
4019,'1497036',925,,694,17,,,0
4019,'1497037',1825,,695,17,,,0
4019,'1497038',1325,,696,17,,,0
4019,'1497039',625,,697,17,,,0
4019,'1497040',2025,,698,17,,,0
4019,'1497041',1125,,699,17,,,0
4019,'1497042',1225,,700,17,,,0
4019,'1497043',2323,,701,17,,,0
