8019,'1488718',1737,,544,5,,,0
8019,'1488719',1037,,545,5,,,0
8019,'1488720',1337,,546,5,,,0
8019,'1488721',937,,547,5,,,0
8019,'1488722',1437,,548,5,,,0
8019,'1488723',737,,549,5,,,0
8019,'1488724',1637,,550,5,,,0
8019,'1488725',837,,551,5,,,0
8019,'1488726',637,,552,5,,,0
8019,'1488727',1537,,553,5,,,0
8019,'1488728',1237,,554,5,,,0
8019,'1488729',1137,,555,5,,,0
8019,'1492009',1737,,556,5,,,0
8019,'1492010',1037,,557,5,,,0
8019,'1492011',1337,,558,5,,,0
8019,'1492012',937,,559,5,,,0
8019,'1492013',1437,,560,5,,,0
8019,'1492014',737,,561,5,,,0
8019,'1492015',1637,,562,5,,,0
8019,'1492016',837,,563,5,,,0
8019,'1492017',637,,564,5,,,0
8019,'1492018',1537,,565,5,,,0
8019,'1492019',1237,,566,5,,,0
8019,'1492020',1137,,567,5,,,0
