2019,'1492023',2244,,191,41,,,0
2019,'1492024',1229,,192,41,,,0
2019,'1492025',1359,,193,41,,,0
2019,'1492027',2144,,194,41,,,0
2019,'1492028',1844,,195,41,,,0
2019,'1492032',1329,,196,41,,,0
2019,'1492034',1459,,197,41,,,0
2019,'1492036',959,,198,41,,,0
2019,'1492037',1529,,199,41,,,0
2019,'1492038',929,,200,41,,,0
2019,'1492040',1129,,201,41,,,0
2019,'1492042',859,,202,41,,,0
2019,'1492043',829,,203,41,,,0
2019,'1492045',1029,,204,41,,,0
2019,'1492048',1559,,205,41,,,0
2019,'1492053',2044,,206,41,,,0
2019,'1492055',729,,207,41,,,0
2019,'1492057',1729,,208,41,,,0
2019,'1492058',2341,,209,41,,,0
2019,'1492062',1429,,210,41,,,0
2019,'1492064',1059,,211,41,,,0
2019,'1492066',1159,,212,41,,,0
2019,'1492067',1629,,213,41,,,0
2019,'1492068',1759,,214,41,,,0
2019,'1492069',1659,,215,41,,,0
2019,'1492074',759,,216,41,,,0
2019,'1492075',1259,,217,41,,,0
2019,'1492077',659,,218,41,,,0
2019,'1492079',559,,220,19,,,0
2019,'1492080',1944,,221,41,,,0
2019,'1496953',1743,,611,42,,,0
2019,'1496954',2143,,612,42,,,0
2019,'1496955',1343,,613,42,,,0
2019,'1496957',1143,,614,42,,,0
2019,'1496958',1443,,615,42,,,0
2019,'1496961',2043,,616,42,,,0
2019,'1496962',743,,617,42,,,0
2019,'1496968',1243,,618,42,,,0
2019,'1496970',2243,,619,42,,,0
2019,'1496973',1543,,620,42,,,0
2019,'1496974',1843,,621,42,,,0
2019,'1496975',1043,,622,42,,,0
2019,'1496979',943,,623,42,,,0
2019,'1496981',843,,624,42,,,0
2019,'1496983',1643,,625,42,,,0
2019,'1496984',1943,,626,42,,,0
2019,'1496986',643,,627,42,,,0
2019,'1496987',613,,628,10,,,0
2019,'1496988',2342,,629,42,,,0
