4019,'1491929',707,,525,54,,,0
4019,'1491930',2344,,526,54,,,0
4019,'1491931',1107,,527,54,,,0
4019,'1491932',907,,528,54,,,0
4019,'1491933',2052,,529,54,,,0
4019,'1491934',1707,,530,54,,,0
4019,'1491935',1907,,531,54,,,0
4019,'1491936',2152,,532,54,,,0
4019,'1491937',1007,,533,54,,,0
4019,'1491938',1207,,534,54,,,0
4019,'1491939',1952,,535,54,,,0
4019,'1491940',807,,536,54,,,0
4019,'1491941',1607,,537,54,,,0
4019,'1491942',1807,,538,54,,,0
4019,'1491943',1407,,539,54,,,0
4019,'1491944',1507,,540,54,,,0
4019,'1491945',2252,,541,54,,,0
4019,'1491946',1307,,542,54,,,0
4019,'1491947',607,,543,20,,,0
4019,'1497026',850,,684,54,,,0
4019,'1497027',750,,685,54,,,0
4019,'1497028',1650,,686,54,,,0
4019,'1497029',2250,,687,54,,,0
4019,'1497030',1750,,688,54,,,0
4019,'1497031',1450,,689,54,,,0
4019,'1497032',2150,,690,54,,,0
4019,'1497033',1050,,691,54,,,0
4019,'1497034',1950,,692,54,,,0
4019,'1497035',1550,,693,54,,,0
4019,'1497036',950,,694,54,,,0
4019,'1497037',1850,,695,54,,,0
4019,'1497038',1350,,696,54,,,0
4019,'1497039',650,,697,54,,,0
4019,'1497040',2050,,698,54,,,0
4019,'1497041',1150,,699,54,,,0
4019,'1497042',1250,,700,54,,,0
4019,'1497043',2344,,701,54,,,0
