3019,'1488507',931,,436,120,0,5,0
3019,'1488508',1131,,437,120,0,5,0
3019,'1488511',2201,,438,120,0,5,0
3019,'1488515',2301,,439,120,0,5,0
3019,'1488516',1201,,440,120,0,5,0
3019,'1488519',1731,,441,120,0,5,0
3019,'1488521',2351,,442,120,0,5,0
3019,'1488522',1531,,443,120,0,5,0
3019,'1488523',2001,,444,120,0,5,0
3019,'1488525',1301,,445,120,0,5,0
3019,'1488526',831,,446,120,0,5,0
3019,'1488529',2101,,447,120,0,5,0
3019,'1488531',801,,448,120,0,5,0
3019,'1488533',1831,,449,120,0,5,0
3019,'1488535',1401,,450,120,0,5,0
3019,'1488537',1901,,451,120,0,5,0
3019,'1488538',1101,,452,120,0,5,0
3019,'1488539',1331,,453,120,0,5,0
3019,'1488540',1431,,454,120,0,5,0
3019,'1488542',901,,455,120,0,5,0
3019,'1488546',1031,,456,120,0,5,0
3019,'1488547',1701,,457,120,0,5,0
3019,'1488548',1501,,458,120,0,5,0
3019,'1488550',1801,,459,120,0,5,0
3019,'1488551',1231,,460,120,0,5,0
3019,'1488552',1601,,461,120,0,5,0
3019,'1488553',631,,462,40,0,5,0
3019,'1488556',1631,,463,120,0,5,0
3019,'1488560',1001,,464,120,0,5,0
3019,'1488565',701,,465,87,0,5,0
3019,'1496990',1801,,648,118,0,5,0
3019,'1496992',2301,,650,118,0,5,0
3019,'1496997',2001,,655,118,0,5,0
3019,'1496998',1501,,656,118,0,5,0
3019,'1497000',2101,,658,118,0,5,0
3019,'1497002',2351,,660,118,0,5,0
3019,'1497006',1901,,664,118,0,5,0
3019,'1497007',801,,665,118,0,5,0
3019,'1497008',1001,,666,118,0,5,0
3019,'1497012',1101,,670,118,0,5,0
3019,'1497013',1401,,671,118,0,5,0
3019,'1497014',1701,,672,118,0,5,0
3019,'1497016',1201,,674,118,0,5,0
3019,'1497017',1601,,675,118,0,5,0
3019,'1497018',2201,,676,118,0,5,0
3019,'1497019',901,,677,118,0,5,0
3019,'1497021',1301,,679,118,0,5,0
3019,'1497025',631,,683,40,0,5,0
