1019,'1491950',701,,37,3,,,0
1019,'1491952',801,,38,3,,,0
1019,'1491955',1531,,39,3,,,0
1019,'1491956',2116,,40,3,,,0
1019,'1491957',1631,,41,3,,,0
1019,'1491959',731,,42,3,,,0
1019,'1491960',1431,,43,3,,,0
1019,'1491961',1231,,44,3,,,0
1019,'1491962',1801,,45,3,,,0
1019,'1491967',1331,,46,3,,,0
1019,'1491968',1916,,47,3,,,0
1019,'1491969',2016,,48,3,,,0
1019,'1491975',1031,,49,3,,,0
1019,'1491977',1301,,50,3,,,0
1019,'1491980',831,,51,3,,,0
1019,'1491981',1131,,52,3,,,0
1019,'1491982',931,,53,3,,,0
1019,'1491984',2316,,54,3,,,0
1019,'1491985',1731,,55,3,,,0
1019,'1491988',1001,,56,3,,,0
1019,'1491990',901,,57,3,,,0
1019,'1491992',2216,,58,3,,,0
1019,'1491994',1401,,59,3,,,0
1019,'1491995',1501,,60,3,,,0
1019,'1491997',631,,61,3,,,0
1019,'1491998',1201,,62,3,,,0
1019,'1491999',1101,,63,3,,,0
1019,'1492002',1701,,64,3,,,0
1019,'1492004',1601,,65,3,,,0
1019,'1492007',1831,,67,3,,,0
1019,'1496918',1316,,576,3,,,0
1019,'1496921',1916,,577,3,,,0
1019,'1496922',716,,578,3,,,0
1019,'1496923',616,,579,3,,,0
1019,'1496924',2016,,580,3,,,0
1019,'1496928',1016,,581,3,,,0
1019,'1496930',1416,,582,3,,,0
1019,'1496933',1616,,583,3,,,0
1019,'1496935',1116,,584,3,,,0
1019,'1496938',2116,,585,3,,,0
1019,'1496940',1516,,586,3,,,0
1019,'1496941',1716,,587,3,,,0
1019,'1496945',916,,588,3,,,0
1019,'1496946',816,,589,3,,,0
1019,'1496949',1216,,590,3,,,0
1019,'1496950',1816,,591,3,,,0
1019,'1496951',2316,,592,3,,,0
1019,'1496952',2216,,593,3,,,0
