3019,'1491899',1618,,370,82,,,0
3019,'1491900',1748,,371,82,,,0
3019,'1491901',2103,,372,82,,,0
3019,'1491902',918,,373,82,,,0
3019,'1491903',748,,374,82,,,0
3019,'1491904',1648,,375,82,,,0
3019,'1491905',1218,,376,82,,,0
3019,'1491906',1148,,377,82,,,0
3019,'1491907',818,,378,82,,,0
3019,'1491908',948,,379,82,,,0
3019,'1491909',2303,,380,82,,,0
3019,'1491910',1418,,381,82,,,0
3019,'1491911',1348,,382,82,,,0
3019,'1491912',1518,,383,82,,,0
3019,'1491913',1318,,384,82,,,0
3019,'1491914',2203,,385,82,,,0
3019,'1491915',848,,386,82,,,0
3019,'1491916',1818,,387,82,,,0
3019,'1491917',1448,,388,82,,,0
3019,'1491918',1048,,389,82,,,0
3019,'1491919',1118,,390,82,,,0
3019,'1491920',1248,,391,82,,,0
3019,'1491921',1718,,392,82,,,0
3019,'1491922',1018,,393,82,,,0
3019,'1491923',1548,,394,82,,,0
3019,'1491924',1903,,395,82,,,0
3019,'1491927',618,,398,25,,,0
3019,'1491928',2003,,399,82,,,0
3019,'1492021',718,,400,82,,,0
3019,'1496989',803,,647,81,,,0
3019,'1496991',1503,,649,81,,,0
3019,'1496993',903,,651,81,,,0
3019,'1496994',1203,,652,81,,,0
3019,'1496995',2303,,653,81,,,0
3019,'1496996',1903,,654,81,,,0
3019,'1496999',1403,,657,81,,,0
3019,'1497001',2003,,659,81,,,0
3019,'1497003',1703,,661,81,,,0
3019,'1497004',1003,,662,81,,,0
3019,'1497005',1303,,663,81,,,0
3019,'1497009',2203,,667,81,,,0
3019,'1497010',1803,,668,81,,,0
3019,'1497011',1103,,669,81,,,0
3019,'1497015',1603,,673,81,,,0
3019,'1497020',2103,,678,81,,,0
3019,'1497022',633,,680,25,,,0
3019,'1497024',703,,682,81,,,0
