1019,'1491950',704,,37,8,,,0
1019,'1491952',804,,38,8,,,0
1019,'1491955',1534,,39,8,,,0
1019,'1491956',2119,,40,8,,,0
1019,'1491957',1634,,41,8,,,0
1019,'1491959',734,,42,8,,,0
1019,'1491960',1434,,43,8,,,0
1019,'1491961',1234,,44,8,,,0
1019,'1491962',1804,,45,8,,,0
1019,'1491967',1334,,46,8,,,0
1019,'1491968',1919,,47,8,,,0
1019,'1491969',2019,,48,8,,,0
1019,'1491975',1034,,49,8,,,0
1019,'1491977',1304,,50,8,,,0
1019,'1491980',834,,51,8,,,0
1019,'1491981',1134,,52,8,,,0
1019,'1491982',934,,53,8,,,0
1019,'1491984',2319,,54,8,,,0
1019,'1491985',1734,,55,8,,,0
1019,'1491988',1004,,56,8,,,0
1019,'1491990',904,,57,8,,,0
1019,'1491992',2219,,58,8,,,0
1019,'1491994',1404,,59,8,,,0
1019,'1491995',1504,,60,8,,,0
1019,'1491997',634,,61,8,,,0
1019,'1491998',1204,,62,8,,,0
1019,'1491999',1104,,63,8,,,0
1019,'1492002',1704,,64,8,,,0
1019,'1492004',1604,,65,8,,,0
1019,'1492007',1834,,67,8,,,0
1019,'1496918',1319,,576,8,,,0
1019,'1496921',1919,,577,8,,,0
1019,'1496922',719,,578,8,,,0
1019,'1496923',619,,579,8,,,0
1019,'1496924',2019,,580,8,,,0
1019,'1496928',1019,,581,8,,,0
1019,'1496930',1419,,582,8,,,0
1019,'1496933',1619,,583,8,,,0
1019,'1496935',1119,,584,8,,,0
1019,'1496938',2119,,585,8,,,0
1019,'1496940',1519,,586,8,,,0
1019,'1496941',1719,,587,8,,,0
1019,'1496945',919,,588,8,,,0
1019,'1496946',819,,589,8,,,0
1019,'1496949',1219,,590,8,,,0
1019,'1496950',1819,,591,8,,,0
1019,'1496951',2319,,592,8,,,0
1019,'1496952',2219,,593,8,,,0
