8019,'1488718',1744,,544,9,,,0
8019,'1488719',1044,,545,9,,,0
8019,'1488720',1344,,546,9,,,0
8019,'1488721',944,,547,9,,,0
8019,'1488722',1444,,548,9,,,0
8019,'1488723',744,,549,9,,,0
8019,'1488724',1644,,550,9,,,0
8019,'1488725',844,,551,9,,,0
8019,'1488726',644,,552,9,,,0
8019,'1488727',1544,,553,9,,,0
8019,'1488728',1244,,554,9,,,0
8019,'1488729',1144,,555,9,,,0
8019,'1492009',1744,,556,9,,,0
8019,'1492010',1044,,557,9,,,0
8019,'1492011',1344,,558,9,,,0
8019,'1492012',944,,559,9,,,0
8019,'1492013',1444,,560,9,,,0
8019,'1492014',744,,561,9,,,0
8019,'1492015',1644,,562,9,,,0
8019,'1492016',844,,563,9,,,0
8019,'1492017',644,,564,9,,,0
8019,'1492018',1544,,565,9,,,0
8019,'1492019',1244,,566,9,,,0
8019,'1492020',1144,,567,9,,,0
