2029,'1497044',852,,973,12,,,0
2029,'1497045',1352,,974,12,,,0
2029,'1497046',1152,,975,12,,,0
2029,'1497047',1222,,976,12,,,0
2029,'1497048',1522,,977,12,,,0
2029,'1497049',922,,978,12,,,0
2029,'1497050',752,,979,12,,,0
2029,'1497051',1552,,980,12,,,0
2029,'1497052',1422,,981,12,,,0
2029,'1497053',1022,,982,12,,,0
2029,'1497054',652,,983,12,,,0
2029,'1497055',1252,,984,12,,,0
2029,'1497056',1622,,985,12,,,0
2029,'1497057',1452,,986,12,,,0
2029,'1497058',1322,,987,12,,,0
2029,'1497059',722,,988,12,,,0
2029,'1497060',1652,,989,12,,,0
2029,'1497061',952,,990,12,,,0
2029,'1497062',822,,991,12,,,0
2029,'1497063',1122,,992,12,,,0
2029,'1497064',1052,,993,12,,,0
2029,'1497065',1722,,994,12,,,0
2029,'1497066',1952,,995,12,,,0
2029,'1497067',852,,996,12,,,0
2029,'1497068',1352,,997,12,,,0
2029,'1497069',1152,,998,12,,,0
2029,'1497070',1752,,999,12,,,0
2029,'1497071',1222,,1000,12,,,0
2029,'1497072',1522,,1001,12,,,0
2029,'1497073',922,,1002,12,,,0
2029,'1497074',2152,,1003,12,,,0
2029,'1497075',752,,1004,12,,,0
2029,'1497076',1552,,1005,12,,,0
2029,'1497077',1422,,1006,12,,,0
2029,'1497078',2251,,1007,12,,,0
2029,'1497079',1022,,1008,12,,,0
2029,'1497080',652,,1009,12,,,0
2029,'1497081',1252,,1010,12,,,0
2029,'1497082',1852,,1011,12,,,0
2029,'1497083',1622,,1012,12,,,0
2029,'1497084',1452,,1013,12,,,0
2029,'1497085',1322,,1014,12,,,0
2029,'1497086',722,,1015,12,,,0
2029,'1497087',1652,,1016,12,,,0
2029,'1497088',952,,1017,12,,,0
2029,'1497089',822,,1018,12,,,0
2029,'1497090',2052,,1019,12,,,0
2029,'1497091',1122,,1020,12,,,0
2029,'1497092',1052,,1021,12,,,0
2029,'1497093',1722,,1022,12,,,0
2029,'1497094',1652,,1023,12,,,0
2029,'1497095',1052,,1024,12,,,0
2029,'1497096',2152,,1025,12,,,0
2029,'1497097',2250,,1026,12,,,0
2029,'1497098',952,,1027,12,,,0
2029,'1497099',1952,,1028,12,,,0
2029,'1497100',852,,1029,12,,,0
2029,'1497101',1452,,1030,12,,,0
2029,'1497102',2052,,1031,12,,,0
2029,'1497103',1752,,1032,12,,,0
2029,'1497104',1152,,1033,12,,,0
2029,'1497105',1352,,1034,12,,,0
2029,'1497106',752,,1035,12,,,0
2029,'1497107',1252,,1036,12,,,0
2029,'1497108',1852,,1037,12,,,0
2029,'1497109',1552,,1038,12,,,0
2029,'1497110',652,,1039,12,,,0
2029,'1497111',1652,,1040,12,,,0
2029,'1497112',1052,,1041,12,,,0
2029,'1497113',2152,,1042,12,,,0
2029,'1497114',2250,,1043,12,,,0
2029,'1497115',952,,1044,12,,,0
2029,'1497116',1952,,1045,12,,,0
2029,'1497117',852,,1046,12,,,0
2029,'1497118',1452,,1047,12,,,0
2029,'1497119',2052,,1048,12,,,0
2029,'1497120',1752,,1049,12,,,0
2029,'1497121',1152,,1050,12,,,0
2029,'1497122',1352,,1051,12,,,0
2029,'1497123',752,,1052,12,,,0
2029,'1497124',1252,,1053,12,,,0
2029,'1497125',1852,,1054,12,,,0
2029,'1497126',1552,,1055,12,,,0
