2019,'1496174',1213,,878,17,,,0
2019,'1496175',1343,,879,17,,,0
2019,'1496179',1313,,880,17,,,0
2019,'1496181',1443,,881,17,,,0
2019,'1496183',943,,882,17,,,0
2019,'1496184',1513,,883,17,,,0
2019,'1496185',913,,884,17,,,0
2019,'1496187',1113,,885,17,,,0
2019,'1496188',843,,886,17,,,0
2019,'1496189',813,,887,17,,,0
2019,'1496191',1013,,888,17,,,0
2019,'1496194',1543,,889,17,,,0
2019,'1496198',713,,890,17,,,0
2019,'1496200',1713,,891,17,,,0
2019,'1496204',1413,,892,17,,,0
2019,'1496206',1043,,893,17,,,0
2019,'1496208',1143,,894,17,,,0
2019,'1496209',1613,,895,17,,,0
2019,'1496210',1743,,896,17,,,0
2019,'1496211',1643,,897,17,,,0
2019,'1496215',743,,898,17,,,0
2019,'1496216',1243,,899,17,,,0
2019,'1496218',643,,900,17,,,0
2019,'1496223',2228,,903,17,,,0
2019,'1496224',1213,,904,17,,,0
2019,'1496225',1343,,905,17,,,0
2019,'1496227',2128,,906,17,,,0
2019,'1496228',1828,,907,17,,,0
2019,'1496232',1313,,908,17,,,0
2019,'1496234',1443,,909,17,,,0
2019,'1496236',943,,910,17,,,0
2019,'1496237',1513,,911,17,,,0
2019,'1496238',913,,912,17,,,0
2019,'1496240',1113,,913,17,,,0
2019,'1496242',843,,914,17,,,0
2019,'1496243',813,,915,17,,,0
2019,'1496245',1013,,916,17,,,0
2019,'1496248',1543,,917,17,,,0
2019,'1496253',2028,,918,17,,,0
2019,'1496255',713,,919,17,,,0
2019,'1496257',1713,,920,17,,,0
2019,'1496258',2326,,921,17,,,0
2019,'1496262',1413,,922,17,,,0
2019,'1496264',1043,,923,17,,,0
2019,'1496266',1143,,924,17,,,0
2019,'1496267',1613,,925,17,,,0
2019,'1496268',1743,,926,17,,,0
2019,'1496269',1643,,927,17,,,0
2019,'1496274',743,,928,17,,,0
2019,'1496275',1243,,929,17,,,0
2019,'1496277',643,,930,17,,,0
2019,'1496280',1928,,933,17,,,0
2019,'1496490',1728,,934,17,,,0
2019,'1496491',2128,,935,17,,,0
2019,'1496492',1328,,936,17,,,0
2019,'1496494',1128,,937,17,,,0
2019,'1496495',1428,,938,17,,,0
2019,'1496498',2028,,939,17,,,0
2019,'1496499',728,,940,17,,,0
2019,'1496505',1228,,941,17,,,0
2019,'1496507',2228,,942,17,,,0
2019,'1496510',1528,,943,17,,,0
2019,'1496511',1828,,944,17,,,0
2019,'1496512',1028,,945,17,,,0
2019,'1496516',928,,946,17,,,0
2019,'1496518',828,,947,17,,,0
2019,'1496520',1628,,948,17,,,0
2019,'1496521',1928,,949,17,,,0
2019,'1496523',628,,950,17,,,0
2019,'1496525',2325,,952,17,,,0
2019,'1496594',1728,,953,17,,,0
2019,'1496595',2128,,954,17,,,0
2019,'1496596',1328,,955,17,,,0
2019,'1496598',1128,,956,17,,,0
2019,'1496599',1428,,957,17,,,0
2019,'1496602',2028,,958,17,,,0
2019,'1496603',728,,959,17,,,0
2019,'1496609',1228,,960,17,,,0
2019,'1496613',1528,,961,17,,,0
2019,'1496614',1828,,962,17,,,0
2019,'1496615',1028,,963,17,,,0
2019,'1496619',928,,964,17,,,0
2019,'1496621',828,,965,17,,,0
2019,'1496623',1628,,966,17,,,0
2019,'1496624',1928,,967,17,,,0
2019,'1496626',2325,,969,17,,,0
