1019,'1496067',752,,702,69,,,0
1019,'1496069',852,,703,69,,,0
1019,'1496071',1622,,704,69,,,0
1019,'1496072',1722,,705,69,,,0
1019,'1496074',822,,706,69,,,0
1019,'1496075',1522,,707,69,,,0
1019,'1496076',1322,,708,69,,,0
1019,'1496080',1422,,709,69,,,0
1019,'1496085',1122,,710,69,,,0
1019,'1496087',1352,,711,69,,,0
1019,'1496089',922,,712,69,,,0
1019,'1496090',1222,,713,69,,,0
1019,'1496091',1022,,714,69,,,0
1019,'1496093',1822,,715,69,,,0
1019,'1496095',1052,,716,69,,,0
1019,'1496097',952,,717,69,,,0
1019,'1496099',1452,,718,69,,,0
1019,'1496100',1552,,719,69,,,0
1019,'1496102',722,,720,69,,,0
1019,'1496103',1252,,721,69,,,0
1019,'1496104',1152,,722,69,,,0
1019,'1496107',1752,,723,69,,,0
1019,'1496109',1652,,724,69,,,0
1019,'1496110',622,,725,38,,,0
1019,'1496296',752,,726,69,,,0
1019,'1496298',852,,727,69,,,0
1019,'1496301',1622,,728,69,,,0
1019,'1496302',2207,,729,69,,,0
1019,'1496303',1722,,730,69,,,0
1019,'1496305',822,,731,69,,,0
1019,'1496306',1522,,732,69,,,0
1019,'1496307',1322,,733,69,,,0
1019,'1496308',1852,,734,69,,,0
1019,'1496313',1422,,735,69,,,0
1019,'1496314',2007,,736,69,,,0
1019,'1496315',2107,,737,69,,,0
1019,'1496321',1122,,738,69,,,0
1019,'1496323',1352,,739,69,,,0
1019,'1496326',922,,740,69,,,0
1019,'1496327',1222,,741,69,,,0
1019,'1496328',1022,,742,69,,,0
1019,'1496330',2357,,743,69,,,0
1019,'1496331',1822,,744,69,,,0
1019,'1496334',1052,,745,69,,,0
1019,'1496336',952,,746,69,,,0
1019,'1496338',2307,,747,69,,,0
1019,'1496340',1452,,748,69,,,0
1019,'1496341',1552,,749,69,,,0
1019,'1496343',722,,750,69,,,0
1019,'1496344',1252,,751,69,,,0
1019,'1496345',1152,,752,69,,,0
1019,'1496348',1752,,753,69,,,0
1019,'1496350',1652,,754,69,,,0
1019,'1496351',622,,755,38,,,0
1019,'1496353',1922,,756,69,,,0
1019,'1496526',1407,,757,69,,,0
1019,'1496529',2007,,758,69,,,0
1019,'1496530',807,,759,69,,,0
1019,'1496531',707,,760,69,,,0
1019,'1496532',2107,,761,69,,,0
1019,'1496536',1107,,762,69,,,0
1019,'1496538',1507,,763,69,,,0
1019,'1496541',1707,,764,69,,,0
1019,'1496543',1207,,765,69,,,0
1019,'1496546',2207,,766,69,,,0
1019,'1496548',1607,,767,69,,,0
1019,'1496549',1807,,768,69,,,0
1019,'1496553',1007,,769,69,,,0
1019,'1496554',907,,770,69,,,0
1019,'1496557',1307,,771,69,,,0
1019,'1496558',1907,,772,69,,,0
1019,'1496559',2356,,773,69,,,0
1019,'1496560',2307,,774,69,,,0
1019,'1496561',1407,,775,69,,,0
1019,'1496564',2007,,776,69,,,0
1019,'1496565',807,,777,69,,,0
1019,'1496566',2107,,778,69,,,0
1019,'1496570',1107,,779,69,,,0
1019,'1496572',1507,,780,69,,,0
1019,'1496575',1707,,781,69,,,0
1019,'1496576',1207,,782,69,,,0
1019,'1496579',2207,,783,69,,,0
1019,'1496581',1607,,784,69,,,0
1019,'1496582',1807,,785,69,,,0
1019,'1496586',1007,,786,69,,,0
1019,'1496587',907,,787,69,,,0
1019,'1496590',1307,,788,69,,,0
1019,'1496591',1907,,789,69,,,0
1019,'1496592',2356,,790,69,,,0
1019,'1496593',2307,,791,69,,,0
