2029,'1488850',638,,970,31,,,0
2029,'1496221',707,,971,91,,,0
2029,'1496281',707,,972,91,,,0
2029,'1497044',1008,,973,128,,,0
2029,'1497045',1508,,974,128,,,0
2029,'1497046',1308,,975,128,,,0
2029,'1497047',1338,,976,128,,,0
2029,'1497048',1638,,977,128,,,0
2029,'1497049',1038,,978,128,,,0
2029,'1497050',908,,979,128,,,0
2029,'1497051',1708,,980,128,,,0
2029,'1497052',1538,,981,128,,,0
2029,'1497053',1138,,982,128,,,0
2029,'1497054',808,,983,128,,,0
2029,'1497055',1408,,984,128,,,0
2029,'1497056',1738,,985,128,,,0
2029,'1497057',1608,,986,128,,,0
2029,'1497058',1438,,987,128,,,0
2029,'1497059',838,,988,128,,,0
2029,'1497060',1808,,989,128,,,0
2029,'1497061',1108,,990,128,,,0
2029,'1497062',938,,991,128,,,0
2029,'1497063',1238,,992,128,,,0
2029,'1497064',1208,,993,128,,,0
2029,'1497065',1838,,994,128,,,0
2029,'1497066',2108,,995,128,,,0
2029,'1497067',1008,,996,128,,,0
2029,'1497068',1508,,997,128,,,0
2029,'1497069',1308,,998,128,,,0
2029,'1497070',1908,,999,128,,,0
2029,'1497071',1338,,1000,128,,,0
2029,'1497072',1638,,1001,128,,,0
2029,'1497073',1038,,1002,128,,,0
2029,'1497074',2308,,1003,128,,,0
2029,'1497075',908,,1004,128,,,0
2029,'1497076',1708,,1005,128,,,0
2029,'1497077',1538,,1006,128,,,0
2029,'1497078',2358,,1007,128,,,0
2029,'1497079',1138,,1008,128,,,0
2029,'1497080',808,,1009,128,,,0
2029,'1497081',1408,,1010,128,,,0
2029,'1497082',2008,,1011,128,,,0
2029,'1497083',1738,,1012,128,,,0
2029,'1497084',1608,,1013,128,,,0
2029,'1497085',1438,,1014,128,,,0
2029,'1497086',838,,1015,128,,,0
2029,'1497087',1808,,1016,128,,,0
2029,'1497088',1108,,1017,128,,,0
2029,'1497089',938,,1018,128,,,0
2029,'1497090',2208,,1019,128,,,0
2029,'1497091',1238,,1020,128,,,0
2029,'1497092',1208,,1021,128,,,0
2029,'1497093',1838,,1022,128,,,0
2029,'1497094',1808,,1023,128,,,0
2029,'1497095',1208,,1024,128,,,0
2029,'1497096',2308,,1025,128,,,0
2029,'1497097',2358,,1026,128,,,0
2029,'1497098',1108,,1027,128,,,0
2029,'1497099',2108,,1028,128,,,0
2029,'1497100',1008,,1029,128,,,0
2029,'1497101',1608,,1030,128,,,0
2029,'1497102',2208,,1031,128,,,0
2029,'1497103',1908,,1032,128,,,0
2029,'1497104',1308,,1033,128,,,0
2029,'1497105',1508,,1034,128,,,0
2029,'1497106',908,,1035,128,,,0
2029,'1497107',1408,,1036,128,,,0
2029,'1497108',2008,,1037,128,,,0
2029,'1497109',1708,,1038,128,,,0
2029,'1497110',808,,1039,128,,,0
2029,'1497111',1808,,1040,128,,,0
2029,'1497112',1208,,1041,128,,,0
2029,'1497113',2308,,1042,128,,,0
2029,'1497114',2358,,1043,128,,,0
2029,'1497115',1108,,1044,128,,,0
2029,'1497116',2108,,1045,128,,,0
2029,'1497117',1008,,1046,128,,,0
2029,'1497118',1608,,1047,128,,,0
2029,'1497119',2208,,1048,128,,,0
2029,'1497120',1908,,1049,128,,,0
2029,'1497121',1308,,1050,128,,,0
2029,'1497122',1508,,1051,128,,,0
2029,'1497123',908,,1052,128,,,0
2029,'1497124',1408,,1053,128,,,0
2029,'1497125',2008,,1054,128,,,0
2029,'1497126',1708,,1055,128,,,0
3019,'1496126',816,,1057,4,0,5,0
3019,'1496127',1016,,1058,4,0,5,0
3019,'1496132',1046,,1063,4,0,5,0
3019,'1496135',1616,,1066,4,0,5,0
3019,'1496137',1416,,1068,4,0,5,0
3019,'1496139',1146,,1070,4,0,5,0
3019,'1496140',716,,1071,4,0,5,0
3019,'1496143',646,,1074,4,0,5,0
3019,'1496145',1716,,1076,4,0,5,0
3019,'1496147',1246,,1078,4,0,5,0
3019,'1496148',946,,1079,4,0,5,0
3019,'1496149',1216,,1080,4,0,5,0
3019,'1496150',1316,,1081,4,0,5,0
3019,'1496152',746,,1083,4,0,5,0
3019,'1496156',916,,1087,4,0,5,0
3019,'1496157',1546,,1088,4,0,5,0
3019,'1496158',1346,,1089,4,0,5,0
3019,'1496160',1646,,1091,4,0,5,0
3019,'1496161',1116,,1092,4,0,5,0
3019,'1496162',1446,,1093,4,0,5,0
3019,'1496166',1516,,1097,4,0,5,0
3019,'1496169',846,,1100,4,0,5,0
3019,'1496375',816,,1106,4,0,5,0
3019,'1496376',1016,,1107,4,0,5,0
3019,'1496379',2046,,1110,4,0,5,0
3019,'1496383',2146,,1114,4,0,5,0
3019,'1496384',1046,,1115,4,0,5,0
3019,'1496387',1616,,1118,4,0,5,0
3019,'1496389',2246,,1120,4,0,5,0
3019,'1496390',1416,,1121,4,0,5,0
3019,'1496391',1846,,1122,4,0,5,0
3019,'1496393',1146,,1124,4,0,5,0
3019,'1496394',716,,1125,4,0,5,0
3019,'1496397',1946,,1128,4,0,5,0
3019,'1496399',646,,1130,4,0,5,0
3019,'1496401',1716,,1132,4,0,5,0
3019,'1496403',1246,,1134,4,0,5,0
3019,'1496405',1746,,1136,4,0,5,0
3019,'1496406',946,,1137,4,0,5,0
3019,'1496407',1216,,1138,4,0,5,0
3019,'1496408',1316,,1139,4,0,5,0
3019,'1496410',746,,1141,4,0,5,0
3019,'1496414',916,,1145,4,0,5,0
3019,'1496415',1546,,1146,4,0,5,0
3019,'1496416',1346,,1147,4,0,5,0
3019,'1496418',1646,,1149,4,0,5,0
3019,'1496419',1116,,1150,4,0,5,0
3019,'1496420',1446,,1151,4,0,5,0
3019,'1496424',1516,,1155,4,0,5,0
3019,'1496428',846,,1159,4,0,5,0
3019,'1496454',1646,,1167,4,0,5,0
3019,'1496456',2146,,1169,4,0,5,0
3019,'1496461',1846,,1174,4,0,5,0
3019,'1496462',1346,,1175,4,0,5,0
3019,'1496464',1946,,1177,4,0,5,0
3019,'1496466',2246,,1179,4,0,5,0
3019,'1496470',1746,,1183,4,0,5,0
3019,'1496471',646,,1184,4,0,5,0
3019,'1496472',846,,1185,4,0,5,0
3019,'1496476',946,,1189,4,0,5,0
3019,'1496477',1246,,1190,4,0,5,0
3019,'1496478',1546,,1191,4,0,5,0
3019,'1496480',1046,,1193,4,0,5,0
3019,'1496481',1446,,1194,4,0,5,0
3019,'1496482',2046,,1195,4,0,5,0
3019,'1496483',746,,1196,4,0,5,0
3019,'1496485',1146,,1198,4,0,5,0
3019,'1496628',1646,,1204,4,0,5,0
3019,'1496630',2146,,1206,4,0,5,0
3019,'1496634',1846,,1210,4,0,5,0
3019,'1496635',1346,,1211,4,0,5,0
3019,'1496637',1946,,1213,4,0,5,0
3019,'1496639',2246,,1215,4,0,5,0
3019,'1496643',1746,,1219,4,0,5,0
3019,'1496644',846,,1220,4,0,5,0
3019,'1496648',946,,1224,4,0,5,0
3019,'1496649',1246,,1225,4,0,5,0
3019,'1496650',1546,,1226,4,0,5,0
3019,'1496652',1046,,1228,4,0,5,0
3019,'1496653',1446,,1229,4,0,5,0
3019,'1496654',2046,,1230,4,0,5,0
3019,'1496655',746,,1231,4,0,5,0
3019,'1496657',1146,,1233,4,0,5,0
