3019,'1488507',935,,436,129,0,5,0
3019,'1488508',1135,,437,129,0,5,0
3019,'1488511',2205,,438,129,0,5,0
3019,'1488515',2305,,439,129,0,5,0
3019,'1488516',1205,,440,129,0,5,0
3019,'1488519',1735,,441,129,0,5,0
3019,'1488521',2355,,442,129,0,5,0
3019,'1488522',1535,,443,129,0,5,0
3019,'1488523',2005,,444,129,0,5,0
3019,'1488525',1305,,445,129,0,5,0
3019,'1488526',835,,446,129,0,5,0
3019,'1488529',2105,,447,129,0,5,0
3019,'1488531',805,,448,129,0,5,0
3019,'1488533',1835,,449,129,0,5,0
3019,'1488535',1405,,450,129,0,5,0
3019,'1488537',1905,,451,129,0,5,0
3019,'1488538',1105,,452,129,0,5,0
3019,'1488539',1335,,453,129,0,5,0
3019,'1488540',1435,,454,129,0,5,0
3019,'1488542',905,,455,129,0,5,0
3019,'1488546',1035,,456,129,0,5,0
3019,'1488547',1705,,457,129,0,5,0
3019,'1488548',1505,,458,129,0,5,0
3019,'1488550',1805,,459,129,0,5,0
3019,'1488551',1235,,460,129,0,5,0
3019,'1488552',1605,,461,129,0,5,0
3019,'1488553',635,,462,49,0,5,0
3019,'1488556',1635,,463,129,0,5,0
3019,'1488560',1005,,464,129,0,5,0
3019,'1488565',705,,465,96,0,5,0
3019,'1496990',1805,,648,126,0,5,0
3019,'1496992',2305,,650,126,0,5,0
3019,'1496997',2005,,655,126,0,5,0
3019,'1496998',1505,,656,126,0,5,0
3019,'1497000',2105,,658,126,0,5,0
3019,'1497002',2355,,660,126,0,5,0
3019,'1497006',1905,,664,126,0,5,0
3019,'1497007',805,,665,126,0,5,0
3019,'1497008',1005,,666,126,0,5,0
3019,'1497012',1105,,670,126,0,5,0
3019,'1497013',1405,,671,126,0,5,0
3019,'1497014',1705,,672,126,0,5,0
3019,'1497016',1205,,674,126,0,5,0
3019,'1497017',1605,,675,126,0,5,0
3019,'1497018',2205,,676,126,0,5,0
3019,'1497019',905,,677,126,0,5,0
3019,'1497021',1305,,679,126,0,5,0
3019,'1497025',635,,683,48,0,5,0
