4019,'1491929',641,,525,19,,,0
4019,'1491930',2324,,526,19,,,0
4019,'1491931',1041,,527,19,,,0
4019,'1491932',841,,528,19,,,0
4019,'1491933',2026,,529,19,,,0
4019,'1491934',1641,,530,19,,,0
4019,'1491935',1841,,531,19,,,0
4019,'1491936',2126,,532,19,,,0
4019,'1491937',941,,533,19,,,0
4019,'1491938',1141,,534,19,,,0
4019,'1491939',1926,,535,19,,,0
4019,'1491940',741,,536,19,,,0
4019,'1491941',1541,,537,19,,,0
4019,'1491942',1741,,538,19,,,0
4019,'1491943',1341,,539,19,,,0
4019,'1491944',1441,,540,19,,,0
4019,'1491945',2226,,541,19,,,0
4019,'1491946',1241,,542,19,,,0
4019,'1497026',826,,684,19,,,0
4019,'1497027',726,,685,19,,,0
4019,'1497028',1626,,686,19,,,0
4019,'1497029',2226,,687,19,,,0
4019,'1497030',1726,,688,19,,,0
4019,'1497031',1426,,689,19,,,0
4019,'1497032',2126,,690,19,,,0
4019,'1497033',1026,,691,19,,,0
4019,'1497034',1926,,692,19,,,0
4019,'1497035',1526,,693,19,,,0
4019,'1497036',926,,694,19,,,0
4019,'1497037',1826,,695,19,,,0
4019,'1497038',1326,,696,19,,,0
4019,'1497039',626,,697,19,,,0
4019,'1497040',2026,,698,19,,,0
4019,'1497041',1126,,699,19,,,0
4019,'1497042',1226,,700,19,,,0
4019,'1497043',2324,,701,19,,,0
