3019,'1491899',1609,,370,70,,,0
3019,'1491900',1739,,371,70,,,0
3019,'1491901',2054,,372,70,,,0
3019,'1491902',909,,373,70,,,0
3019,'1491903',739,,374,70,,,0
3019,'1491904',1639,,375,70,,,0
3019,'1491905',1209,,376,70,,,0
3019,'1491906',1139,,377,70,,,0
3019,'1491907',809,,378,70,,,0
3019,'1491908',939,,379,70,,,0
3019,'1491909',2254,,380,70,,,0
3019,'1491910',1409,,381,70,,,0
3019,'1491911',1339,,382,70,,,0
3019,'1491912',1509,,383,70,,,0
3019,'1491913',1309,,384,70,,,0
3019,'1491914',2154,,385,70,,,0
3019,'1491915',839,,386,70,,,0
3019,'1491916',1809,,387,70,,,0
3019,'1491917',1439,,388,70,,,0
3019,'1491918',1039,,389,70,,,0
3019,'1491919',1109,,390,70,,,0
3019,'1491920',1239,,391,70,,,0
3019,'1491921',1709,,392,70,,,0
3019,'1491922',1009,,393,70,,,0
3019,'1491923',1539,,394,70,,,0
3019,'1491924',1854,,395,70,,,0
3019,'1491925',2348,,396,70,,,0
3019,'1491927',609,,398,13,,,0
3019,'1491928',1954,,399,70,,,0
3019,'1492021',709,,400,70,,,0
3019,'1496989',754,,647,69,,,0
3019,'1496991',1454,,649,69,,,0
3019,'1496993',854,,651,69,,,0
3019,'1496994',1154,,652,69,,,0
3019,'1496995',2254,,653,69,,,0
3019,'1496996',1854,,654,69,,,0
3019,'1496999',1354,,657,69,,,0
3019,'1497001',1954,,659,69,,,0
3019,'1497003',1654,,661,69,,,0
3019,'1497004',954,,662,69,,,0
3019,'1497005',1254,,663,69,,,0
3019,'1497009',2154,,667,69,,,0
3019,'1497010',1754,,668,69,,,0
3019,'1497011',1054,,669,69,,,0
3019,'1497015',1554,,673,69,,,0
3019,'1497020',2054,,678,69,,,0
3019,'1497022',624,,680,13,,,0
3019,'1497023',2348,,681,69,,,0
3019,'1497024',654,,682,69,,,0
