3019,'1491899',1619,,370,85,,,0
3019,'1491900',1749,,371,85,,,0
3019,'1491901',2104,,372,85,,,0
3019,'1491902',919,,373,85,,,0
3019,'1491903',749,,374,85,,,0
3019,'1491904',1649,,375,85,,,0
3019,'1491905',1219,,376,85,,,0
3019,'1491906',1149,,377,85,,,0
3019,'1491907',819,,378,85,,,0
3019,'1491908',949,,379,85,,,0
3019,'1491909',2304,,380,85,,,0
3019,'1491910',1419,,381,85,,,0
3019,'1491911',1349,,382,85,,,0
3019,'1491912',1519,,383,85,,,0
3019,'1491913',1319,,384,85,,,0
3019,'1491914',2204,,385,85,,,0
3019,'1491915',849,,386,85,,,0
3019,'1491916',1819,,387,85,,,0
3019,'1491917',1449,,388,85,,,0
3019,'1491918',1049,,389,85,,,0
3019,'1491919',1119,,390,85,,,0
3019,'1491920',1249,,391,85,,,0
3019,'1491921',1719,,392,85,,,0
3019,'1491922',1019,,393,85,,,0
3019,'1491923',1549,,394,85,,,0
3019,'1491924',1904,,395,85,,,0
3019,'1491927',619,,398,28,,,0
3019,'1491928',2004,,399,85,,,0
3019,'1492021',719,,400,85,,,0
3019,'1496989',804,,647,84,,,0
3019,'1496991',1504,,649,84,,,0
3019,'1496993',904,,651,84,,,0
3019,'1496994',1204,,652,84,,,0
3019,'1496995',2304,,653,84,,,0
3019,'1496996',1904,,654,84,,,0
3019,'1496999',1404,,657,84,,,0
3019,'1497001',2004,,659,84,,,0
3019,'1497003',1704,,661,84,,,0
3019,'1497004',1004,,662,84,,,0
3019,'1497005',1304,,663,84,,,0
3019,'1497009',2204,,667,84,,,0
3019,'1497010',1804,,668,84,,,0
3019,'1497011',1104,,669,84,,,0
3019,'1497015',1604,,673,84,,,0
3019,'1497020',2104,,678,84,,,0
3019,'1497022',634,,680,28,,,0
3019,'1497024',704,,682,84,,,0
