2019,'1492023',2316,,191,89,,,0
2019,'1492024',1301,,192,89,,,0
2019,'1492025',1431,,193,89,,,0
2019,'1492027',2216,,194,89,,,0
2019,'1492028',1916,,195,89,,,0
2019,'1492032',1401,,196,89,,,0
2019,'1492034',1531,,197,89,,,0
2019,'1492036',1031,,198,89,,,0
2019,'1492037',1601,,199,89,,,0
2019,'1492038',1001,,200,89,,,0
2019,'1492040',1201,,201,89,,,0
2019,'1492042',931,,202,89,,,0
2019,'1492043',901,,203,89,,,0
2019,'1492045',1101,,204,89,,,0
2019,'1492048',1631,,205,89,,,0
2019,'1492053',2116,,206,89,,,0
2019,'1492055',801,,207,89,,,0
2019,'1492057',1801,,208,89,,,0
2019,'1492062',1501,,210,89,,,0
2019,'1492064',1131,,211,89,,,0
2019,'1492066',1231,,212,89,,,0
2019,'1492067',1701,,213,89,,,0
2019,'1492068',1831,,214,89,,,0
2019,'1492069',1731,,215,89,,,0
2019,'1492074',831,,216,89,,,0
2019,'1492075',1331,,217,89,,,0
2019,'1492077',731,,218,89,,,0
2019,'1492078',601,,219,4,,,0
2019,'1492079',631,,220,67,,,0
2019,'1492080',2016,,221,89,,,0
2019,'1496953',1816,,611,90,,,0
2019,'1496954',2216,,612,90,,,0
2019,'1496955',1416,,613,90,,,0
2019,'1496957',1216,,614,90,,,0
2019,'1496958',1516,,615,90,,,0
2019,'1496961',2116,,616,90,,,0
2019,'1496962',816,,617,90,,,0
2019,'1496968',1316,,618,90,,,0
2019,'1496970',2316,,619,90,,,0
2019,'1496973',1616,,620,90,,,0
2019,'1496974',1916,,621,90,,,0
2019,'1496975',1116,,622,90,,,0
2019,'1496979',1016,,623,90,,,0
2019,'1496981',916,,624,90,,,0
2019,'1496983',1716,,625,90,,,0
2019,'1496984',2016,,626,90,,,0
2019,'1496986',716,,627,90,,,0
2019,'1496987',646,,628,58,,,0
