1019,'1491950',744,,37,51,,,0
1019,'1491952',844,,38,51,,,0
1019,'1491955',1614,,39,51,,,0
1019,'1491956',2159,,40,51,,,0
1019,'1491957',1714,,41,51,,,0
1019,'1491959',814,,42,51,,,0
1019,'1491960',1514,,43,51,,,0
1019,'1491961',1314,,44,51,,,0
1019,'1491962',1844,,45,51,,,0
1019,'1491967',1414,,46,51,,,0
1019,'1491968',1959,,47,51,,,0
1019,'1491969',2059,,48,51,,,0
1019,'1491975',1114,,49,51,,,0
1019,'1491977',1344,,50,51,,,0
1019,'1491980',914,,51,51,,,0
1019,'1491981',1214,,52,51,,,0
1019,'1491982',1014,,53,51,,,0
1019,'1491984',2350,,54,51,,,0
1019,'1491985',1814,,55,51,,,0
1019,'1491988',1044,,56,51,,,0
1019,'1491990',944,,57,51,,,0
1019,'1491992',2259,,58,51,,,0
1019,'1491994',1444,,59,51,,,0
1019,'1491995',1544,,60,51,,,0
1019,'1491997',714,,61,51,,,0
1019,'1491998',1244,,62,51,,,0
1019,'1491999',1144,,63,51,,,0
1019,'1492002',1744,,64,51,,,0
1019,'1492004',1644,,65,51,,,0
1019,'1492005',614,,66,21,,,0
1019,'1492007',1914,,67,51,,,0
1019,'1496918',1359,,576,52,,,0
1019,'1496921',1959,,577,52,,,0
1019,'1496922',759,,578,52,,,0
1019,'1496923',659,,579,52,,,0
1019,'1496924',2059,,580,52,,,0
1019,'1496928',1059,,581,52,,,0
1019,'1496930',1459,,582,52,,,0
1019,'1496933',1659,,583,52,,,0
1019,'1496935',1159,,584,52,,,0
1019,'1496938',2159,,585,52,,,0
1019,'1496940',1559,,586,52,,,0
1019,'1496941',1759,,587,52,,,0
1019,'1496945',959,,588,52,,,0
1019,'1496946',859,,589,52,,,0
1019,'1496949',1259,,590,52,,,0
1019,'1496950',1859,,591,52,,,0
1019,'1496951',2348,,592,52,,,0
1019,'1496952',2259,,593,52,,,0
2019,'1492023',2328,,191,106,,,0
2019,'1492024',1313,,192,106,,,0
2019,'1492025',1443,,193,106,,,0
2019,'1492027',2228,,194,106,,,0
2019,'1492028',1928,,195,106,,,0
2019,'1492032',1413,,196,106,,,0
2019,'1492034',1543,,197,106,,,0
2019,'1492036',1043,,198,106,,,0
2019,'1492037',1613,,199,106,,,0
2019,'1492038',1013,,200,106,,,0
2019,'1492040',1213,,201,106,,,0
2019,'1492042',943,,202,106,,,0
2019,'1492043',913,,203,106,,,0
2019,'1492045',1113,,204,106,,,0
2019,'1492048',1643,,205,106,,,0
2019,'1492053',2128,,206,106,,,0
2019,'1492055',813,,207,106,,,0
2019,'1492057',1813,,208,106,,,0
2019,'1492062',1513,,210,106,,,0
2019,'1492064',1143,,211,106,,,0
2019,'1492066',1243,,212,106,,,0
2019,'1492067',1713,,213,106,,,0
2019,'1492068',1843,,214,106,,,0
2019,'1492069',1743,,215,106,,,0
2019,'1492074',843,,216,106,,,0
2019,'1492075',1343,,217,106,,,0
2019,'1492077',743,,218,106,,,0
2019,'1492078',613,,219,21,,,0
2019,'1492079',643,,220,84,,,0
2019,'1492080',2028,,221,106,,,0
2019,'1496953',1828,,611,107,,,0
2019,'1496954',2228,,612,107,,,0
2019,'1496955',1428,,613,107,,,0
2019,'1496957',1228,,614,107,,,0
2019,'1496958',1528,,615,107,,,0
2019,'1496961',2128,,616,107,,,0
2019,'1496962',828,,617,107,,,0
2019,'1496968',1328,,618,107,,,0
2019,'1496970',2328,,619,107,,,0
2019,'1496973',1628,,620,107,,,0
2019,'1496974',1928,,621,107,,,0
2019,'1496975',1128,,622,107,,,0
2019,'1496979',1028,,623,107,,,0
2019,'1496981',928,,624,107,,,0
2019,'1496983',1728,,625,107,,,0
2019,'1496984',2028,,626,107,,,0
2019,'1496986',728,,627,107,,,0
2019,'1496987',658,,628,75,,,0
