2019,'1496174',1221,,878,31,,,0
2019,'1496175',1351,,879,31,,,0
2019,'1496179',1321,,880,31,,,0
2019,'1496181',1451,,881,31,,,0
2019,'1496183',951,,882,31,,,0
2019,'1496184',1521,,883,31,,,0
2019,'1496185',921,,884,31,,,0
2019,'1496187',1121,,885,31,,,0
2019,'1496188',851,,886,31,,,0
2019,'1496189',821,,887,31,,,0
2019,'1496191',1021,,888,31,,,0
2019,'1496194',1551,,889,31,,,0
2019,'1496198',721,,890,31,,,0
2019,'1496200',1721,,891,31,,,0
2019,'1496204',1421,,892,31,,,0
2019,'1496206',1051,,893,31,,,0
2019,'1496208',1151,,894,31,,,0
2019,'1496209',1621,,895,31,,,0
2019,'1496210',1751,,896,31,,,0
2019,'1496211',1651,,897,31,,,0
2019,'1496215',751,,898,31,,,0
2019,'1496216',1251,,899,31,,,0
2019,'1496218',651,,900,31,,,0
2019,'1496223',2236,,903,31,,,0
2019,'1496224',1221,,904,31,,,0
2019,'1496225',1351,,905,31,,,0
2019,'1496227',2136,,906,31,,,0
2019,'1496228',1836,,907,31,,,0
2019,'1496232',1321,,908,31,,,0
2019,'1496234',1451,,909,31,,,0
2019,'1496236',951,,910,31,,,0
2019,'1496237',1521,,911,31,,,0
2019,'1496238',921,,912,31,,,0
2019,'1496240',1121,,913,31,,,0
2019,'1496242',851,,914,31,,,0
2019,'1496243',821,,915,31,,,0
2019,'1496245',1021,,916,31,,,0
2019,'1496248',1551,,917,31,,,0
2019,'1496253',2036,,918,31,,,0
2019,'1496255',721,,919,31,,,0
2019,'1496257',1721,,920,31,,,0
2019,'1496258',2334,,921,31,,,0
2019,'1496262',1421,,922,31,,,0
2019,'1496264',1051,,923,31,,,0
2019,'1496266',1151,,924,31,,,0
2019,'1496267',1621,,925,31,,,0
2019,'1496268',1751,,926,31,,,0
2019,'1496269',1651,,927,31,,,0
2019,'1496274',751,,928,31,,,0
2019,'1496275',1251,,929,31,,,0
2019,'1496277',651,,930,31,,,0
2019,'1496279',551,,932,9,,,0
2019,'1496280',1936,,933,31,,,0
2019,'1496490',1736,,934,31,,,0
2019,'1496491',2136,,935,31,,,0
2019,'1496492',1336,,936,31,,,0
2019,'1496494',1136,,937,31,,,0
2019,'1496495',1436,,938,31,,,0
2019,'1496498',2036,,939,31,,,0
2019,'1496499',736,,940,31,,,0
2019,'1496505',1236,,941,31,,,0
2019,'1496507',2236,,942,31,,,0
2019,'1496510',1536,,943,31,,,0
2019,'1496511',1836,,944,31,,,0
2019,'1496512',1036,,945,31,,,0
2019,'1496516',936,,946,31,,,0
2019,'1496518',836,,947,31,,,0
2019,'1496520',1636,,948,31,,,0
2019,'1496521',1936,,949,31,,,0
2019,'1496523',636,,950,31,,,0
2019,'1496525',2334,,952,31,,,0
2019,'1496594',1736,,953,31,,,0
2019,'1496595',2136,,954,31,,,0
2019,'1496596',1336,,955,31,,,0
2019,'1496598',1136,,956,31,,,0
2019,'1496599',1436,,957,31,,,0
2019,'1496602',2036,,958,31,,,0
2019,'1496603',736,,959,31,,,0
2019,'1496609',1236,,960,31,,,0
2019,'1496613',1536,,961,31,,,0
2019,'1496614',1836,,962,31,,,0
2019,'1496615',1036,,963,31,,,0
2019,'1496619',936,,964,31,,,0
2019,'1496621',836,,965,31,,,0
2019,'1496623',1636,,966,31,,,0
2019,'1496624',1936,,967,31,,,0
2019,'1496626',2334,,969,31,,,0
