2019,'1496174',1300,,878,89,,,0
2019,'1496175',1430,,879,89,,,0
2019,'1496179',1400,,880,89,,,0
2019,'1496181',1530,,881,89,,,0
2019,'1496183',1030,,882,89,,,0
2019,'1496184',1600,,883,89,,,0
2019,'1496185',1000,,884,89,,,0
2019,'1496187',1200,,885,89,,,0
2019,'1496188',930,,886,89,,,0
2019,'1496189',900,,887,89,,,0
2019,'1496191',1100,,888,89,,,0
2019,'1496194',1630,,889,89,,,0
2019,'1496198',800,,890,89,,,0
2019,'1496200',1800,,891,89,,,0
2019,'1496204',1500,,892,89,,,0
2019,'1496206',1130,,893,89,,,0
2019,'1496208',1230,,894,89,,,0
2019,'1496209',1700,,895,89,,,0
2019,'1496210',1830,,896,89,,,0
2019,'1496211',1730,,897,89,,,0
2019,'1496215',830,,898,89,,,0
2019,'1496216',1330,,899,89,,,0
2019,'1496218',730,,900,89,,,0
2019,'1496219',601,,901,3,,,0
2019,'1496220',630,,902,57,,,0
2019,'1496223',2315,,903,89,,,0
2019,'1496224',1300,,904,89,,,0
2019,'1496225',1430,,905,89,,,0
2019,'1496227',2215,,906,89,,,0
2019,'1496228',1915,,907,89,,,0
2019,'1496232',1400,,908,89,,,0
2019,'1496234',1530,,909,89,,,0
2019,'1496236',1030,,910,89,,,0
2019,'1496237',1600,,911,89,,,0
2019,'1496238',1000,,912,89,,,0
2019,'1496240',1200,,913,89,,,0
2019,'1496242',930,,914,89,,,0
2019,'1496243',900,,915,89,,,0
2019,'1496245',1100,,916,89,,,0
2019,'1496248',1630,,917,89,,,0
2019,'1496253',2115,,918,89,,,0
2019,'1496255',800,,919,89,,,0
2019,'1496257',1800,,920,89,,,0
2019,'1496262',1500,,922,89,,,0
2019,'1496264',1130,,923,89,,,0
2019,'1496266',1230,,924,89,,,0
2019,'1496267',1700,,925,89,,,0
2019,'1496268',1830,,926,89,,,0
2019,'1496269',1730,,927,89,,,0
2019,'1496274',830,,928,89,,,0
2019,'1496275',1330,,929,89,,,0
2019,'1496277',730,,930,89,,,0
2019,'1496278',601,,931,3,,,0
2019,'1496279',630,,932,67,,,0
2019,'1496280',2015,,933,89,,,0
2019,'1496490',1815,,934,89,,,0
2019,'1496491',2215,,935,89,,,0
2019,'1496492',1415,,936,89,,,0
2019,'1496494',1215,,937,89,,,0
2019,'1496495',1515,,938,89,,,0
2019,'1496498',2115,,939,89,,,0
2019,'1496499',815,,940,89,,,0
2019,'1496505',1315,,941,89,,,0
2019,'1496507',2315,,942,89,,,0
2019,'1496510',1615,,943,89,,,0
2019,'1496511',1915,,944,89,,,0
2019,'1496512',1115,,945,89,,,0
2019,'1496516',1015,,946,89,,,0
2019,'1496518',915,,947,89,,,0
2019,'1496520',1715,,948,89,,,0
2019,'1496521',2015,,949,89,,,0
2019,'1496523',715,,950,89,,,0
2019,'1496524',645,,951,57,,,0
2019,'1496594',1815,,953,89,,,0
2019,'1496595',2215,,954,89,,,0
2019,'1496596',1415,,955,89,,,0
2019,'1496598',1215,,956,89,,,0
2019,'1496599',1515,,957,89,,,0
2019,'1496602',2115,,958,89,,,0
2019,'1496603',815,,959,89,,,0
2019,'1496609',1315,,960,89,,,0
2019,'1496613',1615,,961,89,,,0
2019,'1496614',1915,,962,89,,,0
2019,'1496615',1115,,963,89,,,0
2019,'1496619',1015,,964,89,,,0
2019,'1496621',915,,965,89,,,0
2019,'1496623',1715,,966,89,,,0
2019,'1496624',2015,,967,89,,,0
2019,'1496625',745,,968,57,,,0
