1029,'1491948',1425,,124,17,,,0
1029,'1491949',1525,,125,17,,,0
1029,'1491951',1625,,126,17,,,0
1029,'1491953',725,,127,17,,,0
1029,'1491954',2055,,128,17,,,0
1029,'1491958',1025,,129,17,,,0
1029,'1491963',1955,,130,17,,,0
1029,'1491964',855,,131,17,,,0
1029,'1491965',1655,,132,17,,,0
1029,'1491966',1555,,133,17,,,0
1029,'1491970',1755,,134,17,,,0
1029,'1491971',1155,,135,17,,,0
1029,'1491972',1225,,136,17,,,0
1029,'1491973',1355,,137,17,,,0
1029,'1491974',955,,138,17,,,0
1029,'1491976',655,,139,17,,,0
1029,'1491978',1825,,140,17,,,0
1029,'1491979',1725,,141,17,,,0
1029,'1491983',1325,,142,17,,,0
1029,'1491986',925,,143,17,,,0
1029,'1491987',2155,,144,17,,,0
1029,'1491989',1125,,145,17,,,0
1029,'1491991',2255,,146,17,,,0
1029,'1491993',825,,147,17,,,0
1029,'1491996',755,,148,17,,,0
1029,'1492000',1455,,149,17,,,0
1029,'1492001',1255,,150,17,,,0
1029,'1492003',1055,,151,17,,,0
1029,'1492008',1855,,153,17,,,0
1029,'1496919',1854,,594,17,,,0
1029,'1496920',2054,,595,17,,,0
1029,'1496925',1754,,596,17,,,0
1029,'1496926',2154,,597,17,,,0
1029,'1496927',1254,,598,17,,,0
1029,'1496929',1054,,599,17,,,0
1029,'1496931',954,,600,17,,,0
1029,'1496932',1954,,601,17,,,0
1029,'1496934',654,,602,17,,,0
1029,'1496936',2254,,603,17,,,0
1029,'1496937',1454,,604,17,,,0
1029,'1496939',1554,,605,17,,,0
1029,'1496942',754,,606,17,,,0
1029,'1496943',1154,,607,17,,,0
1029,'1496944',854,,608,17,,,0
1029,'1496947',1654,,609,17,,,0
1029,'1496948',1354,,610,17,,,0
2029,'1492022',1954,,280,17,,,0
2029,'1492026',854,,281,17,,,0
2029,'1492029',1354,,282,17,,,0
2029,'1492030',1154,,283,17,,,0
2029,'1492031',1754,,284,17,,,0
2029,'1492033',1224,,285,17,,,0
2029,'1492035',1524,,286,17,,,0
2029,'1492039',924,,287,17,,,0
2029,'1492041',2154,,288,17,,,0
2029,'1492044',754,,289,17,,,0
2029,'1492046',1554,,290,17,,,0
2029,'1492047',1424,,291,17,,,0
2029,'1492049',2253,,292,17,,,0
2029,'1492050',1024,,293,17,,,0
2029,'1492051',654,,294,17,,,0
2029,'1492052',1254,,295,17,,,0
2029,'1492054',1854,,296,17,,,0
2029,'1492056',1624,,297,17,,,0
2029,'1492059',1454,,298,17,,,0
2029,'1492060',1324,,299,17,,,0
2029,'1492061',724,,300,17,,,0
2029,'1492063',1654,,301,17,,,0
2029,'1492065',954,,302,17,,,0
2029,'1492070',824,,303,17,,,0
2029,'1492071',2054,,304,17,,,0
2029,'1492072',1124,,305,17,,,0
2029,'1492073',1054,,306,17,,,0
2029,'1492076',1724,,307,17,,,0
