1029,'1491948',1419,,124,5,,,0
1029,'1491949',1519,,125,5,,,0
1029,'1491951',1619,,126,5,,,0
1029,'1491953',719,,127,5,,,0
1029,'1491954',2049,,128,5,,,0
1029,'1491958',1019,,129,5,,,0
1029,'1491963',1949,,130,5,,,0
1029,'1491964',849,,131,5,,,0
1029,'1491965',1649,,132,5,,,0
1029,'1491966',1549,,133,5,,,0
1029,'1491970',1749,,134,5,,,0
1029,'1491971',1149,,135,5,,,0
1029,'1491972',1219,,136,5,,,0
1029,'1491973',1349,,137,5,,,0
1029,'1491974',949,,138,5,,,0
1029,'1491976',649,,139,5,,,0
1029,'1491978',1819,,140,5,,,0
1029,'1491979',1719,,141,5,,,0
1029,'1491983',1319,,142,5,,,0
1029,'1491986',919,,143,5,,,0
1029,'1491987',2149,,144,5,,,0
1029,'1491989',1119,,145,5,,,0
1029,'1491991',2249,,146,5,,,0
1029,'1491993',819,,147,5,,,0
1029,'1491996',749,,148,5,,,0
1029,'1492000',1449,,149,5,,,0
1029,'1492001',1249,,150,5,,,0
1029,'1492003',1049,,151,5,,,0
1029,'1492008',1849,,153,5,,,0
1029,'1496919',1849,,594,5,,,0
1029,'1496920',2049,,595,5,,,0
1029,'1496925',1749,,596,5,,,0
1029,'1496926',2149,,597,5,,,0
1029,'1496927',1249,,598,5,,,0
1029,'1496929',1049,,599,5,,,0
1029,'1496931',949,,600,5,,,0
1029,'1496932',1949,,601,5,,,0
1029,'1496934',649,,602,5,,,0
1029,'1496936',2249,,603,5,,,0
1029,'1496937',1449,,604,5,,,0
1029,'1496939',1549,,605,5,,,0
1029,'1496942',749,,606,5,,,0
1029,'1496943',1149,,607,5,,,0
1029,'1496944',849,,608,5,,,0
1029,'1496947',1649,,609,5,,,0
1029,'1496948',1349,,610,5,,,0
3019,'1488507',819,,436,9,0,5,0
3019,'1488508',1019,,437,9,0,5,0
3019,'1488511',2049,,438,9,0,5,0
3019,'1488515',2149,,439,9,0,5,0
3019,'1488516',1049,,440,9,0,5,0
3019,'1488519',1619,,441,9,0,5,0
3019,'1488521',2249,,442,9,0,5,0
3019,'1488522',1419,,443,9,0,5,0
3019,'1488523',1849,,444,9,0,5,0
3019,'1488525',1149,,445,9,0,5,0
3019,'1488526',719,,446,9,0,5,0
3019,'1488529',1949,,447,9,0,5,0
3019,'1488531',649,,448,9,0,5,0
3019,'1488533',1719,,449,9,0,5,0
3019,'1488535',1249,,450,9,0,5,0
3019,'1488537',1749,,451,9,0,5,0
3019,'1488538',949,,452,9,0,5,0
3019,'1488539',1219,,453,9,0,5,0
3019,'1488540',1319,,454,9,0,5,0
3019,'1488542',749,,455,9,0,5,0
3019,'1488546',919,,456,9,0,5,0
3019,'1488547',1549,,457,9,0,5,0
3019,'1488548',1349,,458,9,0,5,0
3019,'1488550',1649,,459,9,0,5,0
3019,'1488551',1119,,460,9,0,5,0
3019,'1488552',1449,,461,9,0,5,0
3019,'1488556',1519,,463,9,0,5,0
3019,'1488560',849,,464,9,0,5,0
3019,'1496990',1649,,648,9,0,5,0
3019,'1496992',2149,,650,9,0,5,0
3019,'1496997',1849,,655,9,0,5,0
3019,'1496998',1349,,656,9,0,5,0
3019,'1497000',1949,,658,9,0,5,0
3019,'1497002',2249,,660,9,0,5,0
3019,'1497006',1749,,664,9,0,5,0
3019,'1497007',649,,665,9,0,5,0
3019,'1497008',849,,666,9,0,5,0
3019,'1497012',949,,670,9,0,5,0
3019,'1497013',1249,,671,9,0,5,0
3019,'1497014',1549,,672,9,0,5,0
3019,'1497016',1049,,674,9,0,5,0
3019,'1497017',1449,,675,9,0,5,0
3019,'1497018',2049,,676,9,0,5,0
3019,'1497019',749,,677,9,0,5,0
3019,'1497021',1149,,679,9,0,5,0
