3019,'1496126',915,,1057,89,0,5,0
3019,'1496127',1115,,1058,89,0,5,0
3019,'1496132',1145,,1063,89,0,5,0
3019,'1496135',1715,,1066,89,0,5,0
3019,'1496137',1515,,1068,89,0,5,0
3019,'1496139',1245,,1070,89,0,5,0
3019,'1496140',815,,1071,89,0,5,0
3019,'1496143',745,,1074,89,0,5,0
3019,'1496145',1815,,1076,89,0,5,0
3019,'1496147',1345,,1078,89,0,5,0
3019,'1496148',1045,,1079,89,0,5,0
3019,'1496149',1315,,1080,89,0,5,0
3019,'1496150',1415,,1081,89,0,5,0
3019,'1496152',845,,1083,89,0,5,0
3019,'1496156',1015,,1087,89,0,5,0
3019,'1496157',1645,,1088,89,0,5,0
3019,'1496158',1445,,1089,89,0,5,0
3019,'1496160',1745,,1091,89,0,5,0
3019,'1496161',1215,,1092,89,0,5,0
3019,'1496162',1545,,1093,89,0,5,0
3019,'1496163',615,,1094,11,0,5,0
3019,'1496166',1615,,1097,89,0,5,0
3019,'1496169',945,,1100,89,0,5,0
3019,'1496172',645,,1103,58,0,5,0
3019,'1496375',915,,1106,89,0,5,0
3019,'1496376',1115,,1107,89,0,5,0
3019,'1496379',2145,,1110,89,0,5,0
3019,'1496383',2245,,1114,89,0,5,0
3019,'1496384',1145,,1115,89,0,5,0
3019,'1496387',1715,,1118,89,0,5,0
3019,'1496389',2337,,1120,89,0,5,0
3019,'1496390',1515,,1121,89,0,5,0
3019,'1496391',1945,,1122,89,0,5,0
3019,'1496393',1245,,1124,89,0,5,0
3019,'1496394',815,,1125,89,0,5,0
3019,'1496397',2045,,1128,89,0,5,0
3019,'1496399',745,,1130,89,0,5,0
3019,'1496401',1815,,1132,89,0,5,0
3019,'1496403',1345,,1134,89,0,5,0
3019,'1496405',1845,,1136,89,0,5,0
3019,'1496406',1045,,1137,89,0,5,0
3019,'1496407',1315,,1138,89,0,5,0
3019,'1496408',1415,,1139,89,0,5,0
3019,'1496410',845,,1141,89,0,5,0
3019,'1496414',1015,,1145,89,0,5,0
3019,'1496415',1645,,1146,89,0,5,0
3019,'1496416',1445,,1147,89,0,5,0
3019,'1496418',1745,,1149,89,0,5,0
3019,'1496419',1215,,1150,89,0,5,0
3019,'1496420',1545,,1151,89,0,5,0
3019,'1496421',615,,1152,11,0,5,0
3019,'1496424',1615,,1155,89,0,5,0
3019,'1496428',945,,1159,89,0,5,0
3019,'1496433',645,,1164,58,0,5,0
3019,'1496454',1745,,1167,89,0,5,0
3019,'1496456',2245,,1169,89,0,5,0
3019,'1496461',1945,,1174,89,0,5,0
3019,'1496462',1445,,1175,89,0,5,0
3019,'1496464',2045,,1177,89,0,5,0
3019,'1496466',2337,,1179,89,0,5,0
3019,'1496470',1845,,1183,89,0,5,0
3019,'1496471',745,,1184,89,0,5,0
3019,'1496472',945,,1185,89,0,5,0
3019,'1496476',1045,,1189,89,0,5,0
3019,'1496477',1345,,1190,89,0,5,0
3019,'1496478',1645,,1191,89,0,5,0
3019,'1496480',1145,,1193,89,0,5,0
3019,'1496481',1545,,1194,89,0,5,0
3019,'1496482',2145,,1195,89,0,5,0
3019,'1496483',845,,1196,89,0,5,0
3019,'1496485',1245,,1198,89,0,5,0
3019,'1496489',619,,1202,11,0,5,0
3019,'1496628',1745,,1204,89,0,5,0
3019,'1496630',2245,,1206,89,0,5,0
3019,'1496634',1945,,1210,89,0,5,0
3019,'1496635',1445,,1211,89,0,5,0
3019,'1496637',2045,,1213,89,0,5,0
3019,'1496639',2337,,1215,89,0,5,0
3019,'1496643',1845,,1219,89,0,5,0
3019,'1496644',945,,1220,89,0,5,0
3019,'1496648',1045,,1224,89,0,5,0
3019,'1496649',1345,,1225,89,0,5,0
3019,'1496650',1645,,1226,89,0,5,0
3019,'1496652',1145,,1228,89,0,5,0
3019,'1496653',1545,,1229,89,0,5,0
3019,'1496654',2145,,1230,89,0,5,0
3019,'1496655',845,,1231,89,0,5,0
3019,'1496657',1245,,1233,89,0,5,0
3019,'1496660',715,,1236,11,0,5,0
