2019,'1492023',2321,,191,97,,,0
2019,'1492024',1306,,192,97,,,0
2019,'1492025',1436,,193,97,,,0
2019,'1492027',2221,,194,97,,,0
2019,'1492028',1921,,195,97,,,0
2019,'1492032',1406,,196,97,,,0
2019,'1492034',1536,,197,97,,,0
2019,'1492036',1036,,198,97,,,0
2019,'1492037',1606,,199,97,,,0
2019,'1492038',1006,,200,97,,,0
2019,'1492040',1206,,201,97,,,0
2019,'1492042',936,,202,97,,,0
2019,'1492043',906,,203,97,,,0
2019,'1492045',1106,,204,97,,,0
2019,'1492048',1636,,205,97,,,0
2019,'1492053',2121,,206,97,,,0
2019,'1492055',806,,207,97,,,0
2019,'1492057',1806,,208,97,,,0
2019,'1492062',1506,,210,97,,,0
2019,'1492064',1136,,211,97,,,0
2019,'1492066',1236,,212,97,,,0
2019,'1492067',1706,,213,97,,,0
2019,'1492068',1836,,214,97,,,0
2019,'1492069',1736,,215,97,,,0
2019,'1492074',836,,216,97,,,0
2019,'1492075',1336,,217,97,,,0
2019,'1492077',736,,218,97,,,0
2019,'1492078',606,,219,12,,,0
2019,'1492079',636,,220,75,,,0
2019,'1492080',2021,,221,97,,,0
2019,'1496953',1821,,611,98,,,0
2019,'1496954',2221,,612,98,,,0
2019,'1496955',1421,,613,98,,,0
2019,'1496957',1221,,614,98,,,0
2019,'1496958',1521,,615,98,,,0
2019,'1496961',2121,,616,98,,,0
2019,'1496962',821,,617,98,,,0
2019,'1496968',1321,,618,98,,,0
2019,'1496970',2321,,619,98,,,0
2019,'1496973',1621,,620,98,,,0
2019,'1496974',1921,,621,98,,,0
2019,'1496975',1121,,622,98,,,0
2019,'1496979',1021,,623,98,,,0
2019,'1496981',921,,624,98,,,0
2019,'1496983',1721,,625,98,,,0
2019,'1496984',2021,,626,98,,,0
2019,'1496986',721,,627,98,,,0
2019,'1496987',651,,628,66,,,0
