1029,'1491948',1441,,124,37,,,0
1029,'1491949',1541,,125,37,,,0
1029,'1491951',1641,,126,37,,,0
1029,'1491953',741,,127,37,,,0
1029,'1491954',2111,,128,37,,,0
1029,'1491958',1041,,129,37,,,0
1029,'1491963',2011,,130,37,,,0
1029,'1491964',911,,131,37,,,0
1029,'1491965',1711,,132,37,,,0
1029,'1491966',1611,,133,37,,,0
1029,'1491970',1811,,134,37,,,0
1029,'1491971',1211,,135,37,,,0
1029,'1491972',1241,,136,37,,,0
1029,'1491973',1411,,137,37,,,0
1029,'1491974',1011,,138,37,,,0
1029,'1491976',711,,139,37,,,0
1029,'1491978',1841,,140,37,,,0
1029,'1491979',1741,,141,37,,,0
1029,'1491983',1341,,142,37,,,0
1029,'1491986',941,,143,37,,,0
1029,'1491987',2211,,144,37,,,0
1029,'1491989',1141,,145,37,,,0
1029,'1491991',2311,,146,37,,,0
1029,'1491993',841,,147,37,,,0
1029,'1491996',811,,148,37,,,0
1029,'1492000',1511,,149,37,,,0
1029,'1492001',1311,,150,37,,,0
1029,'1492003',1111,,151,37,,,0
1029,'1492008',1911,,153,37,,,0
1029,'1496919',1909,,594,37,,,0
1029,'1496920',2109,,595,37,,,0
1029,'1496925',1809,,596,37,,,0
1029,'1496926',2209,,597,37,,,0
1029,'1496927',1309,,598,37,,,0
1029,'1496929',1109,,599,37,,,0
1029,'1496931',1009,,600,37,,,0
1029,'1496932',2009,,601,37,,,0
1029,'1496934',709,,602,37,,,0
1029,'1496936',2309,,603,37,,,0
1029,'1496937',1509,,604,37,,,0
1029,'1496939',1609,,605,37,,,0
1029,'1496942',809,,606,37,,,0
1029,'1496943',1209,,607,37,,,0
1029,'1496944',909,,608,37,,,0
1029,'1496947',1709,,609,37,,,0
1029,'1496948',1409,,610,37,,,0
