2019,'1492023',2311,,191,78,,,0
2019,'1492024',1256,,192,78,,,0
2019,'1492025',1426,,193,78,,,0
2019,'1492027',2211,,194,78,,,0
2019,'1492028',1911,,195,78,,,0
2019,'1492032',1356,,196,78,,,0
2019,'1492034',1526,,197,78,,,0
2019,'1492036',1026,,198,78,,,0
2019,'1492037',1556,,199,78,,,0
2019,'1492038',956,,200,78,,,0
2019,'1492040',1156,,201,78,,,0
2019,'1492042',926,,202,78,,,0
2019,'1492043',856,,203,78,,,0
2019,'1492045',1056,,204,78,,,0
2019,'1492048',1626,,205,78,,,0
2019,'1492053',2111,,206,78,,,0
2019,'1492055',756,,207,78,,,0
2019,'1492057',1756,,208,78,,,0
2019,'1492062',1456,,210,78,,,0
2019,'1492064',1126,,211,78,,,0
2019,'1492066',1226,,212,78,,,0
2019,'1492067',1656,,213,78,,,0
2019,'1492068',1826,,214,78,,,0
2019,'1492069',1726,,215,78,,,0
2019,'1492074',826,,216,78,,,0
2019,'1492075',1326,,217,78,,,0
2019,'1492077',726,,218,78,,,0
2019,'1492079',626,,220,56,,,0
2019,'1492080',2011,,221,78,,,0
2019,'1496953',1810,,611,79,,,0
2019,'1496954',2210,,612,79,,,0
2019,'1496955',1410,,613,79,,,0
2019,'1496957',1210,,614,79,,,0
2019,'1496958',1510,,615,79,,,0
2019,'1496961',2110,,616,79,,,0
2019,'1496962',810,,617,79,,,0
2019,'1496968',1310,,618,79,,,0
2019,'1496970',2310,,619,79,,,0
2019,'1496973',1610,,620,79,,,0
2019,'1496974',1910,,621,79,,,0
2019,'1496975',1110,,622,79,,,0
2019,'1496979',1010,,623,79,,,0
2019,'1496981',910,,624,79,,,0
2019,'1496983',1710,,625,79,,,0
2019,'1496984',2010,,626,79,,,0
2019,'1496986',710,,627,79,,,0
2019,'1496987',640,,628,47,,,0
