2029,'1492022',2008,,280,37,,,0
2029,'1492026',908,,281,37,,,0
2029,'1492029',1408,,282,37,,,0
2029,'1492030',1208,,283,37,,,0
2029,'1492031',1808,,284,37,,,0
2029,'1492033',1238,,285,37,,,0
2029,'1492035',1538,,286,37,,,0
2029,'1492039',938,,287,37,,,0
2029,'1492041',2208,,288,37,,,0
2029,'1492044',808,,289,37,,,0
2029,'1492046',1608,,290,37,,,0
2029,'1492047',1438,,291,37,,,0
2029,'1492049',2307,,292,37,,,0
2029,'1492050',1038,,293,37,,,0
2029,'1492051',708,,294,37,,,0
2029,'1492052',1308,,295,37,,,0
2029,'1492054',1908,,296,37,,,0
2029,'1492056',1638,,297,37,,,0
2029,'1492059',1508,,298,37,,,0
2029,'1492060',1338,,299,37,,,0
2029,'1492061',738,,300,37,,,0
2029,'1492063',1708,,301,37,,,0
2029,'1492065',1008,,302,37,,,0
2029,'1492070',838,,303,37,,,0
2029,'1492071',2108,,304,37,,,0
2029,'1492072',1138,,305,37,,,0
2029,'1492073',1108,,306,37,,,0
2029,'1492076',1738,,307,37,,,0
2029,'1492081',608,,308,1,,,0
2029,'1496956',1709,,630,38,,,0
2029,'1496959',1109,,631,38,,,0
2029,'1496960',2209,,632,38,,,0
2029,'1496963',2307,,633,38,,,0
2029,'1496964',1009,,634,38,,,0
2029,'1496965',2009,,635,38,,,0
2029,'1496966',909,,636,38,,,0
2029,'1496967',1509,,637,38,,,0
2029,'1496969',2109,,638,38,,,0
2029,'1496971',1809,,639,38,,,0
2029,'1496972',1209,,640,38,,,0
2029,'1496976',1409,,641,38,,,0
2029,'1496977',809,,642,38,,,0
2029,'1496978',1309,,643,38,,,0
2029,'1496980',1909,,644,38,,,0
2029,'1496982',1609,,645,38,,,0
2029,'1496985',709,,646,38,,,0
