1019,'1491950',712,,37,18,,,0,9,,37,24,,,0
1019,'1491952',812,,38,18,,,0,9,,38,24,,,0
1019,'1491955',1542,,39,18,,,0,9,,39,24,,,0
1019,'1491956',2127,,40,18,,,0,9,,40,24,,,0
1019,'1491957',1642,,41,18,,,0,9,,41,24,,,0
1019,'1491959',742,,42,18,,,0,9,,42,24,,,0
1019,'1491960',1442,,43,18,,,0,9,,43,24,,,0
1019,'1491961',1242,,44,18,,,0,9,,44,24,,,0
1019,'1491962',1812,,45,18,,,0,9,,45,24,,,0
1019,'1491967',1342,,46,18,,,0,9,,46,24,,,0
1019,'1491968',1927,,47,18,,,0,9,,47,24,,,0
1019,'1491969',2027,,48,18,,,0,9,,48,24,,,0
1019,'1491975',1042,,49,18,,,0,9,,49,24,,,0
1019,'1491977',1312,,50,18,,,0,9,,50,24,,,0
1019,'1491980',842,,51,18,,,0,9,,51,24,,,0
1019,'1491981',1142,,52,18,,,0,9,,52,24,,,0
1019,'1491982',942,,53,18,,,0,9,,53,24,,,0
1019,'1491984',2327,,54,18,,,0,8,,54,24,,,0
1019,'1491985',1742,,55,18,,,0,9,,55,24,,,0
1019,'1491988',1012,,56,18,,,0,9,,56,24,,,0
1019,'1491990',912,,57,18,,,0,9,,57,24,,,0
1019,'1491992',2227,,58,18,,,0,9,,58,24,,,0
1019,'1491994',1412,,59,18,,,0,9,,59,24,,,0
1019,'1491995',1512,,60,18,,,0,9,,60,24,,,0
1019,'1491997',642,,61,18,,,0,9,,61,24,,,0
1019,'1491998',1212,,62,18,,,0,9,,62,24,,,0
1019,'1491999',1112,,63,18,,,0,9,,63,24,,,0
1019,'1492002',1712,,64,18,,,0,9,,64,24,,,0
1019,'1492004',1612,,65,18,,,0,9,,65,24,,,0
1019,'1492007',1842,,67,18,,,0,9,,67,24,,,0
1019,'1496918',1327,,576,19,,,0,9,,576,25,,,0
1019,'1496921',1927,,577,19,,,0,9,,577,25,,,0
1019,'1496922',727,,578,19,,,0,9,,578,25,,,0
1019,'1496923',627,,579,19,,,0,9,,579,25,,,0
1019,'1496924',2027,,580,19,,,0,9,,580,25,,,0
1019,'1496928',1027,,581,19,,,0,9,,581,25,,,0
1019,'1496930',1427,,582,19,,,0,9,,582,25,,,0
1019,'1496933',1627,,583,19,,,0,9,,583,25,,,0
1019,'1496935',1127,,584,19,,,0,9,,584,25,,,0
1019,'1496938',2127,,585,19,,,0,9,,585,25,,,0
1019,'1496940',1527,,586,19,,,0,9,,586,25,,,0
1019,'1496941',1727,,587,19,,,0,9,,587,25,,,0
1019,'1496945',927,,588,19,,,0,9,,588,25,,,0
1019,'1496946',827,,589,19,,,0,9,,589,25,,,0
1019,'1496949',1227,,590,19,,,0,9,,590,25,,,0
1019,'1496950',1827,,591,19,,,0,9,,591,25,,,0
1019,'1496951',2327,,592,19,,,0,8,,592,25,,,0
1019,'1496952',2227,,593,19,,,0,9,,593,25,,,0
1029,'1491948',1450,,124,50,,,0
1029,'1491949',1550,,125,50,,,0
1029,'1491951',1650,,126,50,,,0
1029,'1491953',750,,127,50,,,0
1029,'1491954',2120,,128,50,,,0
1029,'1491958',1050,,129,50,,,0
1029,'1491963',2020,,130,50,,,0
1029,'1491964',920,,131,50,,,0
1029,'1491965',1720,,132,50,,,0
1029,'1491966',1620,,133,50,,,0
1029,'1491970',1820,,134,50,,,0
1029,'1491971',1220,,135,50,,,0
1029,'1491972',1250,,136,50,,,0
1029,'1491973',1420,,137,50,,,0
1029,'1491974',1020,,138,50,,,0
1029,'1491976',720,,139,50,,,0
1029,'1491978',1850,,140,50,,,0
1029,'1491979',1750,,141,50,,,0
1029,'1491983',1350,,142,50,,,0
1029,'1491986',950,,143,50,,,0
1029,'1491987',2220,,144,50,,,0
1029,'1491989',1150,,145,50,,,0
1029,'1491991',2320,,146,50,,,0
1029,'1491993',850,,147,50,,,0
1029,'1491996',820,,148,50,,,0
1029,'1492000',1520,,149,50,,,0
1029,'1492001',1320,,150,50,,,0
1029,'1492003',1120,,151,50,,,0
1029,'1492006',620,,152,5,,,0
1029,'1492008',1920,,153,50,,,0
1029,'1496919',1918,,594,50,,,0
1029,'1496920',2118,,595,50,,,0
1029,'1496925',1818,,596,50,,,0
1029,'1496926',2218,,597,50,,,0
1029,'1496927',1318,,598,50,,,0
1029,'1496929',1118,,599,50,,,0
1029,'1496931',1018,,600,50,,,0
1029,'1496932',2018,,601,50,,,0
1029,'1496934',718,,602,50,,,0
1029,'1496936',2318,,603,50,,,0
1029,'1496937',1518,,604,50,,,0
1029,'1496939',1618,,605,50,,,0
1029,'1496942',818,,606,50,,,0
1029,'1496943',1218,,607,50,,,0
1029,'1496944',918,,608,50,,,0
1029,'1496947',1718,,609,50,,,0
1029,'1496948',1418,,610,50,,,0
2019,'1492023',2254,,191,51,,,0
2019,'1492024',1239,,192,51,,,0
2019,'1492025',1409,,193,51,,,0
2019,'1492027',2154,,194,51,,,0
2019,'1492028',1854,,195,51,,,0
2019,'1492032',1339,,196,51,,,0
2019,'1492034',1509,,197,51,,,0
2019,'1492036',1009,,198,51,,,0
2019,'1492037',1539,,199,51,,,0
2019,'1492038',939,,200,51,,,0
2019,'1492040',1139,,201,51,,,0
2019,'1492042',909,,202,51,,,0
2019,'1492043',839,,203,51,,,0
2019,'1492045',1039,,204,51,,,0
2019,'1492048',1609,,205,51,,,0
2019,'1492053',2054,,206,51,,,0
2019,'1492055',739,,207,51,,,0
2019,'1492057',1739,,208,51,,,0
2019,'1492058',2350,,209,51,,,0
2019,'1492062',1439,,210,51,,,0
2019,'1492064',1109,,211,51,,,0
2019,'1492066',1209,,212,51,,,0
2019,'1492067',1639,,213,51,,,0
2019,'1492068',1809,,214,51,,,0
2019,'1492069',1709,,215,51,,,0
2019,'1492074',809,,216,51,,,0
2019,'1492075',1309,,217,51,,,0
2019,'1492077',709,,218,51,,,0
2019,'1492079',609,,220,29,,,0
2019,'1492080',1954,,221,51,,,0
2019,'1496953',1752,,611,52,,,0
2019,'1496954',2152,,612,52,,,0
2019,'1496955',1352,,613,52,,,0
2019,'1496957',1152,,614,52,,,0
2019,'1496958',1452,,615,52,,,0
2019,'1496961',2052,,616,52,,,0
2019,'1496962',752,,617,52,,,0
2019,'1496968',1252,,618,52,,,0
2019,'1496970',2252,,619,52,,,0
2019,'1496973',1552,,620,52,,,0
2019,'1496974',1852,,621,52,,,0
2019,'1496975',1052,,622,52,,,0
2019,'1496979',952,,623,52,,,0
2019,'1496981',852,,624,52,,,0
2019,'1496983',1652,,625,52,,,0
2019,'1496984',1952,,626,52,,,0
2019,'1496986',652,,627,52,,,0
2019,'1496987',622,,628,20,,,0
2019,'1496988',2350,,629,52,,,0
3019,'1488507',829,,436,24,0,5,0
3019,'1488508',1029,,437,24,0,5,0
3019,'1488511',2059,,438,24,0,5,0
3019,'1488515',2159,,439,24,0,5,0
3019,'1488516',1059,,440,24,0,5,0
3019,'1488519',1629,,441,24,0,5,0
3019,'1488521',2259,,442,24,0,5,0
3019,'1488522',1429,,443,24,0,5,0
3019,'1488523',1859,,444,24,0,5,0
3019,'1488525',1159,,445,24,0,5,0
3019,'1488526',729,,446,24,0,5,0
3019,'1488529',1959,,447,24,0,5,0
3019,'1488531',659,,448,24,0,5,0
3019,'1488533',1729,,449,24,0,5,0
3019,'1488535',1259,,450,24,0,5,0
3019,'1488537',1759,,451,24,0,5,0
3019,'1488538',959,,452,24,0,5,0
3019,'1488539',1229,,453,24,0,5,0
3019,'1488540',1329,,454,24,0,5,0
3019,'1488542',759,,455,24,0,5,0
3019,'1488546',929,,456,24,0,5,0
3019,'1488547',1559,,457,24,0,5,0
3019,'1488548',1359,,458,24,0,5,0
3019,'1488550',1659,,459,24,0,5,0
3019,'1488551',1129,,460,24,0,5,0
3019,'1488552',1459,,461,24,0,5,0
3019,'1488556',1529,,463,24,0,5,0
3019,'1488560',859,,464,24,0,5,0
3019,'1496990',1659,,648,23,0,5,0
3019,'1496992',2159,,650,23,0,5,0
3019,'1496997',1859,,655,23,0,5,0
3019,'1496998',1359,,656,23,0,5,0
3019,'1497000',1959,,658,23,0,5,0
3019,'1497002',2259,,660,23,0,5,0
3019,'1497006',1759,,664,23,0,5,0
3019,'1497007',659,,665,23,0,5,0
3019,'1497008',859,,666,23,0,5,0
3019,'1497012',959,,670,23,0,5,0
3019,'1497013',1259,,671,23,0,5,0
3019,'1497014',1559,,672,23,0,5,0
3019,'1497016',1059,,674,23,0,5,0
3019,'1497017',1459,,675,23,0,5,0
3019,'1497018',2059,,676,23,0,5,0
3019,'1497019',759,,677,23,0,5,0
3019,'1497021',1159,,679,23,0,5,0
