3019,'1496126',931,,1057,117,0,5,0
3019,'1496127',1131,,1058,117,0,5,0
3019,'1496132',1201,,1063,117,0,5,0
3019,'1496135',1731,,1066,117,0,5,0
3019,'1496137',1531,,1068,117,0,5,0
3019,'1496139',1301,,1070,117,0,5,0
3019,'1496140',831,,1071,117,0,5,0
3019,'1496143',801,,1074,117,0,5,0
3019,'1496145',1831,,1076,117,0,5,0
3019,'1496147',1401,,1078,117,0,5,0
3019,'1496148',1101,,1079,117,0,5,0
3019,'1496149',1331,,1080,117,0,5,0
3019,'1496150',1431,,1081,117,0,5,0
3019,'1496152',901,,1083,117,0,5,0
3019,'1496156',1031,,1087,117,0,5,0
3019,'1496157',1701,,1088,117,0,5,0
3019,'1496158',1501,,1089,117,0,5,0
3019,'1496160',1801,,1091,117,0,5,0
3019,'1496161',1231,,1092,117,0,5,0
3019,'1496162',1601,,1093,117,0,5,0
3019,'1496163',631,,1094,39,0,5,0
3019,'1496166',1631,,1097,117,0,5,0
3019,'1496169',1001,,1100,117,0,5,0
3019,'1496172',701,,1103,86,0,5,0
3019,'1496375',931,,1106,117,0,5,0
3019,'1496376',1131,,1107,117,0,5,0
3019,'1496379',2201,,1110,117,0,5,0
3019,'1496383',2301,,1114,117,0,5,0
3019,'1496384',1201,,1115,117,0,5,0
3019,'1496387',1731,,1118,117,0,5,0
3019,'1496389',2351,,1120,117,0,5,0
3019,'1496390',1531,,1121,117,0,5,0
3019,'1496391',2001,,1122,117,0,5,0
3019,'1496393',1301,,1124,117,0,5,0
3019,'1496394',831,,1125,117,0,5,0
3019,'1496397',2101,,1128,117,0,5,0
3019,'1496399',801,,1130,117,0,5,0
3019,'1496401',1831,,1132,117,0,5,0
3019,'1496403',1401,,1134,117,0,5,0
3019,'1496405',1901,,1136,117,0,5,0
3019,'1496406',1101,,1137,117,0,5,0
3019,'1496407',1331,,1138,117,0,5,0
3019,'1496408',1431,,1139,117,0,5,0
3019,'1496410',901,,1141,117,0,5,0
3019,'1496414',1031,,1145,117,0,5,0
3019,'1496415',1701,,1146,117,0,5,0
3019,'1496416',1501,,1147,117,0,5,0
3019,'1496418',1801,,1149,117,0,5,0
3019,'1496419',1231,,1150,117,0,5,0
3019,'1496420',1601,,1151,117,0,5,0
3019,'1496421',631,,1152,39,0,5,0
3019,'1496424',1631,,1155,117,0,5,0
3019,'1496428',1001,,1159,117,0,5,0
3019,'1496433',701,,1164,86,0,5,0
3019,'1496454',1801,,1167,117,0,5,0
3019,'1496456',2301,,1169,117,0,5,0
3019,'1496461',2001,,1174,117,0,5,0
3019,'1496462',1501,,1175,117,0,5,0
3019,'1496464',2101,,1177,117,0,5,0
3019,'1496466',2351,,1179,117,0,5,0
3019,'1496470',1901,,1183,117,0,5,0
3019,'1496471',801,,1184,117,0,5,0
3019,'1496472',1001,,1185,117,0,5,0
3019,'1496476',1101,,1189,117,0,5,0
3019,'1496477',1401,,1190,117,0,5,0
3019,'1496478',1701,,1191,117,0,5,0
3019,'1496480',1201,,1193,117,0,5,0
3019,'1496481',1601,,1194,117,0,5,0
3019,'1496482',2201,,1195,117,0,5,0
3019,'1496483',901,,1196,117,0,5,0
3019,'1496485',1301,,1198,117,0,5,0
3019,'1496489',631,,1202,39,0,5,0
3019,'1496628',1801,,1204,117,0,5,0
3019,'1496630',2301,,1206,117,0,5,0
3019,'1496634',2001,,1210,117,0,5,0
3019,'1496635',1501,,1211,117,0,5,0
3019,'1496637',2101,,1213,117,0,5,0
3019,'1496639',2351,,1215,117,0,5,0
3019,'1496643',1901,,1219,117,0,5,0
3019,'1496644',1001,,1220,117,0,5,0
3019,'1496648',1101,,1224,117,0,5,0
3019,'1496649',1401,,1225,117,0,5,0
3019,'1496650',1701,,1226,117,0,5,0
3019,'1496652',1201,,1228,117,0,5,0
3019,'1496653',1601,,1229,117,0,5,0
3019,'1496654',2201,,1230,117,0,5,0
3019,'1496655',901,,1231,117,0,5,0
3019,'1496657',1301,,1233,117,0,5,0
3019,'1496660',731,,1236,39,0,5,0
