2029,'1492022',2010,,280,41,,,0
2029,'1492026',910,,281,41,,,0
2029,'1492029',1410,,282,41,,,0
2029,'1492030',1210,,283,41,,,0
2029,'1492031',1810,,284,41,,,0
2029,'1492033',1240,,285,41,,,0
2029,'1492035',1540,,286,41,,,0
2029,'1492039',940,,287,41,,,0
2029,'1492041',2210,,288,41,,,0
2029,'1492044',810,,289,41,,,0
2029,'1492046',1610,,290,41,,,0
2029,'1492047',1440,,291,41,,,0
2029,'1492049',2308,,292,41,,,0
2029,'1492050',1040,,293,41,,,0
2029,'1492051',710,,294,41,,,0
2029,'1492052',1310,,295,41,,,0
2029,'1492054',1910,,296,41,,,0
2029,'1492056',1640,,297,41,,,0
2029,'1492059',1510,,298,41,,,0
2029,'1492060',1340,,299,41,,,0
2029,'1492061',740,,300,41,,,0
2029,'1492063',1710,,301,41,,,0
2029,'1492065',1010,,302,41,,,0
2029,'1492070',840,,303,41,,,0
2029,'1492071',2110,,304,41,,,0
2029,'1492072',1140,,305,41,,,0
2029,'1492073',1110,,306,41,,,0
2029,'1492076',1740,,307,41,,,0
2029,'1492081',610,,308,5,,,0
2029,'1496956',1711,,630,42,,,0
2029,'1496959',1111,,631,42,,,0
2029,'1496960',2211,,632,42,,,0
2029,'1496963',2308,,633,42,,,0
2029,'1496964',1011,,634,42,,,0
2029,'1496965',2011,,635,42,,,0
2029,'1496966',911,,636,42,,,0
2029,'1496967',1511,,637,42,,,0
2029,'1496969',2111,,638,42,,,0
2029,'1496971',1811,,639,42,,,0
2029,'1496972',1211,,640,42,,,0
2029,'1496976',1411,,641,42,,,0
2029,'1496977',811,,642,42,,,0
2029,'1496978',1311,,643,42,,,0
2029,'1496980',1911,,644,42,,,0
2029,'1496982',1611,,645,42,,,0
2029,'1496985',711,,646,42,,,0
