2019,'1496174',1202,,878,5,,,0
2019,'1496175',1332,,879,5,,,0
2019,'1496179',1302,,880,5,,,0
2019,'1496181',1432,,881,5,,,0
2019,'1496183',932,,882,5,,,0
2019,'1496184',1502,,883,5,,,0
2019,'1496185',902,,884,5,,,0
2019,'1496187',1102,,885,5,,,0
2019,'1496188',832,,886,5,,,0
2019,'1496189',802,,887,5,,,0
2019,'1496191',1002,,888,5,,,0
2019,'1496194',1532,,889,5,,,0
2019,'1496198',702,,890,5,,,0
2019,'1496200',1702,,891,5,,,0
2019,'1496204',1402,,892,5,,,0
2019,'1496206',1032,,893,5,,,0
2019,'1496208',1132,,894,5,,,0
2019,'1496209',1602,,895,5,,,0
2019,'1496210',1732,,896,5,,,0
2019,'1496211',1632,,897,5,,,0
2019,'1496215',732,,898,5,,,0
2019,'1496216',1232,,899,5,,,0
2019,'1496218',632,,900,5,,,0
2019,'1496223',2217,,903,5,,,0
2019,'1496224',1202,,904,5,,,0
2019,'1496225',1332,,905,5,,,0
2019,'1496227',2117,,906,5,,,0
2019,'1496228',1817,,907,5,,,0
2019,'1496232',1302,,908,5,,,0
2019,'1496234',1432,,909,5,,,0
2019,'1496236',932,,910,5,,,0
2019,'1496237',1502,,911,5,,,0
2019,'1496238',902,,912,5,,,0
2019,'1496240',1102,,913,5,,,0
2019,'1496242',832,,914,5,,,0
2019,'1496243',802,,915,5,,,0
2019,'1496245',1002,,916,5,,,0
2019,'1496248',1532,,917,5,,,0
2019,'1496253',2017,,918,5,,,0
2019,'1496255',702,,919,5,,,0
2019,'1496257',1702,,920,5,,,0
2019,'1496258',2317,,921,5,,,0
2019,'1496262',1402,,922,5,,,0
2019,'1496264',1032,,923,5,,,0
2019,'1496266',1132,,924,5,,,0
2019,'1496267',1602,,925,5,,,0
2019,'1496268',1732,,926,5,,,0
2019,'1496269',1632,,927,5,,,0
2019,'1496274',732,,928,5,,,0
2019,'1496275',1232,,929,5,,,0
2019,'1496277',632,,930,5,,,0
2019,'1496280',1917,,933,5,,,0
2019,'1496490',1717,,934,5,,,0
2019,'1496491',2117,,935,5,,,0
2019,'1496492',1317,,936,5,,,0
2019,'1496494',1117,,937,5,,,0
2019,'1496495',1417,,938,5,,,0
2019,'1496498',2017,,939,5,,,0
2019,'1496499',717,,940,5,,,0
2019,'1496505',1217,,941,5,,,0
2019,'1496507',2217,,942,5,,,0
2019,'1496510',1517,,943,5,,,0
2019,'1496511',1817,,944,5,,,0
2019,'1496512',1017,,945,5,,,0
2019,'1496516',917,,946,5,,,0
2019,'1496518',817,,947,5,,,0
2019,'1496520',1617,,948,5,,,0
2019,'1496521',1917,,949,5,,,0
2019,'1496523',617,,950,5,,,0
2019,'1496525',2317,,952,5,,,0
2019,'1496594',1717,,953,5,,,0
2019,'1496595',2117,,954,5,,,0
2019,'1496596',1317,,955,5,,,0
2019,'1496598',1117,,956,5,,,0
2019,'1496599',1417,,957,5,,,0
2019,'1496602',2017,,958,5,,,0
2019,'1496603',717,,959,5,,,0
2019,'1496609',1217,,960,5,,,0
2019,'1496613',1517,,961,5,,,0
2019,'1496614',1817,,962,5,,,0
2019,'1496615',1017,,963,5,,,0
2019,'1496619',917,,964,5,,,0
2019,'1496621',817,,965,5,,,0
2019,'1496623',1617,,966,5,,,0
2019,'1496624',1917,,967,5,,,0
2019,'1496626',2317,,969,5,,,0
