3019,'1491899',1603,,370,62,,,0
3019,'1491900',1733,,371,62,,,0
3019,'1491901',2048,,372,62,,,0
3019,'1491902',903,,373,62,,,0
3019,'1491903',733,,374,62,,,0
3019,'1491904',1633,,375,62,,,0
3019,'1491905',1203,,376,62,,,0
3019,'1491906',1133,,377,62,,,0
3019,'1491907',803,,378,62,,,0
3019,'1491908',933,,379,62,,,0
3019,'1491909',2248,,380,62,,,0
3019,'1491910',1403,,381,62,,,0
3019,'1491911',1333,,382,62,,,0
3019,'1491912',1503,,383,62,,,0
3019,'1491913',1303,,384,62,,,0
3019,'1491914',2148,,385,62,,,0
3019,'1491915',833,,386,62,,,0
3019,'1491916',1803,,387,62,,,0
3019,'1491917',1433,,388,62,,,0
3019,'1491918',1033,,389,62,,,0
3019,'1491919',1103,,390,62,,,0
3019,'1491920',1233,,391,62,,,0
3019,'1491921',1703,,392,62,,,0
3019,'1491922',1003,,393,62,,,0
3019,'1491923',1533,,394,62,,,0
3019,'1491924',1848,,395,62,,,0
3019,'1491925',2343,,396,62,,,0
3019,'1491927',603,,398,5,,,0
3019,'1491928',1948,,399,62,,,0
3019,'1492021',703,,400,62,,,0
3019,'1496989',748,,647,61,,,0
3019,'1496991',1448,,649,61,,,0
3019,'1496993',848,,651,61,,,0
3019,'1496994',1148,,652,61,,,0
3019,'1496995',2248,,653,61,,,0
3019,'1496996',1848,,654,61,,,0
3019,'1496999',1348,,657,61,,,0
3019,'1497001',1948,,659,61,,,0
3019,'1497003',1648,,661,61,,,0
3019,'1497004',948,,662,61,,,0
3019,'1497005',1248,,663,61,,,0
3019,'1497009',2148,,667,61,,,0
3019,'1497010',1748,,668,61,,,0
3019,'1497011',1048,,669,61,,,0
3019,'1497015',1548,,673,61,,,0
3019,'1497020',2048,,678,61,,,0
3019,'1497022',618,,680,5,,,0
3019,'1497023',2343,,681,61,,,0
3019,'1497024',648,,682,61,,,0
