2029,'1497044',856,,973,16,,,0
2029,'1497045',1356,,974,16,,,0
2029,'1497046',1156,,975,16,,,0
2029,'1497047',1226,,976,16,,,0
2029,'1497048',1526,,977,16,,,0
2029,'1497049',926,,978,16,,,0
2029,'1497050',756,,979,16,,,0
2029,'1497051',1556,,980,16,,,0
2029,'1497052',1426,,981,16,,,0
2029,'1497053',1026,,982,16,,,0
2029,'1497054',656,,983,16,,,0
2029,'1497055',1256,,984,16,,,0
2029,'1497056',1626,,985,16,,,0
2029,'1497057',1456,,986,16,,,0
2029,'1497058',1326,,987,16,,,0
2029,'1497059',726,,988,16,,,0
2029,'1497060',1656,,989,16,,,0
2029,'1497061',956,,990,16,,,0
2029,'1497062',826,,991,16,,,0
2029,'1497063',1126,,992,16,,,0
2029,'1497064',1056,,993,16,,,0
2029,'1497065',1726,,994,16,,,0
2029,'1497066',1956,,995,16,,,0
2029,'1497067',856,,996,16,,,0
2029,'1497068',1356,,997,16,,,0
2029,'1497069',1156,,998,16,,,0
2029,'1497070',1756,,999,16,,,0
2029,'1497071',1226,,1000,16,,,0
2029,'1497072',1526,,1001,16,,,0
2029,'1497073',926,,1002,16,,,0
2029,'1497074',2156,,1003,16,,,0
2029,'1497075',756,,1004,16,,,0
2029,'1497076',1556,,1005,16,,,0
2029,'1497077',1426,,1006,16,,,0
2029,'1497078',2253,,1007,16,,,0
2029,'1497079',1026,,1008,16,,,0
2029,'1497080',656,,1009,16,,,0
2029,'1497081',1256,,1010,16,,,0
2029,'1497082',1856,,1011,16,,,0
2029,'1497083',1626,,1012,16,,,0
2029,'1497084',1456,,1013,16,,,0
2029,'1497085',1326,,1014,16,,,0
2029,'1497086',726,,1015,16,,,0
2029,'1497087',1656,,1016,16,,,0
2029,'1497088',956,,1017,16,,,0
2029,'1497089',826,,1018,16,,,0
2029,'1497090',2056,,1019,16,,,0
2029,'1497091',1126,,1020,16,,,0
2029,'1497092',1056,,1021,16,,,0
2029,'1497093',1726,,1022,16,,,0
2029,'1497094',1656,,1023,16,,,0
2029,'1497095',1056,,1024,16,,,0
2029,'1497096',2156,,1025,16,,,0
2029,'1497097',2252,,1026,16,,,0
2029,'1497098',956,,1027,16,,,0
2029,'1497099',1956,,1028,16,,,0
2029,'1497100',856,,1029,16,,,0
2029,'1497101',1456,,1030,16,,,0
2029,'1497102',2056,,1031,16,,,0
2029,'1497103',1756,,1032,16,,,0
2029,'1497104',1156,,1033,16,,,0
2029,'1497105',1356,,1034,16,,,0
2029,'1497106',756,,1035,16,,,0
2029,'1497107',1256,,1036,16,,,0
2029,'1497108',1856,,1037,16,,,0
2029,'1497109',1556,,1038,16,,,0
2029,'1497110',656,,1039,16,,,0
2029,'1497111',1656,,1040,16,,,0
2029,'1497112',1056,,1041,16,,,0
2029,'1497113',2156,,1042,16,,,0
2029,'1497114',2252,,1043,16,,,0
2029,'1497115',956,,1044,16,,,0
2029,'1497116',1956,,1045,16,,,0
2029,'1497117',856,,1046,16,,,0
2029,'1497118',1456,,1047,16,,,0
2029,'1497119',2056,,1048,16,,,0
2029,'1497120',1756,,1049,16,,,0
2029,'1497121',1156,,1050,16,,,0
2029,'1497122',1356,,1051,16,,,0
2029,'1497123',756,,1052,16,,,0
2029,'1497124',1256,,1053,16,,,0
2029,'1497125',1856,,1054,16,,,0
2029,'1497126',1556,,1055,16,,,0
