3019,'1488507',855,,436,58,0,5,0
3019,'1488508',1055,,437,58,0,5,0
3019,'1488511',2125,,438,58,0,5,0
3019,'1488515',2225,,439,58,0,5,0
3019,'1488516',1125,,440,58,0,5,0
3019,'1488519',1655,,441,58,0,5,0
3019,'1488521',2320,,442,58,0,5,0
3019,'1488522',1455,,443,58,0,5,0
3019,'1488523',1925,,444,58,0,5,0
3019,'1488525',1225,,445,58,0,5,0
3019,'1488526',755,,446,58,0,5,0
3019,'1488529',2025,,447,58,0,5,0
3019,'1488531',725,,448,58,0,5,0
3019,'1488533',1755,,449,58,0,5,0
3019,'1488535',1325,,450,58,0,5,0
3019,'1488537',1825,,451,58,0,5,0
3019,'1488538',1025,,452,58,0,5,0
3019,'1488539',1255,,453,58,0,5,0
3019,'1488540',1355,,454,58,0,5,0
3019,'1488542',825,,455,58,0,5,0
3019,'1488546',955,,456,58,0,5,0
3019,'1488547',1625,,457,58,0,5,0
3019,'1488548',1425,,458,58,0,5,0
3019,'1488550',1725,,459,58,0,5,0
3019,'1488551',1155,,460,58,0,5,0
3019,'1488552',1525,,461,58,0,5,0
3019,'1488556',1555,,463,58,0,5,0
3019,'1488560',925,,464,58,0,5,0
3019,'1488565',625,,465,25,0,5,0
3019,'1496990',1725,,648,56,0,5,0
3019,'1496992',2225,,650,56,0,5,0
3019,'1496997',1925,,655,56,0,5,0
3019,'1496998',1425,,656,56,0,5,0
3019,'1497000',2025,,658,56,0,5,0
3019,'1497002',2321,,660,56,0,5,0
3019,'1497006',1825,,664,56,0,5,0
3019,'1497007',725,,665,56,0,5,0
3019,'1497008',925,,666,56,0,5,0
3019,'1497012',1025,,670,56,0,5,0
3019,'1497013',1325,,671,56,0,5,0
3019,'1497014',1625,,672,56,0,5,0
3019,'1497016',1125,,674,56,0,5,0
3019,'1497017',1525,,675,56,0,5,0
3019,'1497018',2125,,676,56,0,5,0
3019,'1497019',825,,677,56,0,5,0
3019,'1497021',1225,,679,56,0,5,0
