1019,'1491950',723,,37,26,,,0
1019,'1491952',823,,38,26,,,0
1019,'1491955',1553,,39,26,,,0
1019,'1491956',2138,,40,26,,,0
1019,'1491957',1653,,41,26,,,0
1019,'1491959',753,,42,26,,,0
1019,'1491960',1453,,43,26,,,0
1019,'1491961',1253,,44,26,,,0
1019,'1491962',1823,,45,26,,,0
1019,'1491967',1353,,46,26,,,0
1019,'1491968',1938,,47,26,,,0
1019,'1491969',2038,,48,26,,,0
1019,'1491975',1053,,49,26,,,0
1019,'1491977',1323,,50,26,,,0
1019,'1491980',853,,51,26,,,0
1019,'1491981',1153,,52,26,,,0
1019,'1491982',953,,53,26,,,0
1019,'1491984',2337,,54,26,,,0
1019,'1491985',1753,,55,26,,,0
1019,'1491988',1023,,56,26,,,0
1019,'1491990',923,,57,26,,,0
1019,'1491992',2238,,58,26,,,0
1019,'1491994',1423,,59,26,,,0
1019,'1491995',1523,,60,26,,,0
1019,'1491997',653,,61,26,,,0
1019,'1491998',1223,,62,26,,,0
1019,'1491999',1123,,63,26,,,0
1019,'1492002',1723,,64,26,,,0
1019,'1492004',1623,,65,26,,,0
1019,'1492007',1853,,67,26,,,0
1019,'1496918',1338,,576,27,,,0
1019,'1496921',1938,,577,27,,,0
1019,'1496922',738,,578,27,,,0
1019,'1496923',638,,579,27,,,0
1019,'1496924',2038,,580,27,,,0
1019,'1496928',1038,,581,27,,,0
1019,'1496930',1438,,582,27,,,0
1019,'1496933',1638,,583,27,,,0
1019,'1496935',1138,,584,27,,,0
1019,'1496938',2138,,585,27,,,0
1019,'1496940',1538,,586,27,,,0
1019,'1496941',1738,,587,27,,,0
1019,'1496945',938,,588,27,,,0
1019,'1496946',838,,589,27,,,0
1019,'1496949',1238,,590,27,,,0
1019,'1496950',1838,,591,27,,,0
1019,'1496951',2337,,592,27,,,0
1019,'1496952',2238,,593,27,,,0
4019,'1491929',643,,525,21,,,0
4019,'1491930',2326,,526,21,,,0
4019,'1491931',1043,,527,21,,,0
4019,'1491932',843,,528,21,,,0
4019,'1491933',2028,,529,21,,,0
4019,'1491934',1643,,530,21,,,0
4019,'1491935',1843,,531,21,,,0
4019,'1491936',2128,,532,21,,,0
4019,'1491937',943,,533,21,,,0
4019,'1491938',1143,,534,21,,,0
4019,'1491939',1928,,535,21,,,0
4019,'1491940',743,,536,21,,,0
4019,'1491941',1543,,537,21,,,0
4019,'1491942',1743,,538,21,,,0
4019,'1491943',1343,,539,21,,,0
4019,'1491944',1443,,540,21,,,0
4019,'1491945',2228,,541,21,,,0
4019,'1491946',1243,,542,21,,,0
4019,'1497026',828,,684,21,,,0
4019,'1497027',728,,685,21,,,0
4019,'1497028',1628,,686,21,,,0
4019,'1497029',2228,,687,21,,,0
4019,'1497030',1728,,688,21,,,0
4019,'1497031',1428,,689,21,,,0
4019,'1497032',2128,,690,21,,,0
4019,'1497033',1028,,691,21,,,0
4019,'1497034',1928,,692,21,,,0
4019,'1497035',1528,,693,21,,,0
4019,'1497036',928,,694,21,,,0
4019,'1497037',1828,,695,21,,,0
4019,'1497038',1328,,696,21,,,0
4019,'1497039',628,,697,21,,,0
4019,'1497040',2028,,698,21,,,0
4019,'1497041',1128,,699,21,,,0
4019,'1497042',1228,,700,21,,,0
4019,'1497043',2326,,701,21,,,0
