4019,'1491929',639,,525,15,,,0
4019,'1491930',2322,,526,15,,,0
4019,'1491931',1039,,527,15,,,0
4019,'1491932',839,,528,15,,,0
4019,'1491933',2024,,529,15,,,0
4019,'1491934',1639,,530,15,,,0
4019,'1491935',1839,,531,15,,,0
4019,'1491936',2124,,532,15,,,0
4019,'1491937',939,,533,15,,,0
4019,'1491938',1139,,534,15,,,0
4019,'1491939',1924,,535,15,,,0
4019,'1491940',739,,536,15,,,0
4019,'1491941',1539,,537,15,,,0
4019,'1491942',1739,,538,15,,,0
4019,'1491943',1339,,539,15,,,0
4019,'1491944',1439,,540,15,,,0
4019,'1491945',2224,,541,15,,,0
4019,'1491946',1239,,542,15,,,0
4019,'1497026',824,,684,15,,,0
4019,'1497027',724,,685,15,,,0
4019,'1497028',1624,,686,15,,,0
4019,'1497029',2224,,687,15,,,0
4019,'1497030',1724,,688,15,,,0
4019,'1497031',1424,,689,15,,,0
4019,'1497032',2124,,690,15,,,0
4019,'1497033',1024,,691,15,,,0
4019,'1497034',1924,,692,15,,,0
4019,'1497035',1524,,693,15,,,0
4019,'1497036',924,,694,15,,,0
4019,'1497037',1824,,695,15,,,0
4019,'1497038',1324,,696,15,,,0
4019,'1497039',624,,697,15,,,0
4019,'1497040',2024,,698,15,,,0
4019,'1497041',1124,,699,15,,,0
4019,'1497042',1224,,700,15,,,0
4019,'1497043',2322,,701,15,,,0
