1019,'1491950',736,,37,45,,,0
1019,'1491952',836,,38,45,,,0
1019,'1491955',1606,,39,45,,,0
1019,'1491956',2151,,40,45,,,0
1019,'1491957',1706,,41,45,,,0
1019,'1491959',806,,42,45,,,0
1019,'1491960',1506,,43,45,,,0
1019,'1491961',1306,,44,45,,,0
1019,'1491962',1836,,45,45,,,0
1019,'1491967',1406,,46,45,,,0
1019,'1491968',1951,,47,45,,,0
1019,'1491969',2051,,48,45,,,0
1019,'1491975',1106,,49,45,,,0
1019,'1491977',1336,,50,45,,,0
1019,'1491980',906,,51,45,,,0
1019,'1491981',1206,,52,45,,,0
1019,'1491982',1006,,53,45,,,0
1019,'1491984',2344,,54,45,,,0
1019,'1491985',1806,,55,45,,,0
1019,'1491988',1036,,56,45,,,0
1019,'1491990',936,,57,45,,,0
1019,'1491992',2251,,58,45,,,0
1019,'1491994',1436,,59,45,,,0
1019,'1491995',1536,,60,45,,,0
1019,'1491997',706,,61,45,,,0
1019,'1491998',1236,,62,45,,,0
1019,'1491999',1136,,63,45,,,0
1019,'1492002',1736,,64,45,,,0
1019,'1492004',1636,,65,45,,,0
1019,'1492005',606,,66,15,,,0
1019,'1492007',1906,,67,45,,,0
1019,'1496918',1351,,576,46,,,0
1019,'1496921',1951,,577,46,,,0
1019,'1496922',751,,578,46,,,0
1019,'1496923',651,,579,46,,,0
1019,'1496924',2051,,580,46,,,0
1019,'1496928',1051,,581,46,,,0
1019,'1496930',1451,,582,46,,,0
1019,'1496933',1651,,583,46,,,0
1019,'1496935',1151,,584,46,,,0
1019,'1496938',2151,,585,46,,,0
1019,'1496940',1551,,586,46,,,0
1019,'1496941',1751,,587,46,,,0
1019,'1496945',951,,588,46,,,0
1019,'1496946',851,,589,46,,,0
1019,'1496949',1251,,590,46,,,0
1019,'1496950',1851,,591,46,,,0
1019,'1496951',2344,,592,46,,,0
1019,'1496952',2251,,593,46,,,0
