8019,'1496053',1737,,1304,6,,,0
8019,'1496054',1037,,1305,6,,,0
8019,'1496055',1337,,1306,6,,,0
8019,'1496056',937,,1307,6,,,0
8019,'1496057',1437,,1308,6,,,0
8019,'1496058',737,,1309,6,,,0
8019,'1496059',1637,,1310,6,,,0
8019,'1496060',837,,1311,6,,,0
8019,'1496061',637,,1312,6,,,0
8019,'1496062',1537,,1313,6,,,0
8019,'1496063',1237,,1314,6,,,0
8019,'1496064',1137,,1315,6,,,0
8019,'1496282',1737,,1316,6,,,0
8019,'1496283',1037,,1317,6,,,0
8019,'1496284',1337,,1318,6,,,0
8019,'1496285',937,,1319,6,,,0
8019,'1496286',1437,,1320,6,,,0
8019,'1496287',737,,1321,6,,,0
8019,'1496288',1637,,1322,6,,,0
8019,'1496289',837,,1323,6,,,0
8019,'1496290',637,,1324,6,,,0
8019,'1496291',1537,,1325,6,,,0
8019,'1496292',1237,,1326,6,,,0
8019,'1496293',1137,,1327,6,,,0
