3019,'1488507',934,,436,127,0,5,0
3019,'1488508',1134,,437,127,0,5,0
3019,'1488511',2204,,438,127,0,5,0
3019,'1488515',2304,,439,127,0,5,0
3019,'1488516',1204,,440,127,0,5,0
3019,'1488519',1734,,441,127,0,5,0
3019,'1488521',2354,,442,127,0,5,0
3019,'1488522',1534,,443,127,0,5,0
3019,'1488523',2004,,444,127,0,5,0
3019,'1488525',1304,,445,127,0,5,0
3019,'1488526',834,,446,127,0,5,0
3019,'1488529',2104,,447,127,0,5,0
3019,'1488531',804,,448,127,0,5,0
3019,'1488533',1834,,449,127,0,5,0
3019,'1488535',1404,,450,127,0,5,0
3019,'1488537',1904,,451,127,0,5,0
3019,'1488538',1104,,452,127,0,5,0
3019,'1488539',1334,,453,127,0,5,0
3019,'1488540',1434,,454,127,0,5,0
3019,'1488542',904,,455,127,0,5,0
3019,'1488546',1034,,456,127,0,5,0
3019,'1488547',1704,,457,127,0,5,0
3019,'1488548',1504,,458,127,0,5,0
3019,'1488550',1804,,459,127,0,5,0
3019,'1488551',1234,,460,127,0,5,0
3019,'1488552',1604,,461,127,0,5,0
3019,'1488553',634,,462,47,0,5,0
3019,'1488556',1634,,463,127,0,5,0
3019,'1488560',1004,,464,127,0,5,0
3019,'1488565',704,,465,94,0,5,0
3019,'1496990',1804,,648,124,0,5,0
3019,'1496992',2304,,650,124,0,5,0
3019,'1496997',2004,,655,124,0,5,0
3019,'1496998',1504,,656,124,0,5,0
3019,'1497000',2104,,658,124,0,5,0
3019,'1497002',2354,,660,124,0,5,0
3019,'1497006',1904,,664,124,0,5,0
3019,'1497007',804,,665,124,0,5,0
3019,'1497008',1004,,666,124,0,5,0
3019,'1497012',1104,,670,124,0,5,0
3019,'1497013',1404,,671,124,0,5,0
3019,'1497014',1704,,672,124,0,5,0
3019,'1497016',1204,,674,124,0,5,0
3019,'1497017',1604,,675,124,0,5,0
3019,'1497018',2204,,676,124,0,5,0
3019,'1497019',904,,677,124,0,5,0
3019,'1497021',1304,,679,124,0,5,0
3019,'1497025',634,,683,46,0,5,0
