2029,'1496221',620,,971,25,,,0
2029,'1496281',620,,972,25,,,0
2029,'1497044',921,,973,62,,,0
2029,'1497045',1421,,974,62,,,0
2029,'1497046',1221,,975,62,,,0
2029,'1497047',1251,,976,62,,,0
2029,'1497048',1551,,977,62,,,0
2029,'1497049',951,,978,62,,,0
2029,'1497050',821,,979,62,,,0
2029,'1497051',1621,,980,62,,,0
2029,'1497052',1451,,981,62,,,0
2029,'1497053',1051,,982,62,,,0
2029,'1497054',721,,983,62,,,0
2029,'1497055',1321,,984,62,,,0
2029,'1497056',1651,,985,62,,,0
2029,'1497057',1521,,986,62,,,0
2029,'1497058',1351,,987,62,,,0
2029,'1497059',751,,988,62,,,0
2029,'1497060',1721,,989,62,,,0
2029,'1497061',1021,,990,62,,,0
2029,'1497062',851,,991,62,,,0
2029,'1497063',1151,,992,62,,,0
2029,'1497064',1121,,993,62,,,0
2029,'1497065',1751,,994,62,,,0
2029,'1497066',2021,,995,62,,,0
2029,'1497067',921,,996,62,,,0
2029,'1497068',1421,,997,62,,,0
2029,'1497069',1221,,998,62,,,0
2029,'1497070',1821,,999,62,,,0
2029,'1497071',1251,,1000,62,,,0
2029,'1497072',1551,,1001,62,,,0
2029,'1497073',951,,1002,62,,,0
2029,'1497074',2221,,1003,62,,,0
2029,'1497075',821,,1004,62,,,0
2029,'1497076',1621,,1005,62,,,0
2029,'1497077',1451,,1006,62,,,0
2029,'1497078',2318,,1007,62,,,0
2029,'1497079',1051,,1008,62,,,0
2029,'1497080',721,,1009,62,,,0
2029,'1497081',1321,,1010,62,,,0
2029,'1497082',1921,,1011,62,,,0
2029,'1497083',1651,,1012,62,,,0
2029,'1497084',1521,,1013,62,,,0
2029,'1497085',1351,,1014,62,,,0
2029,'1497086',751,,1015,62,,,0
2029,'1497087',1721,,1016,62,,,0
2029,'1497088',1021,,1017,62,,,0
2029,'1497089',851,,1018,62,,,0
2029,'1497090',2121,,1019,62,,,0
2029,'1497091',1151,,1020,62,,,0
2029,'1497092',1121,,1021,62,,,0
2029,'1497093',1751,,1022,62,,,0
2029,'1497094',1721,,1023,62,,,0
2029,'1497095',1121,,1024,62,,,0
2029,'1497096',2221,,1025,62,,,0
2029,'1497097',2318,,1026,62,,,0
2029,'1497098',1021,,1027,62,,,0
2029,'1497099',2021,,1028,62,,,0
2029,'1497100',921,,1029,62,,,0
2029,'1497101',1521,,1030,62,,,0
2029,'1497102',2121,,1031,62,,,0
2029,'1497103',1821,,1032,62,,,0
2029,'1497104',1221,,1033,62,,,0
2029,'1497105',1421,,1034,62,,,0
2029,'1497106',821,,1035,62,,,0
2029,'1497107',1321,,1036,62,,,0
2029,'1497108',1921,,1037,62,,,0
2029,'1497109',1621,,1038,62,,,0
2029,'1497110',721,,1039,62,,,0
2029,'1497111',1721,,1040,62,,,0
2029,'1497112',1121,,1041,62,,,0
2029,'1497113',2221,,1042,62,,,0
2029,'1497114',2318,,1043,62,,,0
2029,'1497115',1021,,1044,62,,,0
2029,'1497116',2021,,1045,62,,,0
2029,'1497117',921,,1046,62,,,0
2029,'1497118',1521,,1047,62,,,0
2029,'1497119',2121,,1048,62,,,0
2029,'1497120',1821,,1049,62,,,0
2029,'1497121',1221,,1050,62,,,0
2029,'1497122',1421,,1051,62,,,0
2029,'1497123',821,,1052,62,,,0
2029,'1497124',1321,,1053,62,,,0
2029,'1497125',1921,,1054,62,,,0
2029,'1497126',1621,,1055,62,,,0
