4019,'1491929',656,,525,38,,,0
4019,'1491930',2337,,526,38,,,0
4019,'1491931',1056,,527,38,,,0
4019,'1491932',856,,528,38,,,0
4019,'1491933',2041,,529,38,,,0
4019,'1491934',1656,,530,38,,,0
4019,'1491935',1856,,531,38,,,0
4019,'1491936',2141,,532,38,,,0
4019,'1491937',956,,533,38,,,0
4019,'1491938',1156,,534,38,,,0
4019,'1491939',1941,,535,38,,,0
4019,'1491940',756,,536,38,,,0
4019,'1491941',1556,,537,38,,,0
4019,'1491942',1756,,538,38,,,0
4019,'1491943',1356,,539,38,,,0
4019,'1491944',1456,,540,38,,,0
4019,'1491945',2241,,541,38,,,0
4019,'1491946',1256,,542,38,,,0
4019,'1491947',557,,543,4,,,0
4019,'1497026',841,,684,38,,,0
4019,'1497027',741,,685,38,,,0
4019,'1497028',1641,,686,38,,,0
4019,'1497029',2241,,687,38,,,0
4019,'1497030',1741,,688,38,,,0
4019,'1497031',1441,,689,38,,,0
4019,'1497032',2141,,690,38,,,0
4019,'1497033',1041,,691,38,,,0
4019,'1497034',1941,,692,38,,,0
4019,'1497035',1541,,693,38,,,0
4019,'1497036',941,,694,38,,,0
4019,'1497037',1841,,695,38,,,0
4019,'1497038',1341,,696,38,,,0
4019,'1497039',641,,697,38,,,0
4019,'1497040',2041,,698,38,,,0
4019,'1497041',1141,,699,38,,,0
4019,'1497042',1241,,700,38,,,0
4019,'1497043',2337,,701,38,,,0
