2019,'1496174',1241,,878,57,,,0
2019,'1496175',1411,,879,57,,,0
2019,'1496179',1341,,880,57,,,0
2019,'1496181',1511,,881,57,,,0
2019,'1496183',1011,,882,57,,,0
2019,'1496184',1541,,883,57,,,0
2019,'1496185',941,,884,57,,,0
2019,'1496187',1141,,885,57,,,0
2019,'1496188',911,,886,57,,,0
2019,'1496189',841,,887,57,,,0
2019,'1496191',1041,,888,57,,,0
2019,'1496194',1611,,889,57,,,0
2019,'1496198',741,,890,57,,,0
2019,'1496200',1741,,891,57,,,0
2019,'1496204',1441,,892,57,,,0
2019,'1496206',1111,,893,57,,,0
2019,'1496208',1211,,894,57,,,0
2019,'1496209',1641,,895,57,,,0
2019,'1496210',1811,,896,57,,,0
2019,'1496211',1711,,897,57,,,0
2019,'1496215',811,,898,57,,,0
2019,'1496216',1311,,899,57,,,0
2019,'1496218',711,,900,57,,,0
2019,'1496220',611,,902,25,,,0
2019,'1496223',2256,,903,57,,,0
2019,'1496224',1241,,904,57,,,0
2019,'1496225',1411,,905,57,,,0
2019,'1496227',2156,,906,57,,,0
2019,'1496228',1856,,907,57,,,0
2019,'1496232',1341,,908,57,,,0
2019,'1496234',1511,,909,57,,,0
2019,'1496236',1011,,910,57,,,0
2019,'1496237',1541,,911,57,,,0
2019,'1496238',941,,912,57,,,0
2019,'1496240',1141,,913,57,,,0
2019,'1496242',911,,914,57,,,0
2019,'1496243',841,,915,57,,,0
2019,'1496245',1041,,916,57,,,0
2019,'1496248',1611,,917,57,,,0
2019,'1496253',2056,,918,57,,,0
2019,'1496255',741,,919,57,,,0
2019,'1496257',1741,,920,57,,,0
2019,'1496258',2354,,921,57,,,0
2019,'1496262',1441,,922,57,,,0
2019,'1496264',1111,,923,57,,,0
2019,'1496266',1211,,924,57,,,0
2019,'1496267',1641,,925,57,,,0
2019,'1496268',1811,,926,57,,,0
2019,'1496269',1711,,927,57,,,0
2019,'1496274',811,,928,57,,,0
2019,'1496275',1311,,929,57,,,0
2019,'1496277',711,,930,57,,,0
2019,'1496279',611,,932,35,,,0
2019,'1496280',1956,,933,57,,,0
2019,'1496490',1756,,934,57,,,0
2019,'1496491',2156,,935,57,,,0
2019,'1496492',1356,,936,57,,,0
2019,'1496494',1156,,937,57,,,0
2019,'1496495',1456,,938,57,,,0
2019,'1496498',2056,,939,57,,,0
2019,'1496499',756,,940,57,,,0
2019,'1496505',1256,,941,57,,,0
2019,'1496507',2256,,942,57,,,0
2019,'1496510',1556,,943,57,,,0
2019,'1496511',1856,,944,57,,,0
2019,'1496512',1056,,945,57,,,0
2019,'1496516',956,,946,57,,,0
2019,'1496518',856,,947,57,,,0
2019,'1496520',1656,,948,57,,,0
2019,'1496521',1956,,949,57,,,0
2019,'1496523',656,,950,57,,,0
2019,'1496524',626,,951,25,,,0
2019,'1496525',2354,,952,57,,,0
2019,'1496594',1756,,953,57,,,0
2019,'1496595',2156,,954,57,,,0
2019,'1496596',1356,,955,57,,,0
2019,'1496598',1156,,956,57,,,0
2019,'1496599',1456,,957,57,,,0
2019,'1496602',2056,,958,57,,,0
2019,'1496603',756,,959,57,,,0
2019,'1496609',1256,,960,57,,,0
2019,'1496613',1556,,961,57,,,0
2019,'1496614',1856,,962,57,,,0
2019,'1496615',1056,,963,57,,,0
2019,'1496619',956,,964,57,,,0
2019,'1496621',856,,965,57,,,0
2019,'1496623',1656,,966,57,,,0
2019,'1496624',1956,,967,57,,,0
2019,'1496625',726,,968,25,,,0
2019,'1496626',2354,,969,57,,,0
3019,'1496125',1644,,1056,111,,,0
3019,'1496128',1814,,1059,111,,,0
3019,'1496129',944,,1060,111,,,0
3019,'1496130',814,,1061,111,,,0
3019,'1496131',1714,,1062,111,,,0
3019,'1496133',1244,,1064,111,,,0
3019,'1496134',1214,,1065,111,,,0
3019,'1496136',844,,1067,111,,,0
3019,'1496138',1014,,1069,111,,,0
3019,'1496141',1444,,1072,111,,,0
3019,'1496142',1414,,1073,111,,,0
3019,'1496144',1544,,1075,111,,,0
3019,'1496146',1344,,1077,111,,,0
3019,'1496151',914,,1082,111,,,0
3019,'1496153',1844,,1084,111,,,0
3019,'1496154',1514,,1085,111,,,0
3019,'1496155',1114,,1086,111,,,0
3019,'1496159',1144,,1090,111,,,0
3019,'1496164',1314,,1095,111,,,0
3019,'1496165',1744,,1096,111,,,0
3019,'1496167',1044,,1098,111,,,0
3019,'1496168',1614,,1099,111,,,0
3019,'1496170',614,,1101,21,,,0
3019,'1496171',644,,1102,55,,,0
3019,'1496173',744,,1104,111,,,0
3019,'1496374',1644,,1105,111,,,0
3019,'1496377',1814,,1108,111,,,0
3019,'1496378',2129,,1109,111,,,0
3019,'1496380',944,,1111,111,,,0
3019,'1496381',814,,1112,111,,,0
3019,'1496382',1714,,1113,111,,,0
3019,'1496385',1244,,1116,111,,,0
3019,'1496386',1214,,1117,111,,,0
3019,'1496388',844,,1119,111,,,0
3019,'1496392',1014,,1123,111,,,0
3019,'1496395',2329,,1126,111,,,0
3019,'1496396',1444,,1127,111,,,0
3019,'1496398',1414,,1129,111,,,0
3019,'1496400',1544,,1131,111,,,0
3019,'1496402',1344,,1133,111,,,0
3019,'1496404',2229,,1135,111,,,0
3019,'1496409',914,,1140,111,,,0
3019,'1496411',1844,,1142,111,,,0
3019,'1496412',1514,,1143,111,,,0
3019,'1496413',1114,,1144,111,,,0
3019,'1496417',1144,,1148,111,,,0
3019,'1496422',1314,,1153,111,,,0
3019,'1496423',1744,,1154,111,,,0
3019,'1496425',1044,,1156,111,,,0
3019,'1496426',1614,,1157,111,,,0
3019,'1496427',1929,,1158,111,,,0
3019,'1496430',614,,1161,21,,,0
3019,'1496431',644,,1162,55,,,0
3019,'1496432',2029,,1163,111,,,0
3019,'1496434',744,,1165,111,,,0
3019,'1496453',829,,1166,111,,,0
3019,'1496455',1529,,1168,111,,,0
3019,'1496457',929,,1170,111,,,0
3019,'1496458',1229,,1171,111,,,0
3019,'1496459',2329,,1172,111,,,0
3019,'1496460',1929,,1173,111,,,0
3019,'1496463',1429,,1176,111,,,0
3019,'1496465',2029,,1178,111,,,0
3019,'1496467',1729,,1180,111,,,0
3019,'1496468',1029,,1181,111,,,0
3019,'1496469',1329,,1182,111,,,0
3019,'1496473',2229,,1186,111,,,0
3019,'1496474',1829,,1187,111,,,0
3019,'1496475',1129,,1188,111,,,0
3019,'1496479',1629,,1192,111,,,0
3019,'1496484',2129,,1197,111,,,0
3019,'1496486',659,,1199,55,,,0
3019,'1496488',729,,1201,111,,,0
3019,'1496627',829,,1203,111,,,0
3019,'1496629',1529,,1205,111,,,0
3019,'1496631',929,,1207,111,,,0
3019,'1496632',1229,,1208,111,,,0
3019,'1496633',1929,,1209,111,,,0
3019,'1496636',1429,,1212,111,,,0
3019,'1496638',2029,,1214,111,,,0
3019,'1496640',1729,,1216,111,,,0
3019,'1496641',1029,,1217,111,,,0
3019,'1496642',1329,,1218,111,,,0
3019,'1496645',2229,,1221,111,,,0
3019,'1496646',1829,,1222,111,,,0
3019,'1496647',1129,,1223,111,,,0
3019,'1496651',1629,,1227,111,,,0
3019,'1496656',2129,,1232,111,,,0
3019,'1496658',759,,1234,55,,,0
