1029,'1491948',1503,,124,61,,,0
1029,'1491949',1603,,125,61,,,0
1029,'1491951',1703,,126,61,,,0
1029,'1491953',803,,127,61,,,0
1029,'1491954',2133,,128,61,,,0
1029,'1491958',1103,,129,61,,,0
1029,'1491963',2033,,130,61,,,0
1029,'1491964',933,,131,61,,,0
1029,'1491965',1733,,132,61,,,0
1029,'1491966',1633,,133,61,,,0
1029,'1491970',1833,,134,61,,,0
1029,'1491971',1233,,135,61,,,0
1029,'1491972',1303,,136,61,,,0
1029,'1491973',1433,,137,61,,,0
1029,'1491974',1033,,138,61,,,0
1029,'1491976',733,,139,61,,,0
1029,'1491978',1903,,140,61,,,0
1029,'1491979',1803,,141,61,,,0
1029,'1491983',1403,,142,61,,,0
1029,'1491986',1003,,143,61,,,0
1029,'1491987',2233,,144,61,,,0
1029,'1491989',1203,,145,61,,,0
1029,'1491991',2333,,146,61,,,0
1029,'1491993',903,,147,61,,,0
1029,'1491996',833,,148,61,,,0
1029,'1492000',1533,,149,61,,,0
1029,'1492001',1333,,150,61,,,0
1029,'1492003',1133,,151,61,,,0
1029,'1492006',633,,152,16,,,0
1029,'1492008',1933,,153,61,,,0
1029,'1496919',1932,,594,61,,,0
1029,'1496920',2132,,595,61,,,0
1029,'1496925',1832,,596,61,,,0
1029,'1496926',2232,,597,61,,,0
1029,'1496927',1332,,598,61,,,0
1029,'1496929',1132,,599,61,,,0
1029,'1496931',1032,,600,61,,,0
1029,'1496932',2032,,601,61,,,0
1029,'1496934',732,,602,61,,,0
1029,'1496936',2332,,603,61,,,0
1029,'1496937',1532,,604,61,,,0
1029,'1496939',1632,,605,61,,,0
1029,'1496942',832,,606,61,,,0
1029,'1496943',1232,,607,61,,,0
1029,'1496944',932,,608,61,,,0
1029,'1496947',1732,,609,61,,,0
1029,'1496948',1432,,610,61,,,0
