4019,'1491929',655,,525,37,,,0
4019,'1491930',2336,,526,37,,,0
4019,'1491931',1055,,527,37,,,0
4019,'1491932',855,,528,37,,,0
4019,'1491933',2040,,529,37,,,0
4019,'1491934',1655,,530,37,,,0
4019,'1491935',1855,,531,37,,,0
4019,'1491936',2140,,532,37,,,0
4019,'1491937',955,,533,37,,,0
4019,'1491938',1155,,534,37,,,0
4019,'1491939',1940,,535,37,,,0
4019,'1491940',755,,536,37,,,0
4019,'1491941',1555,,537,37,,,0
4019,'1491942',1755,,538,37,,,0
4019,'1491943',1355,,539,37,,,0
4019,'1491944',1455,,540,37,,,0
4019,'1491945',2240,,541,37,,,0
4019,'1491946',1255,,542,37,,,0
4019,'1491947',556,,543,3,,,0
4019,'1497026',840,,684,37,,,0
4019,'1497027',740,,685,37,,,0
4019,'1497028',1640,,686,37,,,0
4019,'1497029',2240,,687,37,,,0
4019,'1497030',1740,,688,37,,,0
4019,'1497031',1440,,689,37,,,0
4019,'1497032',2140,,690,37,,,0
4019,'1497033',1040,,691,37,,,0
4019,'1497034',1940,,692,37,,,0
4019,'1497035',1540,,693,37,,,0
4019,'1497036',940,,694,37,,,0
4019,'1497037',1840,,695,37,,,0
4019,'1497038',1340,,696,37,,,0
4019,'1497039',640,,697,37,,,0
4019,'1497040',2040,,698,37,,,0
4019,'1497041',1140,,699,37,,,0
4019,'1497042',1240,,700,37,,,0
4019,'1497043',2336,,701,37,,,0
