3019,'1496125',1536,,1056,12,,,0
3019,'1496128',1706,,1059,12,,,0
3019,'1496129',836,,1060,12,,,0
3019,'1496130',706,,1061,12,,,0
3019,'1496131',1606,,1062,12,,,0
3019,'1496133',1136,,1064,12,,,0
3019,'1496134',1106,,1065,12,,,0
3019,'1496136',736,,1067,12,,,0
3019,'1496138',906,,1069,12,,,0
3019,'1496141',1336,,1072,12,,,0
3019,'1496142',1306,,1073,12,,,0
3019,'1496144',1436,,1075,12,,,0
3019,'1496146',1236,,1077,12,,,0
3019,'1496151',806,,1082,12,,,0
3019,'1496153',1736,,1084,12,,,0
3019,'1496154',1406,,1085,12,,,0
3019,'1496155',1006,,1086,12,,,0
3019,'1496159',1036,,1090,12,,,0
3019,'1496164',1206,,1095,12,,,0
3019,'1496165',1636,,1096,12,,,0
3019,'1496167',936,,1098,12,,,0
3019,'1496168',1506,,1099,12,,,0
3019,'1496173',636,,1104,12,,,0
3019,'1496374',1536,,1105,12,,,0
3019,'1496377',1706,,1108,12,,,0
3019,'1496378',2021,,1109,12,,,0
3019,'1496380',836,,1111,12,,,0
3019,'1496381',706,,1112,12,,,0
3019,'1496382',1606,,1113,12,,,0
3019,'1496385',1136,,1116,12,,,0
3019,'1496386',1106,,1117,12,,,0
3019,'1496388',736,,1119,12,,,0
3019,'1496392',906,,1123,12,,,0
3019,'1496395',2221,,1126,12,,,0
3019,'1496396',1336,,1127,12,,,0
3019,'1496398',1306,,1129,12,,,0
3019,'1496400',1436,,1131,12,,,0
3019,'1496402',1236,,1133,12,,,0
3019,'1496404',2121,,1135,12,,,0
3019,'1496409',806,,1140,12,,,0
3019,'1496411',1736,,1142,12,,,0
3019,'1496412',1406,,1143,12,,,0
3019,'1496413',1006,,1144,12,,,0
3019,'1496417',1036,,1148,12,,,0
3019,'1496422',1206,,1153,12,,,0
3019,'1496423',1636,,1154,12,,,0
3019,'1496425',936,,1156,12,,,0
3019,'1496426',1506,,1157,12,,,0
3019,'1496427',1821,,1158,12,,,0
3019,'1496429',2320,,1160,12,,,0
3019,'1496432',1921,,1163,12,,,0
3019,'1496434',636,,1165,12,,,0
3019,'1496453',721,,1166,12,,,0
3019,'1496455',1421,,1168,12,,,0
3019,'1496457',821,,1170,12,,,0
3019,'1496458',1121,,1171,12,,,0
3019,'1496459',2221,,1172,12,,,0
3019,'1496460',1821,,1173,12,,,0
3019,'1496463',1321,,1176,12,,,0
3019,'1496465',1921,,1178,12,,,0
3019,'1496467',1621,,1180,12,,,0
3019,'1496468',921,,1181,12,,,0
3019,'1496469',1221,,1182,12,,,0
3019,'1496473',2121,,1186,12,,,0
3019,'1496474',1721,,1187,12,,,0
3019,'1496475',1021,,1188,12,,,0
3019,'1496479',1521,,1192,12,,,0
3019,'1496484',2021,,1197,12,,,0
3019,'1496487',2320,,1200,12,,,0
3019,'1496488',621,,1201,12,,,0
3019,'1496627',721,,1203,12,,,0
3019,'1496629',1421,,1205,12,,,0
3019,'1496631',821,,1207,12,,,0
3019,'1496632',1121,,1208,12,,,0
3019,'1496633',1821,,1209,12,,,0
3019,'1496636',1321,,1212,12,,,0
3019,'1496638',1921,,1214,12,,,0
3019,'1496640',1621,,1216,12,,,0
3019,'1496641',921,,1217,12,,,0
3019,'1496642',1221,,1218,12,,,0
3019,'1496645',2121,,1221,12,,,0
3019,'1496646',1721,,1222,12,,,0
3019,'1496647',1021,,1223,12,,,0
3019,'1496651',1521,,1227,12,,,0
3019,'1496656',2021,,1232,12,,,0
3019,'1496659',2320,,1235,12,,,0
