4019,'1491929',633,,525,5,,,0
4019,'1491930',2318,,526,5,,,0
4019,'1491931',1033,,527,5,,,0
4019,'1491932',833,,528,5,,,0
4019,'1491933',2018,,529,5,,,0
4019,'1491934',1633,,530,5,,,0
4019,'1491935',1833,,531,5,,,0
4019,'1491936',2118,,532,5,,,0
4019,'1491937',933,,533,5,,,0
4019,'1491938',1133,,534,5,,,0
4019,'1491939',1918,,535,5,,,0
4019,'1491940',733,,536,5,,,0
4019,'1491941',1533,,537,5,,,0
4019,'1491942',1733,,538,5,,,0
4019,'1491943',1333,,539,5,,,0
4019,'1491944',1433,,540,5,,,0
4019,'1491945',2218,,541,5,,,0
4019,'1491946',1233,,542,5,,,0
4019,'1497026',818,,684,5,,,0
4019,'1497027',718,,685,5,,,0
4019,'1497028',1618,,686,5,,,0
4019,'1497029',2218,,687,5,,,0
4019,'1497030',1718,,688,5,,,0
4019,'1497031',1418,,689,5,,,0
4019,'1497032',2118,,690,5,,,0
4019,'1497033',1018,,691,5,,,0
4019,'1497034',1918,,692,5,,,0
4019,'1497035',1518,,693,5,,,0
4019,'1497036',918,,694,5,,,0
4019,'1497037',1818,,695,5,,,0
4019,'1497038',1318,,696,5,,,0
4019,'1497039',618,,697,5,,,0
4019,'1497040',2018,,698,5,,,0
4019,'1497041',1118,,699,5,,,0
4019,'1497042',1218,,700,5,,,0
4019,'1497043',2318,,701,5,,,0
