1029,'1491948',1417,,124,2,,,0
1029,'1491949',1517,,125,2,,,0
1029,'1491951',1617,,126,2,,,0
1029,'1491953',717,,127,2,,,0
1029,'1491954',2047,,128,2,,,0
1029,'1491958',1017,,129,2,,,0
1029,'1491963',1947,,130,2,,,0
1029,'1491964',847,,131,2,,,0
1029,'1491965',1647,,132,2,,,0
1029,'1491966',1547,,133,2,,,0
1029,'1491970',1747,,134,2,,,0
1029,'1491971',1147,,135,2,,,0
1029,'1491972',1217,,136,2,,,0
1029,'1491973',1347,,137,2,,,0
1029,'1491974',947,,138,2,,,0
1029,'1491976',647,,139,2,,,0
1029,'1491978',1817,,140,2,,,0
1029,'1491979',1717,,141,2,,,0
1029,'1491983',1317,,142,2,,,0
1029,'1491986',917,,143,2,,,0
1029,'1491987',2147,,144,2,,,0
1029,'1491989',1117,,145,2,,,0
1029,'1491991',2247,,146,2,,,0
1029,'1491993',817,,147,2,,,0
1029,'1491996',747,,148,2,,,0
1029,'1492000',1447,,149,2,,,0
1029,'1492001',1247,,150,2,,,0
1029,'1492003',1047,,151,2,,,0
1029,'1492008',1847,,153,2,,,0
1029,'1496919',1847,,594,2,,,0
1029,'1496920',2047,,595,2,,,0
1029,'1496925',1747,,596,2,,,0
1029,'1496926',2147,,597,2,,,0
1029,'1496927',1247,,598,2,,,0
1029,'1496929',1047,,599,2,,,0
1029,'1496931',947,,600,2,,,0
1029,'1496932',1947,,601,2,,,0
1029,'1496934',647,,602,2,,,0
1029,'1496936',2247,,603,2,,,0
1029,'1496937',1447,,604,2,,,0
1029,'1496939',1547,,605,2,,,0
1029,'1496942',747,,606,2,,,0
1029,'1496943',1147,,607,2,,,0
1029,'1496944',847,,608,2,,,0
1029,'1496947',1647,,609,2,,,0
1029,'1496948',1347,,610,2,,,0
3019,'1488507',818,,436,6,0,5,0
3019,'1488508',1018,,437,6,0,5,0
3019,'1488511',2048,,438,6,0,5,0
3019,'1488515',2148,,439,6,0,5,0
3019,'1488516',1048,,440,6,0,5,0
3019,'1488519',1618,,441,6,0,5,0
3019,'1488521',2248,,442,6,0,5,0
3019,'1488522',1418,,443,6,0,5,0
3019,'1488523',1848,,444,6,0,5,0
3019,'1488525',1148,,445,6,0,5,0
3019,'1488526',718,,446,6,0,5,0
3019,'1488529',1948,,447,6,0,5,0
3019,'1488531',648,,448,6,0,5,0
3019,'1488533',1718,,449,6,0,5,0
3019,'1488535',1248,,450,6,0,5,0
3019,'1488537',1748,,451,6,0,5,0
3019,'1488538',948,,452,6,0,5,0
3019,'1488539',1218,,453,6,0,5,0
3019,'1488540',1318,,454,6,0,5,0
3019,'1488542',748,,455,6,0,5,0
3019,'1488546',918,,456,6,0,5,0
3019,'1488547',1548,,457,6,0,5,0
3019,'1488548',1348,,458,6,0,5,0
3019,'1488550',1648,,459,6,0,5,0
3019,'1488551',1118,,460,6,0,5,0
3019,'1488552',1448,,461,6,0,5,0
3019,'1488556',1518,,463,6,0,5,0
3019,'1488560',848,,464,6,0,5,0
3019,'1496990',1648,,648,6,0,5,0
3019,'1496992',2148,,650,6,0,5,0
3019,'1496997',1848,,655,6,0,5,0
3019,'1496998',1348,,656,6,0,5,0
3019,'1497000',1948,,658,6,0,5,0
3019,'1497002',2248,,660,6,0,5,0
3019,'1497006',1748,,664,6,0,5,0
3019,'1497007',648,,665,6,0,5,0
3019,'1497008',848,,666,6,0,5,0
3019,'1497012',948,,670,6,0,5,0
3019,'1497013',1248,,671,6,0,5,0
3019,'1497014',1548,,672,6,0,5,0
3019,'1497016',1048,,674,6,0,5,0
3019,'1497017',1448,,675,6,0,5,0
3019,'1497018',2048,,676,6,0,5,0
3019,'1497019',748,,677,6,0,5,0
3019,'1497021',1148,,679,6,0,5,0
