8019,'1488718',1736,,544,4,,,0
8019,'1488719',1036,,545,4,,,0
8019,'1488720',1336,,546,4,,,0
8019,'1488721',936,,547,4,,,0
8019,'1488722',1436,,548,4,,,0
8019,'1488723',736,,549,4,,,0
8019,'1488724',1636,,550,4,,,0
8019,'1488725',836,,551,4,,,0
8019,'1488726',636,,552,4,,,0
8019,'1488727',1536,,553,4,,,0
8019,'1488728',1236,,554,4,,,0
8019,'1488729',1136,,555,4,,,0
8019,'1492009',1736,,556,4,,,0
8019,'1492010',1036,,557,4,,,0
8019,'1492011',1336,,558,4,,,0
8019,'1492012',936,,559,4,,,0
8019,'1492013',1436,,560,4,,,0
8019,'1492014',736,,561,4,,,0
8019,'1492015',1636,,562,4,,,0
8019,'1492016',836,,563,4,,,0
8019,'1492017',636,,564,4,,,0
8019,'1492018',1536,,565,4,,,0
8019,'1492019',1236,,566,4,,,0
8019,'1492020',1136,,567,4,,,0
