2019,'1496174',1211,,878,15,,,0
2019,'1496175',1341,,879,15,,,0
2019,'1496179',1311,,880,15,,,0
2019,'1496181',1441,,881,15,,,0
2019,'1496183',941,,882,15,,,0
2019,'1496184',1511,,883,15,,,0
2019,'1496185',911,,884,15,,,0
2019,'1496187',1111,,885,15,,,0
2019,'1496188',841,,886,15,,,0
2019,'1496189',811,,887,15,,,0
2019,'1496191',1011,,888,15,,,0
2019,'1496194',1541,,889,15,,,0
2019,'1496198',711,,890,15,,,0
2019,'1496200',1711,,891,15,,,0
2019,'1496204',1411,,892,15,,,0
2019,'1496206',1041,,893,15,,,0
2019,'1496208',1141,,894,15,,,0
2019,'1496209',1611,,895,15,,,0
2019,'1496210',1741,,896,15,,,0
2019,'1496211',1641,,897,15,,,0
2019,'1496215',741,,898,15,,,0
2019,'1496216',1241,,899,15,,,0
2019,'1496218',641,,900,15,,,0
2019,'1496223',2226,,903,15,,,0
2019,'1496224',1211,,904,15,,,0
2019,'1496225',1341,,905,15,,,0
2019,'1496227',2126,,906,15,,,0
2019,'1496228',1826,,907,15,,,0
2019,'1496232',1311,,908,15,,,0
2019,'1496234',1441,,909,15,,,0
2019,'1496236',941,,910,15,,,0
2019,'1496237',1511,,911,15,,,0
2019,'1496238',911,,912,15,,,0
2019,'1496240',1111,,913,15,,,0
2019,'1496242',841,,914,15,,,0
2019,'1496243',811,,915,15,,,0
2019,'1496245',1011,,916,15,,,0
2019,'1496248',1541,,917,15,,,0
2019,'1496253',2026,,918,15,,,0
2019,'1496255',711,,919,15,,,0
2019,'1496257',1711,,920,15,,,0
2019,'1496258',2325,,921,15,,,0
2019,'1496262',1411,,922,15,,,0
2019,'1496264',1041,,923,15,,,0
2019,'1496266',1141,,924,15,,,0
2019,'1496267',1611,,925,15,,,0
2019,'1496268',1741,,926,15,,,0
2019,'1496269',1641,,927,15,,,0
2019,'1496274',741,,928,15,,,0
2019,'1496275',1241,,929,15,,,0
2019,'1496277',641,,930,15,,,0
2019,'1496280',1926,,933,15,,,0
2019,'1496490',1726,,934,15,,,0
2019,'1496491',2126,,935,15,,,0
2019,'1496492',1326,,936,15,,,0
2019,'1496494',1126,,937,15,,,0
2019,'1496495',1426,,938,15,,,0
2019,'1496498',2026,,939,15,,,0
2019,'1496499',726,,940,15,,,0
2019,'1496505',1226,,941,15,,,0
2019,'1496507',2226,,942,15,,,0
2019,'1496510',1526,,943,15,,,0
2019,'1496511',1826,,944,15,,,0
2019,'1496512',1026,,945,15,,,0
2019,'1496516',926,,946,15,,,0
2019,'1496518',826,,947,15,,,0
2019,'1496520',1626,,948,15,,,0
2019,'1496521',1926,,949,15,,,0
2019,'1496523',626,,950,15,,,0
2019,'1496525',2324,,952,15,,,0
2019,'1496594',1726,,953,15,,,0
2019,'1496595',2126,,954,15,,,0
2019,'1496596',1326,,955,15,,,0
2019,'1496598',1126,,956,15,,,0
2019,'1496599',1426,,957,15,,,0
2019,'1496602',2026,,958,15,,,0
2019,'1496603',726,,959,15,,,0
2019,'1496609',1226,,960,15,,,0
2019,'1496613',1526,,961,15,,,0
2019,'1496614',1826,,962,15,,,0
2019,'1496615',1026,,963,15,,,0
2019,'1496619',926,,964,15,,,0
2019,'1496621',826,,965,15,,,0
2019,'1496623',1626,,966,15,,,0
2019,'1496624',1926,,967,15,,,0
2019,'1496626',2324,,969,15,,,0
