4019,'1491929',705,,525,49,,,0
4019,'1491930',2342,,526,49,,,0
4019,'1491931',1105,,527,49,,,0
4019,'1491932',905,,528,49,,,0
4019,'1491933',2050,,529,49,,,0
4019,'1491934',1705,,530,49,,,0
4019,'1491935',1905,,531,49,,,0
4019,'1491936',2150,,532,49,,,0
4019,'1491937',1005,,533,49,,,0
4019,'1491938',1205,,534,49,,,0
4019,'1491939',1950,,535,49,,,0
4019,'1491940',805,,536,49,,,0
4019,'1491941',1605,,537,49,,,0
4019,'1491942',1805,,538,49,,,0
4019,'1491943',1405,,539,49,,,0
4019,'1491944',1505,,540,49,,,0
4019,'1491945',2250,,541,49,,,0
4019,'1491946',1305,,542,49,,,0
4019,'1491947',606,,543,15,,,0
4019,'1497026',847,,684,49,,,0
4019,'1497027',747,,685,49,,,0
4019,'1497028',1647,,686,49,,,0
4019,'1497029',2247,,687,49,,,0
4019,'1497030',1747,,688,49,,,0
4019,'1497031',1447,,689,49,,,0
4019,'1497032',2147,,690,49,,,0
4019,'1497033',1047,,691,49,,,0
4019,'1497034',1947,,692,49,,,0
4019,'1497035',1547,,693,49,,,0
4019,'1497036',947,,694,49,,,0
4019,'1497037',1847,,695,49,,,0
4019,'1497038',1347,,696,49,,,0
4019,'1497039',647,,697,49,,,0
4019,'1497040',2047,,698,49,,,0
4019,'1497041',1147,,699,49,,,0
4019,'1497042',1247,,700,49,,,0
4019,'1497043',2342,,701,49,,,0
