1019,'1491950',750,,37,63,,,0
1019,'1491952',850,,38,63,,,0
1019,'1491955',1620,,39,63,,,0
1019,'1491956',2205,,40,63,,,0
1019,'1491957',1720,,41,63,,,0
1019,'1491959',820,,42,63,,,0
1019,'1491960',1520,,43,63,,,0
1019,'1491961',1320,,44,63,,,0
1019,'1491962',1850,,45,63,,,0
1019,'1491967',1420,,46,63,,,0
1019,'1491968',2005,,47,63,,,0
1019,'1491969',2105,,48,63,,,0
1019,'1491975',1120,,49,63,,,0
1019,'1491977',1350,,50,63,,,0
1019,'1491980',920,,51,63,,,0
1019,'1491981',1220,,52,63,,,0
1019,'1491982',1020,,53,63,,,0
1019,'1491984',2355,,54,63,,,0
1019,'1491985',1820,,55,63,,,0
1019,'1491988',1050,,56,63,,,0
1019,'1491990',950,,57,63,,,0
1019,'1491992',2305,,58,63,,,0
1019,'1491994',1450,,59,63,,,0
1019,'1491995',1550,,60,63,,,0
1019,'1491997',720,,61,63,,,0
1019,'1491998',1250,,62,63,,,0
1019,'1491999',1150,,63,63,,,0
1019,'1492002',1750,,64,63,,,0
1019,'1492004',1650,,65,63,,,0
1019,'1492005',620,,66,33,,,0
1019,'1492007',1920,,67,63,,,0
1019,'1496918',1405,,576,64,,,0
1019,'1496921',2005,,577,64,,,0
1019,'1496922',805,,578,64,,,0
1019,'1496923',705,,579,64,,,0
1019,'1496924',2105,,580,64,,,0
1019,'1496928',1105,,581,64,,,0
1019,'1496930',1505,,582,64,,,0
1019,'1496933',1705,,583,64,,,0
1019,'1496935',1205,,584,64,,,0
1019,'1496938',2205,,585,64,,,0
1019,'1496940',1605,,586,64,,,0
1019,'1496941',1805,,587,64,,,0
1019,'1496945',1005,,588,64,,,0
1019,'1496946',905,,589,64,,,0
1019,'1496949',1305,,590,64,,,0
1019,'1496950',1905,,591,64,,,0
1019,'1496951',2353,,592,64,,,0
1019,'1496952',2305,,593,64,,,0
2019,'1492023',2335,,191,119,,,0
2019,'1492024',1320,,192,119,,,0
2019,'1492025',1450,,193,119,,,0
2019,'1492027',2235,,194,119,,,0
2019,'1492028',1935,,195,119,,,0
2019,'1492032',1420,,196,119,,,0
2019,'1492034',1550,,197,119,,,0
2019,'1492036',1050,,198,119,,,0
2019,'1492037',1620,,199,119,,,0
2019,'1492038',1020,,200,119,,,0
2019,'1492040',1220,,201,119,,,0
2019,'1492042',950,,202,119,,,0
2019,'1492043',920,,203,119,,,0
2019,'1492045',1120,,204,119,,,0
2019,'1492048',1650,,205,119,,,0
2019,'1492053',2135,,206,119,,,0
2019,'1492055',820,,207,119,,,0
2019,'1492057',1820,,208,119,,,0
2019,'1492062',1520,,210,119,,,0
2019,'1492064',1150,,211,119,,,0
2019,'1492066',1250,,212,119,,,0
2019,'1492067',1720,,213,119,,,0
2019,'1492068',1850,,214,119,,,0
2019,'1492069',1750,,215,119,,,0
2019,'1492074',850,,216,119,,,0
2019,'1492075',1350,,217,119,,,0
2019,'1492077',750,,218,119,,,0
2019,'1492078',620,,219,34,,,0
2019,'1492079',650,,220,97,,,0
2019,'1492080',2035,,221,119,,,0
2019,'1496953',1835,,611,120,,,0
2019,'1496954',2235,,612,120,,,0
2019,'1496955',1435,,613,120,,,0
2019,'1496957',1235,,614,120,,,0
2019,'1496958',1535,,615,120,,,0
2019,'1496961',2135,,616,120,,,0
2019,'1496962',835,,617,120,,,0
2019,'1496968',1335,,618,120,,,0
2019,'1496970',2335,,619,120,,,0
2019,'1496973',1635,,620,120,,,0
2019,'1496974',1935,,621,120,,,0
2019,'1496975',1135,,622,120,,,0
2019,'1496979',1035,,623,120,,,0
2019,'1496981',935,,624,120,,,0
2019,'1496983',1735,,625,120,,,0
2019,'1496984',2035,,626,120,,,0
2019,'1496986',735,,627,120,,,0
2019,'1496987',705,,628,88,,,0
3019,'1491899',1650,,370,122,,,0
3019,'1491900',1820,,371,122,,,0
3019,'1491901',2135,,372,122,,,0
3019,'1491902',950,,373,122,,,0
3019,'1491903',820,,374,122,,,0
3019,'1491904',1720,,375,122,,,0
3019,'1491905',1250,,376,122,,,0
3019,'1491906',1220,,377,122,,,0
3019,'1491907',850,,378,122,,,0
3019,'1491908',1020,,379,122,,,0
3019,'1491909',2335,,380,122,,,0
3019,'1491910',1450,,381,122,,,0
3019,'1491911',1420,,382,122,,,0
3019,'1491912',1550,,383,122,,,0
3019,'1491913',1350,,384,122,,,0
3019,'1491914',2235,,385,122,,,0
3019,'1491915',920,,386,122,,,0
3019,'1491916',1850,,387,122,,,0
3019,'1491917',1520,,388,122,,,0
3019,'1491918',1120,,389,122,,,0
3019,'1491919',1150,,390,122,,,0
3019,'1491920',1320,,391,122,,,0
3019,'1491921',1750,,392,122,,,0
3019,'1491922',1050,,393,122,,,0
3019,'1491923',1620,,394,122,,,0
3019,'1491924',1935,,395,122,,,0
3019,'1491926',620,,397,31,,,0
3019,'1491927',650,,398,65,,,0
3019,'1491928',2035,,399,122,,,0
3019,'1492021',750,,400,122,,,0
3019,'1496989',835,,647,122,,,0
3019,'1496991',1535,,649,122,,,0
3019,'1496993',935,,651,122,,,0
3019,'1496994',1235,,652,122,,,0
3019,'1496995',2335,,653,122,,,0
3019,'1496996',1935,,654,122,,,0
3019,'1496999',1435,,657,122,,,0
3019,'1497001',2035,,659,122,,,0
3019,'1497003',1735,,661,122,,,0
3019,'1497004',1035,,662,122,,,0
3019,'1497005',1335,,663,122,,,0
3019,'1497009',2235,,667,122,,,0
3019,'1497010',1835,,668,122,,,0
3019,'1497011',1135,,669,122,,,0
3019,'1497015',1635,,673,122,,,0
3019,'1497020',2135,,678,122,,,0
3019,'1497022',705,,680,66,,,0
3019,'1497024',735,,682,122,,,0
