2029,'1492022',2034,,280,80,,,0
2029,'1492026',934,,281,80,,,0
2029,'1492029',1434,,282,80,,,0
2029,'1492030',1234,,283,80,,,0
2029,'1492031',1834,,284,80,,,0
2029,'1492033',1304,,285,80,,,0
2029,'1492035',1604,,286,80,,,0
2029,'1492039',1004,,287,80,,,0
2029,'1492041',2234,,288,80,,,0
2029,'1492044',834,,289,80,,,0
2029,'1492046',1634,,290,80,,,0
2029,'1492047',1504,,291,80,,,0
2029,'1492049',2330,,292,80,,,0
2029,'1492050',1104,,293,80,,,0
2029,'1492051',734,,294,80,,,0
2029,'1492052',1334,,295,80,,,0
2029,'1492054',1934,,296,80,,,0
2029,'1492056',1704,,297,80,,,0
2029,'1492059',1534,,298,80,,,0
2029,'1492060',1404,,299,80,,,0
2029,'1492061',804,,300,80,,,0
2029,'1492063',1734,,301,80,,,0
2029,'1492065',1034,,302,80,,,0
2029,'1492070',904,,303,80,,,0
2029,'1492071',2134,,304,80,,,0
2029,'1492072',1204,,305,80,,,0
2029,'1492073',1134,,306,80,,,0
2029,'1492076',1804,,307,80,,,0
2029,'1492081',634,,308,44,,,0
2029,'1496956',1734,,630,81,,,0
2029,'1496959',1134,,631,81,,,0
2029,'1496960',2234,,632,81,,,0
2029,'1496963',2330,,633,81,,,0
2029,'1496964',1034,,634,81,,,0
2029,'1496965',2034,,635,81,,,0
2029,'1496966',934,,636,81,,,0
2029,'1496967',1534,,637,81,,,0
2029,'1496969',2134,,638,81,,,0
2029,'1496971',1834,,639,81,,,0
2029,'1496972',1234,,640,81,,,0
2029,'1496976',1434,,641,81,,,0
2029,'1496977',834,,642,81,,,0
2029,'1496978',1334,,643,81,,,0
2029,'1496980',1934,,644,81,,,0
2029,'1496982',1634,,645,81,,,0
2029,'1496985',734,,646,81,,,0
3019,'1488507',835,,436,32,0,5,0
3019,'1488508',1035,,437,32,0,5,0
3019,'1488511',2105,,438,32,0,5,0
3019,'1488515',2205,,439,32,0,5,0
3019,'1488516',1105,,440,32,0,5,0
3019,'1488519',1635,,441,32,0,5,0
3019,'1488521',2304,,442,32,0,5,0
3019,'1488522',1435,,443,32,0,5,0
3019,'1488523',1905,,444,32,0,5,0
3019,'1488525',1205,,445,32,0,5,0
3019,'1488526',735,,446,32,0,5,0
3019,'1488529',2005,,447,32,0,5,0
3019,'1488531',705,,448,32,0,5,0
3019,'1488533',1735,,449,32,0,5,0
3019,'1488535',1305,,450,32,0,5,0
3019,'1488537',1805,,451,32,0,5,0
3019,'1488538',1005,,452,32,0,5,0
3019,'1488539',1235,,453,32,0,5,0
3019,'1488540',1335,,454,32,0,5,0
3019,'1488542',805,,455,32,0,5,0
3019,'1488546',935,,456,32,0,5,0
3019,'1488547',1605,,457,32,0,5,0
3019,'1488548',1405,,458,32,0,5,0
3019,'1488550',1705,,459,32,0,5,0
3019,'1488551',1135,,460,32,0,5,0
3019,'1488552',1505,,461,32,0,5,0
3019,'1488556',1535,,463,32,0,5,0
3019,'1488560',905,,464,32,0,5,0
3019,'1491899',1623,,370,89,,,0
3019,'1491900',1753,,371,89,,,0
3019,'1491901',2108,,372,89,,,0
3019,'1491902',923,,373,89,,,0
3019,'1491903',753,,374,89,,,0
3019,'1491904',1653,,375,89,,,0
3019,'1491905',1223,,376,89,,,0
3019,'1491906',1153,,377,89,,,0
3019,'1491907',823,,378,89,,,0
3019,'1491908',953,,379,89,,,0
3019,'1491909',2308,,380,89,,,0
3019,'1491910',1423,,381,89,,,0
3019,'1491911',1353,,382,89,,,0
3019,'1491912',1523,,383,89,,,0
3019,'1491913',1323,,384,89,,,0
3019,'1491914',2208,,385,89,,,0
3019,'1491915',853,,386,89,,,0
3019,'1491916',1823,,387,89,,,0
3019,'1491917',1453,,388,89,,,0
3019,'1491918',1053,,389,89,,,0
3019,'1491919',1123,,390,89,,,0
3019,'1491920',1253,,391,89,,,0
3019,'1491921',1723,,392,89,,,0
3019,'1491922',1023,,393,89,,,0
3019,'1491923',1553,,394,89,,,0
3019,'1491924',1908,,395,89,,,0
3019,'1491927',623,,398,32,,,0
3019,'1491928',2008,,399,89,,,0
3019,'1492021',723,,400,89,,,0
3019,'1496989',808,,647,88,,,0
3019,'1496990',1705,,648,30,0,5,0
3019,'1496991',1508,,649,88,,,0
3019,'1496992',2205,,650,30,0,5,0
3019,'1496993',908,,651,88,,,0
3019,'1496994',1208,,652,88,,,0
3019,'1496995',2308,,653,88,,,0
3019,'1496996',1908,,654,88,,,0
3019,'1496997',1905,,655,30,0,5,0
3019,'1496998',1405,,656,30,0,5,0
3019,'1496999',1408,,657,88,,,0
3019,'1497000',2005,,658,30,0,5,0
3019,'1497001',2008,,659,88,,,0
3019,'1497002',2304,,660,30,0,5,0
3019,'1497003',1708,,661,88,,,0
3019,'1497004',1008,,662,88,,,0
3019,'1497005',1308,,663,88,,,0
3019,'1497006',1805,,664,30,0,5,0
3019,'1497007',705,,665,30,0,5,0
3019,'1497008',905,,666,30,0,5,0
3019,'1497009',2208,,667,88,,,0
3019,'1497010',1808,,668,88,,,0
3019,'1497011',1108,,669,88,,,0
3019,'1497012',1005,,670,30,0,5,0
3019,'1497013',1305,,671,30,0,5,0
3019,'1497014',1605,,672,30,0,5,0
3019,'1497015',1608,,673,88,,,0
3019,'1497016',1105,,674,30,0,5,0
3019,'1497017',1505,,675,30,0,5,0
3019,'1497018',2105,,676,30,0,5,0
3019,'1497019',805,,677,30,0,5,0
3019,'1497020',2108,,678,88,,,0
3019,'1497021',1205,,679,30,0,5,0
3019,'1497022',638,,680,32,,,0
3019,'1497024',708,,682,88,,,0
