3019,'1496125',1615,,1056,76,,,0
3019,'1496128',1745,,1059,76,,,0
3019,'1496129',915,,1060,76,,,0
3019,'1496130',745,,1061,76,,,0
3019,'1496131',1645,,1062,76,,,0
3019,'1496133',1215,,1064,76,,,0
3019,'1496134',1145,,1065,76,,,0
3019,'1496136',815,,1067,76,,,0
3019,'1496138',945,,1069,76,,,0
3019,'1496141',1415,,1072,76,,,0
3019,'1496142',1345,,1073,76,,,0
3019,'1496144',1515,,1075,76,,,0
3019,'1496146',1315,,1077,76,,,0
3019,'1496151',845,,1082,76,,,0
3019,'1496153',1815,,1084,76,,,0
3019,'1496154',1445,,1085,76,,,0
3019,'1496155',1045,,1086,76,,,0
3019,'1496159',1115,,1090,76,,,0
3019,'1496164',1245,,1095,76,,,0
3019,'1496165',1715,,1096,76,,,0
3019,'1496167',1015,,1098,76,,,0
3019,'1496168',1545,,1099,76,,,0
3019,'1496171',615,,1102,20,,,0
3019,'1496173',715,,1104,76,,,0
3019,'1496374',1615,,1105,76,,,0
3019,'1496377',1745,,1108,76,,,0
3019,'1496378',2100,,1109,76,,,0
3019,'1496380',915,,1111,76,,,0
3019,'1496381',745,,1112,76,,,0
3019,'1496382',1645,,1113,76,,,0
3019,'1496385',1215,,1116,76,,,0
3019,'1496386',1145,,1117,76,,,0
3019,'1496388',815,,1119,76,,,0
3019,'1496392',945,,1123,76,,,0
3019,'1496395',2300,,1126,76,,,0
3019,'1496396',1415,,1127,76,,,0
3019,'1496398',1345,,1129,76,,,0
3019,'1496400',1515,,1131,76,,,0
3019,'1496402',1315,,1133,76,,,0
3019,'1496404',2200,,1135,76,,,0
3019,'1496409',845,,1140,76,,,0
3019,'1496411',1815,,1142,76,,,0
3019,'1496412',1445,,1143,76,,,0
3019,'1496413',1045,,1144,76,,,0
3019,'1496417',1115,,1148,76,,,0
3019,'1496422',1245,,1153,76,,,0
3019,'1496423',1715,,1154,76,,,0
3019,'1496425',1015,,1156,76,,,0
3019,'1496426',1545,,1157,76,,,0
3019,'1496427',1900,,1158,76,,,0
3019,'1496431',615,,1162,20,,,0
3019,'1496432',2000,,1163,76,,,0
3019,'1496434',715,,1165,76,,,0
3019,'1496453',800,,1166,76,,,0
3019,'1496455',1500,,1168,76,,,0
3019,'1496457',900,,1170,76,,,0
3019,'1496458',1200,,1171,76,,,0
3019,'1496459',2300,,1172,76,,,0
3019,'1496460',1900,,1173,76,,,0
3019,'1496463',1400,,1176,76,,,0
3019,'1496465',2000,,1178,76,,,0
3019,'1496467',1700,,1180,76,,,0
3019,'1496468',1000,,1181,76,,,0
3019,'1496469',1300,,1182,76,,,0
3019,'1496473',2200,,1186,76,,,0
3019,'1496474',1800,,1187,76,,,0
3019,'1496475',1100,,1188,76,,,0
3019,'1496479',1600,,1192,76,,,0
3019,'1496484',2100,,1197,76,,,0
3019,'1496486',630,,1199,20,,,0
3019,'1496488',700,,1201,76,,,0
3019,'1496627',800,,1203,76,,,0
3019,'1496629',1500,,1205,76,,,0
3019,'1496631',900,,1207,76,,,0
3019,'1496632',1200,,1208,76,,,0
3019,'1496633',1900,,1209,76,,,0
3019,'1496636',1400,,1212,76,,,0
3019,'1496638',2000,,1214,76,,,0
3019,'1496640',1700,,1216,76,,,0
3019,'1496641',1000,,1217,76,,,0
3019,'1496642',1300,,1218,76,,,0
3019,'1496645',2200,,1221,76,,,0
3019,'1496646',1800,,1222,76,,,0
3019,'1496647',1100,,1223,76,,,0
3019,'1496651',1600,,1227,76,,,0
3019,'1496656',2100,,1232,76,,,0
3019,'1496658',730,,1234,20,,,0
