1029,'1496065',1503,,792,62,,,0
1029,'1496066',1603,,793,62,,,0
1029,'1496068',1703,,794,62,,,0
1029,'1496070',803,,795,62,,,0
1029,'1496073',1103,,796,62,,,0
1029,'1496077',933,,797,62,,,0
1029,'1496078',1733,,798,62,,,0
1029,'1496079',1633,,799,62,,,0
1029,'1496081',1233,,800,62,,,0
1029,'1496082',1303,,801,62,,,0
1029,'1496083',1433,,802,62,,,0
1029,'1496084',1033,,803,62,,,0
1029,'1496086',733,,804,62,,,0
1029,'1496088',1803,,805,62,,,0
1029,'1496092',1403,,806,62,,,0
1029,'1496094',1003,,807,62,,,0
1029,'1496096',1203,,808,62,,,0
1029,'1496098',903,,809,62,,,0
1029,'1496101',833,,810,62,,,0
1029,'1496105',1533,,811,62,,,0
1029,'1496106',1333,,812,62,,,0
1029,'1496108',1133,,813,62,,,0
1029,'1496111',635,,814,17,,,0
1029,'1496294',1503,,815,62,,,0
1029,'1496295',1603,,816,62,,,0
1029,'1496297',1703,,817,62,,,0
1029,'1496299',803,,818,62,,,0
1029,'1496300',2133,,819,62,,,0
1029,'1496304',1103,,820,62,,,0
1029,'1496309',2033,,821,62,,,0
1029,'1496310',933,,822,62,,,0
1029,'1496311',1733,,823,62,,,0
1029,'1496312',1633,,824,62,,,0
1029,'1496316',1833,,825,62,,,0
1029,'1496317',1233,,826,62,,,0
1029,'1496318',1303,,827,62,,,0
1029,'1496319',1433,,828,62,,,0
1029,'1496320',1033,,829,62,,,0
1029,'1496322',733,,830,62,,,0
1029,'1496324',1903,,831,62,,,0
1029,'1496325',1803,,832,62,,,0
1029,'1496329',1403,,833,62,,,0
1029,'1496332',1003,,834,62,,,0
1029,'1496333',2233,,835,62,,,0
1029,'1496335',1203,,836,62,,,0
1029,'1496337',2333,,837,62,,,0
1029,'1496339',903,,838,62,,,0
1029,'1496342',833,,839,62,,,0
1029,'1496346',1533,,840,62,,,0
1029,'1496347',1333,,841,62,,,0
1029,'1496349',1133,,842,62,,,0
1029,'1496352',635,,843,17,,,0
1029,'1496354',1933,,844,62,,,0
1029,'1496527',1933,,845,62,,,0
1029,'1496528',2133,,846,62,,,0
1029,'1496533',1833,,847,62,,,0
1029,'1496534',2233,,848,62,,,0
1029,'1496535',1333,,849,62,,,0
1029,'1496537',1133,,850,62,,,0
1029,'1496539',1033,,851,62,,,0
1029,'1496540',2033,,852,62,,,0
1029,'1496542',733,,853,62,,,0
1029,'1496544',2333,,854,62,,,0
1029,'1496545',1533,,855,62,,,0
1029,'1496547',1633,,856,62,,,0
1029,'1496550',833,,857,62,,,0
1029,'1496551',1233,,858,62,,,0
1029,'1496552',933,,859,62,,,0
1029,'1496555',1733,,860,62,,,0
1029,'1496556',1433,,861,62,,,0
1029,'1496562',1933,,862,62,,,0
1029,'1496563',2133,,863,62,,,0
1029,'1496567',1833,,864,62,,,0
1029,'1496568',2233,,865,62,,,0
1029,'1496569',1333,,866,62,,,0
1029,'1496571',1133,,867,62,,,0
1029,'1496573',1033,,868,62,,,0
1029,'1496574',2033,,869,62,,,0
1029,'1496577',2333,,870,62,,,0
1029,'1496578',1533,,871,62,,,0
1029,'1496580',1633,,872,62,,,0
1029,'1496583',833,,873,62,,,0
1029,'1496584',1233,,874,62,,,0
1029,'1496585',933,,875,62,,,0
1029,'1496588',1733,,876,62,,,0
1029,'1496589',1433,,877,62,,,0
