1019,'1491950',731,,37,38,,,0
1019,'1491952',831,,38,38,,,0
1019,'1491955',1601,,39,38,,,0
1019,'1491956',2146,,40,38,,,0
1019,'1491957',1701,,41,38,,,0
1019,'1491959',801,,42,38,,,0
1019,'1491960',1501,,43,38,,,0
1019,'1491961',1301,,44,38,,,0
1019,'1491962',1831,,45,38,,,0
1019,'1491967',1401,,46,38,,,0
1019,'1491968',1946,,47,38,,,0
1019,'1491969',2046,,48,38,,,0
1019,'1491975',1101,,49,38,,,0
1019,'1491977',1331,,50,38,,,0
1019,'1491980',901,,51,38,,,0
1019,'1491981',1201,,52,38,,,0
1019,'1491982',1001,,53,38,,,0
1019,'1491984',2340,,54,38,,,0
1019,'1491985',1801,,55,38,,,0
1019,'1491988',1031,,56,38,,,0
1019,'1491990',931,,57,38,,,0
1019,'1491992',2246,,58,38,,,0
1019,'1491994',1431,,59,38,,,0
1019,'1491995',1531,,60,38,,,0
1019,'1491997',701,,61,38,,,0
1019,'1491998',1231,,62,38,,,0
1019,'1491999',1131,,63,38,,,0
1019,'1492002',1731,,64,38,,,0
1019,'1492004',1631,,65,38,,,0
1019,'1492005',601,,66,8,,,0
1019,'1492007',1901,,67,38,,,0
1019,'1496918',1346,,576,39,,,0
1019,'1496921',1946,,577,39,,,0
1019,'1496922',746,,578,39,,,0
1019,'1496923',646,,579,39,,,0
1019,'1496924',2046,,580,39,,,0
1019,'1496928',1046,,581,39,,,0
1019,'1496930',1446,,582,39,,,0
1019,'1496933',1646,,583,39,,,0
1019,'1496935',1146,,584,39,,,0
1019,'1496938',2146,,585,39,,,0
1019,'1496940',1546,,586,39,,,0
1019,'1496941',1746,,587,39,,,0
1019,'1496945',946,,588,39,,,0
1019,'1496946',846,,589,39,,,0
1019,'1496949',1246,,590,39,,,0
1019,'1496950',1846,,591,39,,,0
1019,'1496951',2341,,592,39,,,0
1019,'1496952',2246,,593,39,,,0
