3019,'1488507',932,,436,123,0,5,0
3019,'1488508',1132,,437,123,0,5,0
3019,'1488511',2202,,438,123,0,5,0
3019,'1488515',2302,,439,123,0,5,0
3019,'1488516',1202,,440,123,0,5,0
3019,'1488519',1732,,441,123,0,5,0
3019,'1488521',2352,,442,123,0,5,0
3019,'1488522',1532,,443,123,0,5,0
3019,'1488523',2002,,444,123,0,5,0
3019,'1488525',1302,,445,123,0,5,0
3019,'1488526',832,,446,123,0,5,0
3019,'1488529',2102,,447,123,0,5,0
3019,'1488531',802,,448,123,0,5,0
3019,'1488533',1832,,449,123,0,5,0
3019,'1488535',1402,,450,123,0,5,0
3019,'1488537',1902,,451,123,0,5,0
3019,'1488538',1102,,452,123,0,5,0
3019,'1488539',1332,,453,123,0,5,0
3019,'1488540',1432,,454,123,0,5,0
3019,'1488542',902,,455,123,0,5,0
3019,'1488546',1032,,456,123,0,5,0
3019,'1488547',1702,,457,123,0,5,0
3019,'1488548',1502,,458,123,0,5,0
3019,'1488550',1802,,459,123,0,5,0
3019,'1488551',1232,,460,123,0,5,0
3019,'1488552',1602,,461,123,0,5,0
3019,'1488553',632,,462,43,0,5,0
3019,'1488556',1632,,463,123,0,5,0
3019,'1488560',1002,,464,123,0,5,0
3019,'1488565',702,,465,90,0,5,0
