3019,'1496126',932,,1057,119,0,5,0
3019,'1496127',1132,,1058,119,0,5,0
3019,'1496132',1202,,1063,119,0,5,0
3019,'1496135',1732,,1066,119,0,5,0
3019,'1496137',1532,,1068,119,0,5,0
3019,'1496139',1302,,1070,119,0,5,0
3019,'1496140',832,,1071,119,0,5,0
3019,'1496143',802,,1074,119,0,5,0
3019,'1496145',1832,,1076,119,0,5,0
3019,'1496147',1402,,1078,119,0,5,0
3019,'1496148',1102,,1079,119,0,5,0
3019,'1496149',1332,,1080,119,0,5,0
3019,'1496150',1432,,1081,119,0,5,0
3019,'1496152',902,,1083,119,0,5,0
3019,'1496156',1032,,1087,119,0,5,0
3019,'1496157',1702,,1088,119,0,5,0
3019,'1496158',1502,,1089,119,0,5,0
3019,'1496160',1802,,1091,119,0,5,0
3019,'1496161',1232,,1092,119,0,5,0
3019,'1496162',1602,,1093,119,0,5,0
3019,'1496163',632,,1094,41,0,5,0
3019,'1496166',1632,,1097,119,0,5,0
3019,'1496169',1002,,1100,119,0,5,0
3019,'1496172',702,,1103,88,0,5,0
3019,'1496375',932,,1106,119,0,5,0
3019,'1496376',1132,,1107,119,0,5,0
3019,'1496379',2202,,1110,119,0,5,0
3019,'1496383',2302,,1114,119,0,5,0
3019,'1496384',1202,,1115,119,0,5,0
3019,'1496387',1732,,1118,119,0,5,0
3019,'1496389',2352,,1120,119,0,5,0
3019,'1496390',1532,,1121,119,0,5,0
3019,'1496391',2002,,1122,119,0,5,0
3019,'1496393',1302,,1124,119,0,5,0
3019,'1496394',832,,1125,119,0,5,0
3019,'1496397',2102,,1128,119,0,5,0
3019,'1496399',802,,1130,119,0,5,0
3019,'1496401',1832,,1132,119,0,5,0
3019,'1496403',1402,,1134,119,0,5,0
3019,'1496405',1902,,1136,119,0,5,0
3019,'1496406',1102,,1137,119,0,5,0
3019,'1496407',1332,,1138,119,0,5,0
3019,'1496408',1432,,1139,119,0,5,0
3019,'1496410',902,,1141,119,0,5,0
3019,'1496414',1032,,1145,119,0,5,0
3019,'1496415',1702,,1146,119,0,5,0
3019,'1496416',1502,,1147,119,0,5,0
3019,'1496418',1802,,1149,119,0,5,0
3019,'1496419',1232,,1150,119,0,5,0
3019,'1496420',1602,,1151,119,0,5,0
3019,'1496421',632,,1152,41,0,5,0
3019,'1496424',1632,,1155,119,0,5,0
3019,'1496428',1002,,1159,119,0,5,0
3019,'1496433',702,,1164,88,0,5,0
3019,'1496454',1802,,1167,119,0,5,0
3019,'1496456',2302,,1169,119,0,5,0
3019,'1496461',2002,,1174,119,0,5,0
3019,'1496462',1502,,1175,119,0,5,0
3019,'1496464',2102,,1177,119,0,5,0
3019,'1496466',2352,,1179,119,0,5,0
3019,'1496470',1902,,1183,119,0,5,0
3019,'1496471',802,,1184,119,0,5,0
3019,'1496472',1002,,1185,119,0,5,0
3019,'1496476',1102,,1189,119,0,5,0
3019,'1496477',1402,,1190,119,0,5,0
3019,'1496478',1702,,1191,119,0,5,0
3019,'1496480',1202,,1193,119,0,5,0
3019,'1496481',1602,,1194,119,0,5,0
3019,'1496482',2202,,1195,119,0,5,0
3019,'1496483',902,,1196,119,0,5,0
3019,'1496485',1302,,1198,119,0,5,0
3019,'1496489',632,,1202,41,0,5,0
3019,'1496628',1802,,1204,119,0,5,0
3019,'1496630',2302,,1206,119,0,5,0
3019,'1496634',2002,,1210,119,0,5,0
3019,'1496635',1502,,1211,119,0,5,0
3019,'1496637',2102,,1213,119,0,5,0
3019,'1496639',2352,,1215,119,0,5,0
3019,'1496643',1902,,1219,119,0,5,0
3019,'1496644',1002,,1220,119,0,5,0
3019,'1496648',1102,,1224,119,0,5,0
3019,'1496649',1402,,1225,119,0,5,0
3019,'1496650',1702,,1226,119,0,5,0
3019,'1496652',1202,,1228,119,0,5,0
3019,'1496653',1602,,1229,119,0,5,0
3019,'1496654',2202,,1230,119,0,5,0
3019,'1496655',902,,1231,119,0,5,0
3019,'1496657',1302,,1233,119,0,5,0
3019,'1496660',732,,1236,41,0,5,0
