3019,'1488507',838,,436,35,0,5,0
3019,'1488508',1038,,437,35,0,5,0
3019,'1488511',2108,,438,35,0,5,0
3019,'1488515',2208,,439,35,0,5,0
3019,'1488516',1108,,440,35,0,5,0
3019,'1488519',1638,,441,35,0,5,0
3019,'1488521',2307,,442,35,0,5,0
3019,'1488522',1438,,443,35,0,5,0
3019,'1488523',1908,,444,35,0,5,0
3019,'1488525',1208,,445,35,0,5,0
3019,'1488526',738,,446,35,0,5,0
3019,'1488529',2008,,447,35,0,5,0
3019,'1488531',708,,448,35,0,5,0
3019,'1488533',1738,,449,35,0,5,0
3019,'1488535',1308,,450,35,0,5,0
3019,'1488537',1808,,451,35,0,5,0
3019,'1488538',1008,,452,35,0,5,0
3019,'1488539',1238,,453,35,0,5,0
3019,'1488540',1338,,454,35,0,5,0
3019,'1488542',808,,455,35,0,5,0
3019,'1488546',938,,456,35,0,5,0
3019,'1488547',1608,,457,35,0,5,0
3019,'1488548',1408,,458,35,0,5,0
3019,'1488550',1708,,459,35,0,5,0
3019,'1488551',1138,,460,35,0,5,0
3019,'1488552',1508,,461,35,0,5,0
3019,'1488556',1538,,463,35,0,5,0
3019,'1488560',908,,464,35,0,5,0
3019,'1488565',607,,465,2,0,5,0
3019,'1491899',1626,,370,93,,,0
3019,'1491900',1756,,371,93,,,0
3019,'1491901',2111,,372,93,,,0
3019,'1491902',926,,373,93,,,0
3019,'1491903',756,,374,93,,,0
3019,'1491904',1656,,375,93,,,0
3019,'1491905',1226,,376,93,,,0
3019,'1491906',1156,,377,93,,,0
3019,'1491907',826,,378,93,,,0
3019,'1491908',956,,379,93,,,0
3019,'1491909',2311,,380,93,,,0
3019,'1491910',1426,,381,93,,,0
3019,'1491911',1356,,382,93,,,0
3019,'1491912',1526,,383,93,,,0
3019,'1491913',1326,,384,93,,,0
3019,'1491914',2211,,385,93,,,0
3019,'1491915',856,,386,93,,,0
3019,'1491916',1826,,387,93,,,0
3019,'1491917',1456,,388,93,,,0
3019,'1491918',1056,,389,93,,,0
3019,'1491919',1126,,390,93,,,0
3019,'1491920',1256,,391,93,,,0
3019,'1491921',1726,,392,93,,,0
3019,'1491922',1026,,393,93,,,0
3019,'1491923',1556,,394,93,,,0
3019,'1491924',1911,,395,93,,,0
3019,'1491926',556,,397,2,,,0
3019,'1491927',626,,398,36,,,0
3019,'1491928',2011,,399,93,,,0
3019,'1492021',726,,400,93,,,0
3019,'1496989',811,,647,92,,,0
3019,'1496990',1708,,648,33,0,5,0
3019,'1496991',1511,,649,92,,,0
3019,'1496992',2208,,650,33,0,5,0
3019,'1496993',911,,651,92,,,0
3019,'1496994',1211,,652,92,,,0
3019,'1496995',2311,,653,92,,,0
3019,'1496996',1911,,654,92,,,0
3019,'1496997',1908,,655,33,0,5,0
3019,'1496998',1408,,656,33,0,5,0
3019,'1496999',1411,,657,92,,,0
3019,'1497000',2008,,658,33,0,5,0
3019,'1497001',2011,,659,92,,,0
3019,'1497002',2307,,660,33,0,5,0
3019,'1497003',1711,,661,92,,,0
3019,'1497004',1011,,662,92,,,0
3019,'1497005',1311,,663,92,,,0
3019,'1497006',1808,,664,33,0,5,0
3019,'1497007',708,,665,33,0,5,0
3019,'1497008',908,,666,33,0,5,0
3019,'1497009',2211,,667,92,,,0
3019,'1497010',1811,,668,92,,,0
3019,'1497011',1111,,669,92,,,0
3019,'1497012',1008,,670,33,0,5,0
3019,'1497013',1308,,671,33,0,5,0
3019,'1497014',1608,,672,33,0,5,0
3019,'1497015',1611,,673,92,,,0
3019,'1497016',1108,,674,33,0,5,0
3019,'1497017',1508,,675,33,0,5,0
3019,'1497018',2108,,676,33,0,5,0
3019,'1497019',808,,677,33,0,5,0
3019,'1497020',2111,,678,92,,,0
3019,'1497021',1208,,679,33,0,5,0
3019,'1497022',641,,680,36,,,0
3019,'1497024',711,,682,92,,,0
