3019,'1491899',1557,,370,51,,,0
3019,'1491900',1727,,371,51,,,0
3019,'1491901',2042,,372,51,,,0
3019,'1491902',857,,373,51,,,0
3019,'1491903',727,,374,51,,,0
3019,'1491904',1627,,375,51,,,0
3019,'1491905',1157,,376,51,,,0
3019,'1491906',1127,,377,51,,,0
3019,'1491907',757,,378,51,,,0
3019,'1491908',927,,379,51,,,0
3019,'1491909',2242,,380,51,,,0
3019,'1491910',1357,,381,51,,,0
3019,'1491911',1327,,382,51,,,0
3019,'1491912',1457,,383,51,,,0
3019,'1491913',1257,,384,51,,,0
3019,'1491914',2142,,385,51,,,0
3019,'1491915',827,,386,51,,,0
3019,'1491916',1757,,387,51,,,0
3019,'1491917',1427,,388,51,,,0
3019,'1491918',1027,,389,51,,,0
3019,'1491919',1057,,390,51,,,0
3019,'1491920',1227,,391,51,,,0
3019,'1491921',1657,,392,51,,,0
3019,'1491922',957,,393,51,,,0
3019,'1491923',1527,,394,51,,,0
3019,'1491924',1842,,395,51,,,0
3019,'1491925',2338,,396,51,,,0
3019,'1491928',1942,,399,51,,,0
3019,'1492021',657,,400,51,,,0
3019,'1496989',742,,647,50,,,0
3019,'1496991',1442,,649,50,,,0
3019,'1496993',842,,651,50,,,0
3019,'1496994',1142,,652,50,,,0
3019,'1496995',2242,,653,50,,,0
3019,'1496996',1842,,654,50,,,0
3019,'1496999',1342,,657,50,,,0
3019,'1497001',1942,,659,50,,,0
3019,'1497003',1642,,661,50,,,0
3019,'1497004',942,,662,50,,,0
3019,'1497005',1242,,663,50,,,0
3019,'1497009',2142,,667,50,,,0
3019,'1497010',1742,,668,50,,,0
3019,'1497011',1042,,669,50,,,0
3019,'1497015',1542,,673,50,,,0
3019,'1497020',2042,,678,50,,,0
3019,'1497023',2338,,681,50,,,0
3019,'1497024',642,,682,50,,,0
