1029,'1491948',1430,,124,23,,,0
1029,'1491949',1530,,125,23,,,0
1029,'1491951',1630,,126,23,,,0
1029,'1491953',730,,127,23,,,0
1029,'1491954',2100,,128,23,,,0
1029,'1491958',1030,,129,23,,,0
1029,'1491963',2000,,130,23,,,0
1029,'1491964',900,,131,23,,,0
1029,'1491965',1700,,132,23,,,0
1029,'1491966',1600,,133,23,,,0
1029,'1491970',1800,,134,23,,,0
1029,'1491971',1200,,135,23,,,0
1029,'1491972',1230,,136,23,,,0
1029,'1491973',1400,,137,23,,,0
1029,'1491974',1000,,138,23,,,0
1029,'1491976',700,,139,23,,,0
1029,'1491978',1830,,140,23,,,0
1029,'1491979',1730,,141,23,,,0
1029,'1491983',1330,,142,23,,,0
1029,'1491986',930,,143,23,,,0
1029,'1491987',2200,,144,23,,,0
1029,'1491989',1130,,145,23,,,0
1029,'1491991',2300,,146,23,,,0
1029,'1491993',830,,147,23,,,0
1029,'1491996',800,,148,23,,,0
1029,'1492000',1500,,149,23,,,0
1029,'1492001',1300,,150,23,,,0
1029,'1492003',1100,,151,23,,,0
1029,'1492008',1900,,153,23,,,0
1029,'1496919',1858,,594,23,,,0
1029,'1496920',2058,,595,23,,,0
1029,'1496925',1758,,596,23,,,0
1029,'1496926',2158,,597,23,,,0
1029,'1496927',1258,,598,23,,,0
1029,'1496929',1058,,599,23,,,0
1029,'1496931',958,,600,23,,,0
1029,'1496932',1958,,601,23,,,0
1029,'1496934',658,,602,23,,,0
1029,'1496936',2258,,603,23,,,0
1029,'1496937',1458,,604,23,,,0
1029,'1496939',1558,,605,23,,,0
1029,'1496942',758,,606,23,,,0
1029,'1496943',1158,,607,23,,,0
1029,'1496944',858,,608,23,,,0
1029,'1496947',1658,,609,23,,,0
1029,'1496948',1358,,610,23,,,0
2029,'1492022',1959,,280,23,,,0
2029,'1492026',859,,281,23,,,0
2029,'1492029',1359,,282,23,,,0
2029,'1492030',1159,,283,23,,,0
2029,'1492031',1759,,284,23,,,0
2029,'1492033',1229,,285,23,,,0
2029,'1492035',1529,,286,23,,,0
2029,'1492039',929,,287,23,,,0
2029,'1492041',2159,,288,23,,,0
2029,'1492044',759,,289,23,,,0
2029,'1492046',1559,,290,23,,,0
2029,'1492047',1429,,291,23,,,0
2029,'1492049',2258,,292,23,,,0
2029,'1492050',1029,,293,23,,,0
2029,'1492051',659,,294,23,,,0
2029,'1492052',1259,,295,23,,,0
2029,'1492054',1859,,296,23,,,0
2029,'1492056',1629,,297,23,,,0
2029,'1492059',1459,,298,23,,,0
2029,'1492060',1329,,299,23,,,0
2029,'1492061',729,,300,23,,,0
2029,'1492063',1659,,301,23,,,0
2029,'1492065',959,,302,23,,,0
2029,'1492070',829,,303,23,,,0
2029,'1492071',2059,,304,23,,,0
2029,'1492072',1129,,305,23,,,0
2029,'1492073',1059,,306,23,,,0
2029,'1492076',1729,,307,23,,,0
2029,'1496956',1702,,630,24,,,0
2029,'1496959',1102,,631,24,,,0
2029,'1496960',2202,,632,24,,,0
2029,'1496963',2258,,633,24,,,0
2029,'1496964',1002,,634,24,,,0
2029,'1496965',2002,,635,24,,,0
2029,'1496966',902,,636,24,,,0
2029,'1496967',1502,,637,24,,,0
2029,'1496969',2102,,638,24,,,0
2029,'1496971',1802,,639,24,,,0
2029,'1496972',1202,,640,24,,,0
2029,'1496976',1402,,641,24,,,0
2029,'1496977',802,,642,24,,,0
2029,'1496978',1302,,643,24,,,0
2029,'1496980',1902,,644,24,,,0
2029,'1496982',1602,,645,24,,,0
2029,'1496985',702,,646,24,,,0
