2029,'1492022',2056,,280,114,,,0
2029,'1492026',956,,281,114,,,0
2029,'1492029',1456,,282,114,,,0
2029,'1492030',1256,,283,114,,,0
2029,'1492031',1856,,284,114,,,0
2029,'1492033',1326,,285,114,,,0
2029,'1492035',1626,,286,114,,,0
2029,'1492039',1026,,287,114,,,0
2029,'1492041',2256,,288,114,,,0
2029,'1492044',856,,289,114,,,0
2029,'1492046',1656,,290,114,,,0
2029,'1492047',1526,,291,114,,,0
2029,'1492049',2349,,292,114,,,0
2029,'1492050',1126,,293,114,,,0
2029,'1492051',756,,294,114,,,0
2029,'1492052',1356,,295,114,,,0
2029,'1492054',1956,,296,114,,,0
2029,'1492056',1726,,297,114,,,0
2029,'1492059',1556,,298,114,,,0
2029,'1492060',1426,,299,114,,,0
2029,'1492061',826,,300,114,,,0
2029,'1492063',1756,,301,114,,,0
2029,'1492065',1056,,302,114,,,0
2029,'1492070',926,,303,114,,,0
2029,'1492071',2156,,304,114,,,0
2029,'1492072',1226,,305,114,,,0
2029,'1492073',1156,,306,114,,,0
2029,'1492076',1826,,307,114,,,0
2029,'1492081',656,,308,78,,,0
2029,'1496956',1756,,630,115,,,0
2029,'1496959',1156,,631,115,,,0
2029,'1496960',2256,,632,115,,,0
2029,'1496963',2349,,633,115,,,0
2029,'1496964',1056,,634,115,,,0
2029,'1496965',2056,,635,115,,,0
2029,'1496966',956,,636,115,,,0
2029,'1496967',1556,,637,115,,,0
2029,'1496969',2156,,638,115,,,0
2029,'1496971',1856,,639,115,,,0
2029,'1496972',1256,,640,115,,,0
2029,'1496976',1456,,641,115,,,0
2029,'1496977',856,,642,115,,,0
2029,'1496978',1356,,643,115,,,0
2029,'1496980',1956,,644,115,,,0
2029,'1496982',1656,,645,115,,,0
2029,'1496985',756,,646,115,,,0
