1029,'1496065',1434,,792,30,,,0
1029,'1496066',1534,,793,30,,,0
1029,'1496068',1634,,794,30,,,0
1029,'1496070',734,,795,30,,,0
1029,'1496073',1034,,796,30,,,0
1029,'1496077',904,,797,30,,,0
1029,'1496078',1704,,798,30,,,0
1029,'1496079',1604,,799,30,,,0
1029,'1496081',1204,,800,30,,,0
1029,'1496082',1234,,801,30,,,0
1029,'1496083',1404,,802,30,,,0
1029,'1496084',1004,,803,30,,,0
1029,'1496086',704,,804,30,,,0
1029,'1496088',1734,,805,30,,,0
1029,'1496092',1334,,806,30,,,0
1029,'1496094',934,,807,30,,,0
1029,'1496096',1134,,808,30,,,0
1029,'1496098',834,,809,30,,,0
1029,'1496101',804,,810,30,,,0
1029,'1496105',1504,,811,30,,,0
1029,'1496106',1304,,812,30,,,0
1029,'1496108',1104,,813,30,,,0
1029,'1496294',1434,,815,30,,,0
1029,'1496295',1534,,816,30,,,0
1029,'1496297',1634,,817,30,,,0
1029,'1496299',734,,818,30,,,0
1029,'1496300',2104,,819,30,,,0
1029,'1496304',1034,,820,30,,,0
1029,'1496309',2004,,821,30,,,0
1029,'1496310',904,,822,30,,,0
1029,'1496311',1704,,823,30,,,0
1029,'1496312',1604,,824,30,,,0
1029,'1496316',1804,,825,30,,,0
1029,'1496317',1204,,826,30,,,0
1029,'1496318',1234,,827,30,,,0
1029,'1496319',1404,,828,30,,,0
1029,'1496320',1004,,829,30,,,0
1029,'1496322',704,,830,30,,,0
1029,'1496324',1834,,831,30,,,0
1029,'1496325',1734,,832,30,,,0
1029,'1496329',1334,,833,30,,,0
1029,'1496332',934,,834,30,,,0
1029,'1496333',2204,,835,30,,,0
1029,'1496335',1134,,836,30,,,0
1029,'1496337',2304,,837,30,,,0
1029,'1496339',834,,838,30,,,0
1029,'1496342',804,,839,30,,,0
1029,'1496346',1504,,840,30,,,0
1029,'1496347',1304,,841,30,,,0
1029,'1496349',1104,,842,30,,,0
1029,'1496354',1904,,844,30,,,0
1029,'1496527',1904,,845,30,,,0
1029,'1496528',2104,,846,30,,,0
1029,'1496533',1804,,847,30,,,0
1029,'1496534',2204,,848,30,,,0
1029,'1496535',1304,,849,30,,,0
1029,'1496537',1104,,850,30,,,0
1029,'1496539',1004,,851,30,,,0
1029,'1496540',2004,,852,30,,,0
1029,'1496542',704,,853,30,,,0
1029,'1496544',2304,,854,30,,,0
1029,'1496545',1504,,855,30,,,0
1029,'1496547',1604,,856,30,,,0
1029,'1496550',804,,857,30,,,0
1029,'1496551',1204,,858,30,,,0
1029,'1496552',904,,859,30,,,0
1029,'1496555',1704,,860,30,,,0
1029,'1496556',1404,,861,30,,,0
1029,'1496562',1904,,862,30,,,0
1029,'1496563',2104,,863,30,,,0
1029,'1496567',1804,,864,30,,,0
1029,'1496568',2204,,865,30,,,0
1029,'1496569',1304,,866,30,,,0
1029,'1496571',1104,,867,30,,,0
1029,'1496573',1004,,868,30,,,0
1029,'1496574',2004,,869,30,,,0
1029,'1496577',2304,,870,30,,,0
1029,'1496578',1504,,871,30,,,0
1029,'1496580',1604,,872,30,,,0
1029,'1496583',804,,873,30,,,0
1029,'1496584',1204,,874,30,,,0
1029,'1496585',904,,875,30,,,0
1029,'1496588',1704,,876,30,,,0
1029,'1496589',1404,,877,30,,,0
