4019,'1497026',851,,684,57,,,0
4019,'1497027',751,,685,57,,,0
4019,'1497028',1651,,686,57,,,0
4019,'1497029',2251,,687,57,,,0
4019,'1497030',1751,,688,57,,,0
4019,'1497031',1451,,689,57,,,0
4019,'1497032',2151,,690,57,,,0
4019,'1497033',1051,,691,57,,,0
4019,'1497034',1951,,692,57,,,0
4019,'1497035',1551,,693,57,,,0
4019,'1497036',951,,694,57,,,0
4019,'1497037',1851,,695,57,,,0
4019,'1497038',1351,,696,57,,,0
4019,'1497039',651,,697,57,,,0
4019,'1497040',2051,,698,57,,,0
4019,'1497041',1151,,699,57,,,0
4019,'1497042',1251,,700,57,,,0
4019,'1497043',2345,,701,57,,,0
