4019,'1491929',648,,525,29,,,0
4019,'1491930',2330,,526,29,,,0
4019,'1491931',1048,,527,29,,,0
4019,'1491932',848,,528,29,,,0
4019,'1491933',2033,,529,29,,,0
4019,'1491934',1648,,530,29,,,0
4019,'1491935',1848,,531,29,,,0
4019,'1491936',2133,,532,29,,,0
4019,'1491937',948,,533,29,,,0
4019,'1491938',1148,,534,29,,,0
4019,'1491939',1933,,535,29,,,0
4019,'1491940',748,,536,29,,,0
4019,'1491941',1548,,537,29,,,0
4019,'1491942',1748,,538,29,,,0
4019,'1491943',1348,,539,29,,,0
4019,'1491944',1448,,540,29,,,0
4019,'1491945',2233,,541,29,,,0
4019,'1491946',1248,,542,29,,,0
4019,'1497026',833,,684,29,,,0
4019,'1497027',733,,685,29,,,0
4019,'1497028',1633,,686,29,,,0
4019,'1497029',2233,,687,29,,,0
4019,'1497030',1733,,688,29,,,0
4019,'1497031',1433,,689,29,,,0
4019,'1497032',2133,,690,29,,,0
4019,'1497033',1033,,691,29,,,0
4019,'1497034',1933,,692,29,,,0
4019,'1497035',1533,,693,29,,,0
4019,'1497036',933,,694,29,,,0
4019,'1497037',1833,,695,29,,,0
4019,'1497038',1333,,696,29,,,0
4019,'1497039',633,,697,29,,,0
4019,'1497040',2033,,698,29,,,0
4019,'1497041',1133,,699,29,,,0
4019,'1497042',1233,,700,29,,,0
4019,'1497043',2330,,701,29,,,0
