3019,'1490334',615,,333,19,,,0
3019,'1491708',800,,334,76,,,0
3019,'1491709',1500,,335,76,,,0
3019,'1491710',900,,336,76,,,0
3019,'1491711',1200,,337,76,,,0
3019,'1491712',1900,,338,76,,,0
3019,'1491713',1400,,339,76,,,0
3019,'1491714',2000,,340,76,,,0
3019,'1491715',1700,,341,76,,,0
3019,'1491716',1000,,342,76,,,0
3019,'1491717',1300,,343,76,,,0
3019,'1491718',2200,,344,76,,,0
3019,'1491719',1800,,345,76,,,0
3019,'1491720',1100,,346,76,,,0
3019,'1491721',1600,,347,76,,,0
3019,'1491722',2100,,348,76,,,0
3019,'1491723',730,,349,19,,,0
3019,'1491862',800,,351,76,,,0
3019,'1491863',1500,,352,76,,,0
3019,'1491864',900,,353,76,,,0
3019,'1491865',1200,,354,76,,,0
3019,'1491866',2300,,355,76,,,0
3019,'1491867',1900,,356,76,,,0
3019,'1491868',1400,,357,76,,,0
3019,'1491869',2000,,358,76,,,0
3019,'1491870',1700,,359,76,,,0
3019,'1491871',1000,,360,76,,,0
3019,'1491872',1300,,361,76,,,0
3019,'1491873',2200,,362,76,,,0
3019,'1491874',1800,,363,76,,,0
3019,'1491875',1100,,364,76,,,0
3019,'1491876',1600,,365,76,,,0
3019,'1491877',2100,,366,76,,,0
3019,'1491878',630,,367,19,,,0
3019,'1491880',700,,369,76,,,0
3019,'1491899',1615,,370,76,,,0
3019,'1491900',1745,,371,76,,,0
3019,'1491901',2100,,372,76,,,0
3019,'1491902',915,,373,76,,,0
3019,'1491903',745,,374,76,,,0
3019,'1491904',1645,,375,76,,,0
3019,'1491905',1215,,376,76,,,0
3019,'1491906',1145,,377,76,,,0
3019,'1491907',815,,378,76,,,0
3019,'1491908',945,,379,76,,,0
3019,'1491909',2300,,380,76,,,0
3019,'1491910',1415,,381,76,,,0
3019,'1491911',1345,,382,76,,,0
3019,'1491912',1515,,383,76,,,0
3019,'1491913',1315,,384,76,,,0
3019,'1491914',2200,,385,76,,,0
3019,'1491915',845,,386,76,,,0
3019,'1491916',1815,,387,76,,,0
3019,'1491917',1445,,388,76,,,0
3019,'1491918',1045,,389,76,,,0
3019,'1491919',1115,,390,76,,,0
3019,'1491920',1245,,391,76,,,0
3019,'1491921',1715,,392,76,,,0
3019,'1491922',1015,,393,76,,,0
3019,'1491923',1545,,394,76,,,0
3019,'1491924',1900,,395,76,,,0
3019,'1491927',615,,398,19,,,0
3019,'1491928',2000,,399,76,,,0
3019,'1492021',715,,400,76,,,0
