1019,'1496067',707,,702,12,,,0
1019,'1496069',807,,703,12,,,0
1019,'1496071',1537,,704,12,,,0
1019,'1496072',1637,,705,12,,,0
1019,'1496074',737,,706,12,,,0
1019,'1496075',1437,,707,12,,,0
1019,'1496076',1237,,708,12,,,0
1019,'1496080',1337,,709,12,,,0
1019,'1496085',1037,,710,12,,,0
1019,'1496087',1307,,711,12,,,0
1019,'1496089',837,,712,12,,,0
1019,'1496090',1137,,713,12,,,0
1019,'1496091',937,,714,12,,,0
1019,'1496093',1737,,715,12,,,0
1019,'1496095',1007,,716,12,,,0
1019,'1496097',907,,717,12,,,0
1019,'1496099',1407,,718,12,,,0
1019,'1496100',1507,,719,12,,,0
1019,'1496102',637,,720,12,,,0
1019,'1496103',1207,,721,12,,,0
1019,'1496104',1107,,722,12,,,0
1019,'1496107',1707,,723,12,,,0
1019,'1496109',1607,,724,12,,,0
1019,'1496296',707,,726,12,,,0
1019,'1496298',807,,727,12,,,0
1019,'1496301',1537,,728,12,,,0
1019,'1496302',2122,,729,12,,,0
1019,'1496303',1637,,730,12,,,0
1019,'1496305',737,,731,12,,,0
1019,'1496306',1437,,732,12,,,0
1019,'1496307',1237,,733,12,,,0
1019,'1496308',1807,,734,12,,,0
1019,'1496313',1337,,735,12,,,0
1019,'1496314',1922,,736,12,,,0
1019,'1496315',2022,,737,12,,,0
1019,'1496321',1037,,738,12,,,0
1019,'1496323',1307,,739,12,,,0
1019,'1496326',837,,740,12,,,0
1019,'1496327',1137,,741,12,,,0
1019,'1496328',937,,742,12,,,0
1019,'1496330',2322,,743,12,,,0
1019,'1496331',1737,,744,12,,,0
1019,'1496334',1007,,745,12,,,0
1019,'1496336',907,,746,12,,,0
1019,'1496338',2222,,747,12,,,0
1019,'1496340',1407,,748,12,,,0
1019,'1496341',1507,,749,12,,,0
1019,'1496343',637,,750,12,,,0
1019,'1496344',1207,,751,12,,,0
1019,'1496345',1107,,752,12,,,0
1019,'1496348',1707,,753,12,,,0
1019,'1496350',1607,,754,12,,,0
1019,'1496353',1837,,756,12,,,0
1019,'1496526',1322,,757,12,,,0
1019,'1496529',1922,,758,12,,,0
1019,'1496530',722,,759,12,,,0
1019,'1496531',622,,760,12,,,0
1019,'1496532',2022,,761,12,,,0
1019,'1496536',1022,,762,12,,,0
1019,'1496538',1422,,763,12,,,0
1019,'1496541',1622,,764,12,,,0
1019,'1496543',1122,,765,12,,,0
1019,'1496546',2122,,766,12,,,0
1019,'1496548',1522,,767,12,,,0
1019,'1496549',1722,,768,12,,,0
1019,'1496553',922,,769,12,,,0
1019,'1496554',822,,770,12,,,0
1019,'1496557',1222,,771,12,,,0
1019,'1496558',1822,,772,12,,,0
1019,'1496559',2322,,773,12,,,0
1019,'1496560',2222,,774,12,,,0
1019,'1496561',1322,,775,12,,,0
1019,'1496564',1922,,776,12,,,0
1019,'1496565',722,,777,12,,,0
1019,'1496566',2022,,778,12,,,0
1019,'1496570',1022,,779,12,,,0
1019,'1496572',1422,,780,12,,,0
1019,'1496575',1622,,781,12,,,0
1019,'1496576',1122,,782,12,,,0
1019,'1496579',2122,,783,12,,,0
1019,'1496581',1522,,784,12,,,0
1019,'1496582',1722,,785,12,,,0
1019,'1496586',922,,786,12,,,0
1019,'1496587',822,,787,12,,,0
1019,'1496590',1222,,788,12,,,0
1019,'1496591',1822,,789,12,,,0
1019,'1496592',2322,,790,12,,,0
1019,'1496593',2222,,791,12,,,0
