2019,'1496174',1243,,878,60,,,0
2019,'1496175',1413,,879,60,,,0
2019,'1496179',1343,,880,60,,,0
2019,'1496181',1513,,881,60,,,0
2019,'1496183',1013,,882,60,,,0
2019,'1496184',1543,,883,60,,,0
2019,'1496185',943,,884,60,,,0
2019,'1496187',1143,,885,60,,,0
2019,'1496188',913,,886,60,,,0
2019,'1496189',843,,887,60,,,0
2019,'1496191',1043,,888,60,,,0
2019,'1496194',1613,,889,60,,,0
2019,'1496198',743,,890,60,,,0
2019,'1496200',1743,,891,60,,,0
2019,'1496204',1443,,892,60,,,0
2019,'1496206',1113,,893,60,,,0
2019,'1496208',1213,,894,60,,,0
2019,'1496209',1643,,895,60,,,0
2019,'1496210',1813,,896,60,,,0
2019,'1496211',1713,,897,60,,,0
2019,'1496215',813,,898,60,,,0
2019,'1496216',1313,,899,60,,,0
2019,'1496218',713,,900,60,,,0
2019,'1496220',613,,902,28,,,0
2019,'1496223',2258,,903,60,,,0
2019,'1496224',1243,,904,60,,,0
2019,'1496225',1413,,905,60,,,0
2019,'1496227',2158,,906,60,,,0
2019,'1496228',1858,,907,60,,,0
2019,'1496232',1343,,908,60,,,0
2019,'1496234',1513,,909,60,,,0
2019,'1496236',1013,,910,60,,,0
2019,'1496237',1543,,911,60,,,0
2019,'1496238',943,,912,60,,,0
2019,'1496240',1143,,913,60,,,0
2019,'1496242',913,,914,60,,,0
2019,'1496243',843,,915,60,,,0
2019,'1496245',1043,,916,60,,,0
2019,'1496248',1613,,917,60,,,0
2019,'1496253',2058,,918,60,,,0
2019,'1496255',743,,919,60,,,0
2019,'1496257',1743,,920,60,,,0
2019,'1496262',1443,,922,60,,,0
2019,'1496264',1113,,923,60,,,0
2019,'1496266',1213,,924,60,,,0
2019,'1496267',1643,,925,60,,,0
2019,'1496268',1813,,926,60,,,0
2019,'1496269',1713,,927,60,,,0
2019,'1496274',813,,928,60,,,0
2019,'1496275',1313,,929,60,,,0
2019,'1496277',713,,930,60,,,0
2019,'1496279',613,,932,38,,,0
2019,'1496280',1958,,933,60,,,0
2019,'1496490',1758,,934,60,,,0
2019,'1496491',2158,,935,60,,,0
2019,'1496492',1358,,936,60,,,0
2019,'1496494',1158,,937,60,,,0
2019,'1496495',1458,,938,60,,,0
2019,'1496498',2058,,939,60,,,0
2019,'1496499',758,,940,60,,,0
2019,'1496505',1258,,941,60,,,0
2019,'1496507',2258,,942,60,,,0
2019,'1496510',1558,,943,60,,,0
2019,'1496511',1858,,944,60,,,0
2019,'1496512',1058,,945,60,,,0
2019,'1496516',958,,946,60,,,0
2019,'1496518',858,,947,60,,,0
2019,'1496520',1658,,948,60,,,0
2019,'1496521',1958,,949,60,,,0
2019,'1496523',658,,950,60,,,0
2019,'1496524',628,,951,28,,,0
2019,'1496594',1758,,953,60,,,0
2019,'1496595',2158,,954,60,,,0
2019,'1496596',1358,,955,60,,,0
2019,'1496598',1158,,956,60,,,0
2019,'1496599',1458,,957,60,,,0
2019,'1496602',2058,,958,60,,,0
2019,'1496603',758,,959,60,,,0
2019,'1496609',1258,,960,60,,,0
2019,'1496613',1558,,961,60,,,0
2019,'1496614',1858,,962,60,,,0
2019,'1496615',1058,,963,60,,,0
2019,'1496619',958,,964,60,,,0
2019,'1496621',858,,965,60,,,0
2019,'1496623',1658,,966,60,,,0
2019,'1496624',1958,,967,60,,,0
2019,'1496625',728,,968,28,,,0
4019,'1496112',636,,1237,11,,,0
4019,'1496113',1036,,1238,11,,,0
4019,'1496114',836,,1239,11,,,0
4019,'1496115',1636,,1240,11,,,0
4019,'1496116',936,,1241,11,,,0
4019,'1496117',1136,,1242,11,,,0
4019,'1496118',736,,1243,11,,,0
4019,'1496119',1536,,1244,11,,,0
4019,'1496120',1736,,1245,11,,,0
4019,'1496121',1336,,1246,11,,,0
4019,'1496122',1436,,1247,11,,,0
4019,'1496123',1236,,1248,11,,,0
4019,'1496355',636,,1250,11,,,0
4019,'1496356',2320,,1251,11,,,0
4019,'1496357',1036,,1252,11,,,0
4019,'1496358',836,,1253,11,,,0
4019,'1496359',2021,,1254,11,,,0
4019,'1496360',1636,,1255,11,,,0
4019,'1496361',1836,,1256,11,,,0
4019,'1496362',2121,,1257,11,,,0
4019,'1496363',936,,1258,11,,,0
4019,'1496364',1136,,1259,11,,,0
4019,'1496365',1921,,1260,11,,,0
4019,'1496366',736,,1261,11,,,0
4019,'1496367',1536,,1262,11,,,0
4019,'1496368',1736,,1263,11,,,0
4019,'1496369',1336,,1264,11,,,0
4019,'1496370',1436,,1265,11,,,0
4019,'1496371',2221,,1266,11,,,0
4019,'1496372',1236,,1267,11,,,0
4019,'1496435',821,,1269,11,,,0
4019,'1496436',721,,1270,11,,,0
4019,'1496437',1621,,1271,11,,,0
4019,'1496438',2221,,1272,11,,,0
4019,'1496439',1721,,1273,11,,,0
4019,'1496440',1421,,1274,11,,,0
4019,'1496441',2121,,1275,11,,,0
4019,'1496442',1021,,1276,11,,,0
4019,'1496443',1921,,1277,11,,,0
4019,'1496444',1521,,1278,11,,,0
4019,'1496445',921,,1279,11,,,0
4019,'1496446',1821,,1280,11,,,0
4019,'1496447',1321,,1281,11,,,0
4019,'1496448',621,,1282,11,,,0
4019,'1496449',2021,,1283,11,,,0
4019,'1496450',1121,,1284,11,,,0
4019,'1496451',1221,,1285,11,,,0
4019,'1496452',2320,,1286,11,,,0
4019,'1496661',821,,1287,11,,,0
4019,'1496662',721,,1288,11,,,0
4019,'1496663',1621,,1289,11,,,0
4019,'1496664',2221,,1290,11,,,0
4019,'1496665',1721,,1291,11,,,0
4019,'1496666',1421,,1292,11,,,0
4019,'1496667',2121,,1293,11,,,0
4019,'1496668',1021,,1294,11,,,0
4019,'1496669',1921,,1295,11,,,0
4019,'1496670',1521,,1296,11,,,0
4019,'1496671',921,,1297,11,,,0
4019,'1496672',1821,,1298,11,,,0
4019,'1496673',1321,,1299,11,,,0
4019,'1496674',2021,,1300,11,,,0
4019,'1496675',1121,,1301,11,,,0
4019,'1496676',1221,,1302,11,,,0
4019,'1496677',2320,,1303,11,,,0
