2019,'1492023',2302,,191,64,,,0
2019,'1492024',1247,,192,64,,,0
2019,'1492025',1417,,193,64,,,0
2019,'1492027',2202,,194,64,,,0
2019,'1492028',1902,,195,64,,,0
2019,'1492032',1347,,196,64,,,0
2019,'1492034',1517,,197,64,,,0
2019,'1492036',1017,,198,64,,,0
2019,'1492037',1547,,199,64,,,0
2019,'1492038',947,,200,64,,,0
2019,'1492040',1147,,201,64,,,0
2019,'1492042',917,,202,64,,,0
2019,'1492043',847,,203,64,,,0
2019,'1492045',1047,,204,64,,,0
2019,'1492048',1617,,205,64,,,0
2019,'1492053',2102,,206,64,,,0
2019,'1492055',747,,207,64,,,0
2019,'1492057',1747,,208,64,,,0
2019,'1492062',1447,,210,64,,,0
2019,'1492064',1117,,211,64,,,0
2019,'1492066',1217,,212,64,,,0
2019,'1492067',1647,,213,64,,,0
2019,'1492068',1817,,214,64,,,0
2019,'1492069',1717,,215,64,,,0
2019,'1492074',817,,216,64,,,0
2019,'1492075',1317,,217,64,,,0
2019,'1492077',717,,218,64,,,0
2019,'1492079',617,,220,42,,,0
2019,'1492080',2002,,221,64,,,0
2019,'1496953',1801,,611,65,,,0
2019,'1496954',2201,,612,65,,,0
2019,'1496955',1401,,613,65,,,0
2019,'1496957',1201,,614,65,,,0
2019,'1496958',1501,,615,65,,,0
2019,'1496961',2101,,616,65,,,0
2019,'1496962',801,,617,65,,,0
2019,'1496968',1301,,618,65,,,0
2019,'1496970',2301,,619,65,,,0
2019,'1496973',1601,,620,65,,,0
2019,'1496974',1901,,621,65,,,0
2019,'1496975',1101,,622,65,,,0
2019,'1496979',1001,,623,65,,,0
2019,'1496981',901,,624,65,,,0
2019,'1496983',1701,,625,65,,,0
2019,'1496984',2001,,626,65,,,0
2019,'1496986',701,,627,65,,,0
2019,'1496987',631,,628,33,,,0
4019,'1491929',647,,525,27,,,0
4019,'1491930',2329,,526,27,,,0
4019,'1491931',1047,,527,27,,,0
4019,'1491932',847,,528,27,,,0
4019,'1491933',2032,,529,27,,,0
4019,'1491934',1647,,530,27,,,0
4019,'1491935',1847,,531,27,,,0
4019,'1491936',2132,,532,27,,,0
4019,'1491937',947,,533,27,,,0
4019,'1491938',1147,,534,27,,,0
4019,'1491939',1932,,535,27,,,0
4019,'1491940',747,,536,27,,,0
4019,'1491941',1547,,537,27,,,0
4019,'1491942',1747,,538,27,,,0
4019,'1491943',1347,,539,27,,,0
4019,'1491944',1447,,540,27,,,0
4019,'1491945',2232,,541,27,,,0
4019,'1491946',1247,,542,27,,,0
4019,'1497026',832,,684,27,,,0
4019,'1497027',732,,685,27,,,0
4019,'1497028',1632,,686,27,,,0
4019,'1497029',2232,,687,27,,,0
4019,'1497030',1732,,688,27,,,0
4019,'1497031',1432,,689,27,,,0
4019,'1497032',2132,,690,27,,,0
4019,'1497033',1032,,691,27,,,0
4019,'1497034',1932,,692,27,,,0
4019,'1497035',1532,,693,27,,,0
4019,'1497036',932,,694,27,,,0
4019,'1497037',1832,,695,27,,,0
4019,'1497038',1332,,696,27,,,0
4019,'1497039',632,,697,27,,,0
4019,'1497040',2032,,698,27,,,0
4019,'1497041',1132,,699,27,,,0
4019,'1497042',1232,,700,27,,,0
4019,'1497043',2329,,701,27,,,0
