3019,'1491899',1558,,370,54,,,0
3019,'1491900',1728,,371,54,,,0
3019,'1491901',2043,,372,54,,,0
3019,'1491902',858,,373,54,,,0
3019,'1491903',728,,374,54,,,0
3019,'1491904',1628,,375,54,,,0
3019,'1491905',1158,,376,54,,,0
3019,'1491906',1128,,377,54,,,0
3019,'1491907',758,,378,54,,,0
3019,'1491908',928,,379,54,,,0
3019,'1491909',2243,,380,54,,,0
3019,'1491910',1358,,381,54,,,0
3019,'1491911',1328,,382,54,,,0
3019,'1491912',1458,,383,54,,,0
3019,'1491913',1258,,384,54,,,0
3019,'1491914',2143,,385,54,,,0
3019,'1491915',828,,386,54,,,0
3019,'1491916',1758,,387,54,,,0
3019,'1491917',1428,,388,54,,,0
3019,'1491918',1028,,389,54,,,0
3019,'1491919',1058,,390,54,,,0
3019,'1491920',1228,,391,54,,,0
3019,'1491921',1658,,392,54,,,0
3019,'1491922',958,,393,54,,,0
3019,'1491923',1528,,394,54,,,0
3019,'1491924',1843,,395,54,,,0
3019,'1491925',2339,,396,54,,,0
3019,'1491928',1943,,399,54,,,0
3019,'1492021',658,,400,54,,,0
3019,'1496989',743,,647,53,,,0
3019,'1496991',1443,,649,53,,,0
3019,'1496993',843,,651,53,,,0
3019,'1496994',1143,,652,53,,,0
3019,'1496995',2243,,653,53,,,0
3019,'1496996',1843,,654,53,,,0
3019,'1496999',1343,,657,53,,,0
3019,'1497001',1943,,659,53,,,0
3019,'1497003',1643,,661,53,,,0
3019,'1497004',943,,662,53,,,0
3019,'1497005',1243,,663,53,,,0
3019,'1497009',2143,,667,53,,,0
3019,'1497010',1743,,668,53,,,0
3019,'1497011',1043,,669,53,,,0
3019,'1497015',1543,,673,53,,,0
3019,'1497020',2043,,678,53,,,0
3019,'1497023',2339,,681,53,,,0
3019,'1497024',643,,682,53,,,0
