2019,'1496174',1256,,878,80,,,0
2019,'1496175',1426,,879,80,,,0
2019,'1496179',1356,,880,80,,,0
2019,'1496181',1526,,881,80,,,0
2019,'1496183',1026,,882,80,,,0
2019,'1496184',1556,,883,80,,,0
2019,'1496185',956,,884,80,,,0
2019,'1496187',1156,,885,80,,,0
2019,'1496188',926,,886,80,,,0
2019,'1496189',856,,887,80,,,0
2019,'1496191',1056,,888,80,,,0
2019,'1496194',1626,,889,80,,,0
2019,'1496198',756,,890,80,,,0
2019,'1496200',1756,,891,80,,,0
2019,'1496204',1456,,892,80,,,0
2019,'1496206',1126,,893,80,,,0
2019,'1496208',1226,,894,80,,,0
2019,'1496209',1656,,895,80,,,0
2019,'1496210',1826,,896,80,,,0
2019,'1496211',1726,,897,80,,,0
2019,'1496215',826,,898,80,,,0
2019,'1496216',1326,,899,80,,,0
2019,'1496218',726,,900,80,,,0
2019,'1496220',626,,902,48,,,0
2019,'1496223',2311,,903,80,,,0
2019,'1496224',1256,,904,80,,,0
2019,'1496225',1426,,905,80,,,0
2019,'1496227',2211,,906,80,,,0
2019,'1496228',1911,,907,80,,,0
2019,'1496232',1356,,908,80,,,0
2019,'1496234',1526,,909,80,,,0
2019,'1496236',1026,,910,80,,,0
2019,'1496237',1556,,911,80,,,0
2019,'1496238',956,,912,80,,,0
2019,'1496240',1156,,913,80,,,0
2019,'1496242',926,,914,80,,,0
2019,'1496243',856,,915,80,,,0
2019,'1496245',1056,,916,80,,,0
2019,'1496248',1626,,917,80,,,0
2019,'1496253',2111,,918,80,,,0
2019,'1496255',756,,919,80,,,0
2019,'1496257',1756,,920,80,,,0
2019,'1496262',1456,,922,80,,,0
2019,'1496264',1126,,923,80,,,0
2019,'1496266',1226,,924,80,,,0
2019,'1496267',1656,,925,80,,,0
2019,'1496268',1826,,926,80,,,0
2019,'1496269',1726,,927,80,,,0
2019,'1496274',826,,928,80,,,0
2019,'1496275',1326,,929,80,,,0
2019,'1496277',726,,930,80,,,0
2019,'1496279',626,,932,58,,,0
2019,'1496280',2011,,933,80,,,0
2019,'1496490',1811,,934,80,,,0
2019,'1496491',2211,,935,80,,,0
2019,'1496492',1411,,936,80,,,0
2019,'1496494',1211,,937,80,,,0
2019,'1496495',1511,,938,80,,,0
2019,'1496498',2111,,939,80,,,0
2019,'1496499',811,,940,80,,,0
2019,'1496505',1311,,941,80,,,0
2019,'1496507',2311,,942,80,,,0
2019,'1496510',1611,,943,80,,,0
2019,'1496511',1911,,944,80,,,0
2019,'1496512',1111,,945,80,,,0
2019,'1496516',1011,,946,80,,,0
2019,'1496518',911,,947,80,,,0
2019,'1496520',1711,,948,80,,,0
2019,'1496521',2011,,949,80,,,0
2019,'1496523',711,,950,80,,,0
2019,'1496524',641,,951,48,,,0
2019,'1496594',1811,,953,80,,,0
2019,'1496595',2211,,954,80,,,0
2019,'1496596',1411,,955,80,,,0
2019,'1496598',1211,,956,80,,,0
2019,'1496599',1511,,957,80,,,0
2019,'1496602',2111,,958,80,,,0
2019,'1496603',811,,959,80,,,0
2019,'1496609',1311,,960,80,,,0
2019,'1496613',1611,,961,80,,,0
2019,'1496614',1911,,962,80,,,0
2019,'1496615',1111,,963,80,,,0
2019,'1496619',1011,,964,80,,,0
2019,'1496621',911,,965,80,,,0
2019,'1496623',1711,,966,80,,,0
2019,'1496624',2011,,967,80,,,0
2019,'1496625',741,,968,48,,,0
