1019,'1491950',749,,37,60,,,0
1019,'1491952',849,,38,60,,,0
1019,'1491955',1619,,39,60,,,0
1019,'1491956',2204,,40,60,,,0
1019,'1491957',1719,,41,60,,,0
1019,'1491959',819,,42,60,,,0
1019,'1491960',1519,,43,60,,,0
1019,'1491961',1319,,44,60,,,0
1019,'1491962',1849,,45,60,,,0
1019,'1491967',1419,,46,60,,,0
1019,'1491968',2004,,47,60,,,0
1019,'1491969',2104,,48,60,,,0
1019,'1491975',1119,,49,60,,,0
1019,'1491977',1349,,50,60,,,0
1019,'1491980',919,,51,60,,,0
1019,'1491981',1219,,52,60,,,0
1019,'1491982',1019,,53,60,,,0
1019,'1491984',2354,,54,60,,,0
1019,'1491985',1819,,55,60,,,0
1019,'1491988',1049,,56,60,,,0
1019,'1491990',949,,57,60,,,0
1019,'1491992',2304,,58,60,,,0
1019,'1491994',1449,,59,60,,,0
1019,'1491995',1549,,60,60,,,0
1019,'1491997',719,,61,60,,,0
1019,'1491998',1249,,62,60,,,0
1019,'1491999',1149,,63,60,,,0
1019,'1492002',1749,,64,60,,,0
1019,'1492004',1649,,65,60,,,0
1019,'1492005',619,,66,30,,,0
1019,'1492007',1919,,67,60,,,0
1019,'1496918',1404,,576,61,,,0
1019,'1496921',2004,,577,61,,,0
1019,'1496922',804,,578,61,,,0
1019,'1496923',704,,579,61,,,0
1019,'1496924',2104,,580,61,,,0
1019,'1496928',1104,,581,61,,,0
1019,'1496930',1504,,582,61,,,0
1019,'1496933',1704,,583,61,,,0
1019,'1496935',1204,,584,61,,,0
1019,'1496938',2204,,585,61,,,0
1019,'1496940',1604,,586,61,,,0
1019,'1496941',1804,,587,61,,,0
1019,'1496945',1004,,588,61,,,0
1019,'1496946',904,,589,61,,,0
1019,'1496949',1304,,590,61,,,0
1019,'1496950',1904,,591,61,,,0
1019,'1496951',2352,,592,61,,,0
1019,'1496952',2304,,593,61,,,0
