3019,'1496125',1542,,1056,23,,,0
3019,'1496128',1712,,1059,23,,,0
3019,'1496129',842,,1060,23,,,0
3019,'1496130',712,,1061,23,,,0
3019,'1496131',1612,,1062,23,,,0
3019,'1496133',1142,,1064,23,,,0
3019,'1496134',1112,,1065,23,,,0
3019,'1496136',742,,1067,23,,,0
3019,'1496138',912,,1069,23,,,0
3019,'1496141',1342,,1072,23,,,0
3019,'1496142',1312,,1073,23,,,0
3019,'1496144',1442,,1075,23,,,0
3019,'1496146',1242,,1077,23,,,0
3019,'1496151',812,,1082,23,,,0
3019,'1496153',1742,,1084,23,,,0
3019,'1496154',1412,,1085,23,,,0
3019,'1496155',1012,,1086,23,,,0
3019,'1496159',1042,,1090,23,,,0
3019,'1496164',1212,,1095,23,,,0
3019,'1496165',1642,,1096,23,,,0
3019,'1496167',942,,1098,23,,,0
3019,'1496168',1512,,1099,23,,,0
3019,'1496173',642,,1104,23,,,0
3019,'1496374',1542,,1105,23,,,0
3019,'1496377',1712,,1108,23,,,0
3019,'1496378',2027,,1109,23,,,0
3019,'1496380',842,,1111,23,,,0
3019,'1496381',712,,1112,23,,,0
3019,'1496382',1612,,1113,23,,,0
3019,'1496385',1142,,1116,23,,,0
3019,'1496386',1112,,1117,23,,,0
3019,'1496388',742,,1119,23,,,0
3019,'1496392',912,,1123,23,,,0
3019,'1496395',2227,,1126,23,,,0
3019,'1496396',1342,,1127,23,,,0
3019,'1496398',1312,,1129,23,,,0
3019,'1496400',1442,,1131,23,,,0
3019,'1496402',1242,,1133,23,,,0
3019,'1496404',2127,,1135,23,,,0
3019,'1496409',812,,1140,23,,,0
3019,'1496411',1742,,1142,23,,,0
3019,'1496412',1412,,1143,23,,,0
3019,'1496413',1012,,1144,23,,,0
3019,'1496417',1042,,1148,23,,,0
3019,'1496422',1212,,1153,23,,,0
3019,'1496423',1642,,1154,23,,,0
3019,'1496425',942,,1156,23,,,0
3019,'1496426',1512,,1157,23,,,0
3019,'1496427',1827,,1158,23,,,0
3019,'1496429',2325,,1160,23,,,0
3019,'1496432',1927,,1163,23,,,0
3019,'1496434',642,,1165,23,,,0
3019,'1496453',727,,1166,23,,,0
3019,'1496455',1427,,1168,23,,,0
3019,'1496457',827,,1170,23,,,0
3019,'1496458',1127,,1171,23,,,0
3019,'1496459',2227,,1172,23,,,0
3019,'1496460',1827,,1173,23,,,0
3019,'1496463',1327,,1176,23,,,0
3019,'1496465',1927,,1178,23,,,0
3019,'1496467',1627,,1180,23,,,0
3019,'1496468',927,,1181,23,,,0
3019,'1496469',1227,,1182,23,,,0
3019,'1496473',2127,,1186,23,,,0
3019,'1496474',1727,,1187,23,,,0
3019,'1496475',1027,,1188,23,,,0
3019,'1496479',1527,,1192,23,,,0
3019,'1496484',2027,,1197,23,,,0
3019,'1496487',2325,,1200,23,,,0
3019,'1496488',627,,1201,23,,,0
3019,'1496627',727,,1203,23,,,0
3019,'1496629',1427,,1205,23,,,0
3019,'1496631',827,,1207,23,,,0
3019,'1496632',1127,,1208,23,,,0
3019,'1496633',1827,,1209,23,,,0
3019,'1496636',1327,,1212,23,,,0
3019,'1496638',1927,,1214,23,,,0
3019,'1496640',1627,,1216,23,,,0
3019,'1496641',927,,1217,23,,,0
3019,'1496642',1227,,1218,23,,,0
3019,'1496645',2127,,1221,23,,,0
3019,'1496646',1727,,1222,23,,,0
3019,'1496647',1027,,1223,23,,,0
3019,'1496651',1527,,1227,23,,,0
3019,'1496656',2027,,1232,23,,,0
3019,'1496659',2325,,1235,23,,,0
