3019,'1488507',930,,436,115,0,5,0
3019,'1488508',1130,,437,115,0,5,0
3019,'1488511',2200,,438,115,0,5,0
3019,'1488515',2300,,439,115,0,5,0
3019,'1488516',1200,,440,115,0,5,0
3019,'1488519',1730,,441,115,0,5,0
3019,'1488521',2350,,442,115,0,5,0
3019,'1488522',1530,,443,115,0,5,0
3019,'1488523',2000,,444,115,0,5,0
3019,'1488525',1300,,445,115,0,5,0
3019,'1488526',830,,446,115,0,5,0
3019,'1488529',2100,,447,115,0,5,0
3019,'1488531',800,,448,115,0,5,0
3019,'1488533',1830,,449,115,0,5,0
3019,'1488535',1400,,450,115,0,5,0
3019,'1488537',1900,,451,115,0,5,0
3019,'1488538',1100,,452,115,0,5,0
3019,'1488539',1330,,453,115,0,5,0
3019,'1488540',1430,,454,115,0,5,0
3019,'1488542',900,,455,115,0,5,0
3019,'1488546',1030,,456,115,0,5,0
3019,'1488547',1700,,457,115,0,5,0
3019,'1488548',1500,,458,115,0,5,0
3019,'1488550',1800,,459,115,0,5,0
3019,'1488551',1230,,460,115,0,5,0
3019,'1488552',1600,,461,115,0,5,0
3019,'1488553',630,,462,35,0,5,0
3019,'1488556',1630,,463,115,0,5,0
3019,'1488560',1000,,464,115,0,5,0
3019,'1488565',700,,465,82,0,5,0
3019,'1496990',1800,,648,113,0,5,0
3019,'1496992',2300,,650,113,0,5,0
3019,'1496997',2000,,655,113,0,5,0
3019,'1496998',1500,,656,113,0,5,0
3019,'1497000',2100,,658,113,0,5,0
3019,'1497002',2350,,660,113,0,5,0
3019,'1497006',1900,,664,113,0,5,0
3019,'1497007',800,,665,113,0,5,0
3019,'1497008',1000,,666,113,0,5,0
3019,'1497012',1100,,670,113,0,5,0
3019,'1497013',1400,,671,113,0,5,0
3019,'1497014',1700,,672,113,0,5,0
3019,'1497016',1200,,674,113,0,5,0
3019,'1497017',1600,,675,113,0,5,0
3019,'1497018',2200,,676,113,0,5,0
3019,'1497019',900,,677,113,0,5,0
3019,'1497021',1300,,679,113,0,5,0
3019,'1497025',630,,683,35,0,5,0
