2029,'1492022',2029,,280,73,,,0
2029,'1492026',929,,281,73,,,0
2029,'1492029',1429,,282,73,,,0
2029,'1492030',1229,,283,73,,,0
2029,'1492031',1829,,284,73,,,0
2029,'1492033',1259,,285,73,,,0
2029,'1492035',1559,,286,73,,,0
2029,'1492039',959,,287,73,,,0
2029,'1492041',2229,,288,73,,,0
2029,'1492044',829,,289,73,,,0
2029,'1492046',1629,,290,73,,,0
2029,'1492047',1459,,291,73,,,0
2029,'1492049',2326,,292,73,,,0
2029,'1492050',1059,,293,73,,,0
2029,'1492051',729,,294,73,,,0
2029,'1492052',1329,,295,73,,,0
2029,'1492054',1929,,296,73,,,0
2029,'1492056',1659,,297,73,,,0
2029,'1492059',1529,,298,73,,,0
2029,'1492060',1359,,299,73,,,0
2029,'1492061',759,,300,73,,,0
2029,'1492063',1729,,301,73,,,0
2029,'1492065',1029,,302,73,,,0
2029,'1492070',859,,303,73,,,0
2029,'1492071',2129,,304,73,,,0
2029,'1492072',1159,,305,73,,,0
2029,'1492073',1129,,306,73,,,0
2029,'1492076',1759,,307,73,,,0
2029,'1492081',629,,308,37,,,0
2029,'1496956',1729,,630,74,,,0
2029,'1496959',1129,,631,74,,,0
2029,'1496960',2229,,632,74,,,0
2029,'1496963',2326,,633,74,,,0
2029,'1496964',1029,,634,74,,,0
2029,'1496965',2029,,635,74,,,0
2029,'1496966',929,,636,74,,,0
2029,'1496967',1529,,637,74,,,0
2029,'1496969',2129,,638,74,,,0
2029,'1496971',1829,,639,74,,,0
2029,'1496972',1229,,640,74,,,0
2029,'1496976',1429,,641,74,,,0
2029,'1496977',829,,642,74,,,0
2029,'1496978',1329,,643,74,,,0
2029,'1496980',1929,,644,74,,,0
2029,'1496982',1629,,645,74,,,0
2029,'1496985',729,,646,74,,,0
