3019,'1488507',931,,436,118,0,5,0
3019,'1488508',1131,,437,118,0,5,0
3019,'1488511',2201,,438,118,0,5,0
3019,'1488515',2301,,439,118,0,5,0
3019,'1488516',1201,,440,118,0,5,0
3019,'1488519',1731,,441,118,0,5,0
3019,'1488521',2351,,442,118,0,5,0
3019,'1488522',1531,,443,118,0,5,0
3019,'1488523',2001,,444,118,0,5,0
3019,'1488525',1301,,445,118,0,5,0
3019,'1488526',831,,446,118,0,5,0
3019,'1488529',2101,,447,118,0,5,0
3019,'1488531',801,,448,118,0,5,0
3019,'1488533',1831,,449,118,0,5,0
3019,'1488535',1401,,450,118,0,5,0
3019,'1488537',1901,,451,118,0,5,0
3019,'1488538',1101,,452,118,0,5,0
3019,'1488539',1331,,453,118,0,5,0
3019,'1488540',1431,,454,118,0,5,0
3019,'1488542',901,,455,118,0,5,0
3019,'1488546',1031,,456,118,0,5,0
3019,'1488547',1701,,457,118,0,5,0
3019,'1488548',1501,,458,118,0,5,0
3019,'1488550',1801,,459,118,0,5,0
3019,'1488551',1231,,460,118,0,5,0
3019,'1488552',1601,,461,118,0,5,0
3019,'1488553',631,,462,38,0,5,0
3019,'1488556',1631,,463,118,0,5,0
3019,'1488560',1001,,464,118,0,5,0
3019,'1488565',701,,465,85,0,5,0
3019,'1496990',1801,,648,116,0,5,0
3019,'1496992',2301,,650,116,0,5,0
3019,'1496997',2001,,655,116,0,5,0
3019,'1496998',1501,,656,116,0,5,0
3019,'1497000',2101,,658,116,0,5,0
3019,'1497002',2351,,660,116,0,5,0
3019,'1497006',1901,,664,116,0,5,0
3019,'1497007',801,,665,116,0,5,0
3019,'1497008',1001,,666,116,0,5,0
3019,'1497012',1101,,670,116,0,5,0
3019,'1497013',1401,,671,116,0,5,0
3019,'1497014',1701,,672,116,0,5,0
3019,'1497016',1201,,674,116,0,5,0
3019,'1497017',1601,,675,116,0,5,0
3019,'1497018',2201,,676,116,0,5,0
3019,'1497019',901,,677,116,0,5,0
3019,'1497021',1301,,679,116,0,5,0
3019,'1497025',631,,683,38,0,5,0
