3019,'1491899',1557,,370,52,,,0
3019,'1491900',1727,,371,52,,,0
3019,'1491901',2042,,372,52,,,0
3019,'1491902',857,,373,52,,,0
3019,'1491903',727,,374,52,,,0
3019,'1491904',1627,,375,52,,,0
3019,'1491905',1157,,376,52,,,0
3019,'1491906',1127,,377,52,,,0
3019,'1491907',757,,378,52,,,0
3019,'1491908',927,,379,52,,,0
3019,'1491909',2242,,380,52,,,0
3019,'1491910',1357,,381,52,,,0
3019,'1491911',1327,,382,52,,,0
3019,'1491912',1457,,383,52,,,0
3019,'1491913',1257,,384,52,,,0
3019,'1491914',2142,,385,52,,,0
3019,'1491915',827,,386,52,,,0
3019,'1491916',1757,,387,52,,,0
3019,'1491917',1427,,388,52,,,0
3019,'1491918',1027,,389,52,,,0
3019,'1491919',1057,,390,52,,,0
3019,'1491920',1227,,391,52,,,0
3019,'1491921',1657,,392,52,,,0
3019,'1491922',957,,393,52,,,0
3019,'1491923',1527,,394,52,,,0
3019,'1491924',1842,,395,52,,,0
3019,'1491925',2339,,396,52,,,0
3019,'1491928',1942,,399,52,,,0
3019,'1492021',657,,400,52,,,0
3019,'1496989',742,,647,51,,,0
3019,'1496991',1442,,649,51,,,0
3019,'1496993',842,,651,51,,,0
3019,'1496994',1142,,652,51,,,0
3019,'1496995',2242,,653,51,,,0
3019,'1496996',1842,,654,51,,,0
3019,'1496999',1342,,657,51,,,0
3019,'1497001',1942,,659,51,,,0
3019,'1497003',1642,,661,51,,,0
3019,'1497004',942,,662,51,,,0
3019,'1497005',1242,,663,51,,,0
3019,'1497009',2142,,667,51,,,0
3019,'1497010',1742,,668,51,,,0
3019,'1497011',1042,,669,51,,,0
3019,'1497015',1542,,673,51,,,0
3019,'1497020',2042,,678,51,,,0
3019,'1497023',2339,,681,51,,,0
3019,'1497024',642,,682,51,,,0
