3019,'1488507',930,,436,117,0,5,0
3019,'1488508',1130,,437,117,0,5,0
3019,'1488511',2200,,438,117,0,5,0
3019,'1488515',2300,,439,117,0,5,0
3019,'1488516',1200,,440,117,0,5,0
3019,'1488519',1730,,441,117,0,5,0
3019,'1488521',2350,,442,117,0,5,0
3019,'1488522',1530,,443,117,0,5,0
3019,'1488523',2000,,444,117,0,5,0
3019,'1488525',1300,,445,117,0,5,0
3019,'1488526',830,,446,117,0,5,0
3019,'1488529',2100,,447,117,0,5,0
3019,'1488531',800,,448,117,0,5,0
3019,'1488533',1830,,449,117,0,5,0
3019,'1488535',1400,,450,117,0,5,0
3019,'1488537',1900,,451,117,0,5,0
3019,'1488538',1100,,452,117,0,5,0
3019,'1488539',1330,,453,117,0,5,0
3019,'1488540',1430,,454,117,0,5,0
3019,'1488542',900,,455,117,0,5,0
3019,'1488546',1030,,456,117,0,5,0
3019,'1488547',1700,,457,117,0,5,0
3019,'1488548',1500,,458,117,0,5,0
3019,'1488550',1800,,459,117,0,5,0
3019,'1488551',1230,,460,117,0,5,0
3019,'1488552',1600,,461,117,0,5,0
3019,'1488553',630,,462,37,0,5,0
3019,'1488556',1630,,463,117,0,5,0
3019,'1488560',1000,,464,117,0,5,0
3019,'1488565',700,,465,84,0,5,0
3019,'1496990',1800,,648,115,0,5,0
3019,'1496992',2300,,650,115,0,5,0
3019,'1496997',2000,,655,115,0,5,0
3019,'1496998',1500,,656,115,0,5,0
3019,'1497000',2100,,658,115,0,5,0
3019,'1497002',2350,,660,115,0,5,0
3019,'1497006',1900,,664,115,0,5,0
3019,'1497007',800,,665,115,0,5,0
3019,'1497008',1000,,666,115,0,5,0
3019,'1497012',1100,,670,115,0,5,0
3019,'1497013',1400,,671,115,0,5,0
3019,'1497014',1700,,672,115,0,5,0
3019,'1497016',1200,,674,115,0,5,0
3019,'1497017',1600,,675,115,0,5,0
3019,'1497018',2200,,676,115,0,5,0
3019,'1497019',900,,677,115,0,5,0
3019,'1497021',1300,,679,115,0,5,0
3019,'1497025',630,,683,37,0,5,0
