4019,'1491929',709,,525,57,,,0
4019,'1491930',2345,,526,57,,,0
4019,'1491931',1109,,527,57,,,0
4019,'1491932',909,,528,57,,,0
4019,'1491933',2054,,529,57,,,0
4019,'1491934',1709,,530,57,,,0
4019,'1491935',1909,,531,57,,,0
4019,'1491936',2154,,532,57,,,0
4019,'1491937',1009,,533,57,,,0
4019,'1491938',1209,,534,57,,,0
4019,'1491939',1954,,535,57,,,0
4019,'1491940',809,,536,57,,,0
4019,'1491941',1609,,537,57,,,0
4019,'1491942',1809,,538,57,,,0
4019,'1491943',1409,,539,57,,,0
4019,'1491944',1509,,540,57,,,0
4019,'1491945',2254,,541,57,,,0
4019,'1491946',1309,,542,57,,,0
4019,'1491947',609,,543,23,,,0
