4019,'1491929',638,,525,14,,,0
4019,'1491930',2322,,526,14,,,0
4019,'1491931',1038,,527,14,,,0
4019,'1491932',838,,528,14,,,0
4019,'1491933',2023,,529,14,,,0
4019,'1491934',1638,,530,14,,,0
4019,'1491935',1838,,531,14,,,0
4019,'1491936',2123,,532,14,,,0
4019,'1491937',938,,533,14,,,0
4019,'1491938',1138,,534,14,,,0
4019,'1491939',1923,,535,14,,,0
4019,'1491940',738,,536,14,,,0
4019,'1491941',1538,,537,14,,,0
4019,'1491942',1738,,538,14,,,0
4019,'1491943',1338,,539,14,,,0
4019,'1491944',1438,,540,14,,,0
4019,'1491945',2223,,541,14,,,0
4019,'1491946',1238,,542,14,,,0
4019,'1497026',823,,684,14,,,0
4019,'1497027',723,,685,14,,,0
4019,'1497028',1623,,686,14,,,0
4019,'1497029',2223,,687,14,,,0
4019,'1497030',1723,,688,14,,,0
4019,'1497031',1423,,689,14,,,0
4019,'1497032',2123,,690,14,,,0
4019,'1497033',1023,,691,14,,,0
4019,'1497034',1923,,692,14,,,0
4019,'1497035',1523,,693,14,,,0
4019,'1497036',923,,694,14,,,0
4019,'1497037',1823,,695,14,,,0
4019,'1497038',1323,,696,14,,,0
4019,'1497039',623,,697,14,,,0
4019,'1497040',2023,,698,14,,,0
4019,'1497041',1123,,699,14,,,0
4019,'1497042',1223,,700,14,,,0
4019,'1497043',2322,,701,14,,,0
