3019,'1491899',1556,,370,49,,,0
3019,'1491900',1726,,371,49,,,0
3019,'1491901',2041,,372,49,,,0
3019,'1491902',856,,373,49,,,0
3019,'1491903',726,,374,49,,,0
3019,'1491904',1626,,375,49,,,0
3019,'1491905',1156,,376,49,,,0
3019,'1491906',1126,,377,49,,,0
3019,'1491907',756,,378,49,,,0
3019,'1491908',926,,379,49,,,0
3019,'1491909',2241,,380,49,,,0
3019,'1491910',1356,,381,49,,,0
3019,'1491911',1326,,382,49,,,0
3019,'1491912',1456,,383,49,,,0
3019,'1491913',1256,,384,49,,,0
3019,'1491914',2141,,385,49,,,0
3019,'1491915',826,,386,49,,,0
3019,'1491916',1756,,387,49,,,0
3019,'1491917',1426,,388,49,,,0
3019,'1491918',1026,,389,49,,,0
3019,'1491919',1056,,390,49,,,0
3019,'1491920',1226,,391,49,,,0
3019,'1491921',1656,,392,49,,,0
3019,'1491922',956,,393,49,,,0
3019,'1491923',1526,,394,49,,,0
3019,'1491924',1841,,395,49,,,0
3019,'1491925',2338,,396,49,,,0
3019,'1491928',1941,,399,49,,,0
3019,'1492021',656,,400,49,,,0
3019,'1496989',741,,647,48,,,0
3019,'1496991',1441,,649,48,,,0
3019,'1496993',841,,651,48,,,0
3019,'1496994',1141,,652,48,,,0
3019,'1496995',2241,,653,48,,,0
3019,'1496996',1841,,654,48,,,0
3019,'1496999',1341,,657,48,,,0
3019,'1497001',1941,,659,48,,,0
3019,'1497003',1641,,661,48,,,0
3019,'1497004',941,,662,48,,,0
3019,'1497005',1241,,663,48,,,0
3019,'1497009',2141,,667,48,,,0
3019,'1497010',1741,,668,48,,,0
3019,'1497011',1041,,669,48,,,0
3019,'1497015',1541,,673,48,,,0
3019,'1497020',2041,,678,48,,,0
3019,'1497023',2338,,681,48,,,0
3019,'1497024',641,,682,48,,,0
