1019,'1491950',743,,37,50,,,0
1019,'1491952',843,,38,50,,,0
1019,'1491955',1613,,39,50,,,0
1019,'1491956',2158,,40,50,,,0
1019,'1491957',1713,,41,50,,,0
1019,'1491959',813,,42,50,,,0
1019,'1491960',1513,,43,50,,,0
1019,'1491961',1313,,44,50,,,0
1019,'1491962',1843,,45,50,,,0
1019,'1491967',1413,,46,50,,,0
1019,'1491968',1958,,47,50,,,0
1019,'1491969',2058,,48,50,,,0
1019,'1491975',1113,,49,50,,,0
1019,'1491977',1343,,50,50,,,0
1019,'1491980',913,,51,50,,,0
1019,'1491981',1213,,52,50,,,0
1019,'1491982',1013,,53,50,,,0
1019,'1491984',2350,,54,50,,,0
1019,'1491985',1813,,55,50,,,0
1019,'1491988',1043,,56,50,,,0
1019,'1491990',943,,57,50,,,0
1019,'1491992',2258,,58,50,,,0
1019,'1491994',1443,,59,50,,,0
1019,'1491995',1543,,60,50,,,0
1019,'1491997',713,,61,50,,,0
1019,'1491998',1243,,62,50,,,0
1019,'1491999',1143,,63,50,,,0
1019,'1492002',1743,,64,50,,,0
1019,'1492004',1643,,65,50,,,0
1019,'1492005',613,,66,20,,,0
1019,'1492007',1913,,67,50,,,0
1019,'1496918',1358,,576,51,,,0
1019,'1496921',1958,,577,51,,,0
1019,'1496922',758,,578,51,,,0
1019,'1496923',658,,579,51,,,0
1019,'1496924',2058,,580,51,,,0
1019,'1496928',1058,,581,51,,,0
1019,'1496930',1458,,582,51,,,0
1019,'1496933',1658,,583,51,,,0
1019,'1496935',1158,,584,51,,,0
1019,'1496938',2158,,585,51,,,0
1019,'1496940',1558,,586,51,,,0
1019,'1496941',1758,,587,51,,,0
1019,'1496945',958,,588,51,,,0
1019,'1496946',858,,589,51,,,0
1019,'1496949',1258,,590,51,,,0
1019,'1496950',1858,,591,51,,,0
1019,'1496951',2348,,592,51,,,0
1019,'1496952',2258,,593,51,,,0
2019,'1492023',2327,,191,105,,,0
2019,'1492024',1312,,192,105,,,0
2019,'1492025',1442,,193,105,,,0
2019,'1492027',2227,,194,105,,,0
2019,'1492028',1927,,195,105,,,0
2019,'1492032',1412,,196,105,,,0
2019,'1492034',1542,,197,105,,,0
2019,'1492036',1042,,198,105,,,0
2019,'1492037',1612,,199,105,,,0
2019,'1492038',1012,,200,105,,,0
2019,'1492040',1212,,201,105,,,0
2019,'1492042',942,,202,105,,,0
2019,'1492043',912,,203,105,,,0
2019,'1492045',1112,,204,105,,,0
2019,'1492048',1642,,205,105,,,0
2019,'1492053',2127,,206,105,,,0
2019,'1492055',812,,207,105,,,0
2019,'1492057',1812,,208,105,,,0
2019,'1492062',1512,,210,105,,,0
2019,'1492064',1142,,211,105,,,0
2019,'1492066',1242,,212,105,,,0
2019,'1492067',1712,,213,105,,,0
2019,'1492068',1842,,214,105,,,0
2019,'1492069',1742,,215,105,,,0
2019,'1492074',842,,216,105,,,0
2019,'1492075',1342,,217,105,,,0
2019,'1492077',742,,218,105,,,0
2019,'1492078',612,,219,20,,,0
2019,'1492079',642,,220,83,,,0
2019,'1492080',2027,,221,105,,,0
2019,'1496953',1827,,611,106,,,0
2019,'1496954',2227,,612,106,,,0
2019,'1496955',1427,,613,106,,,0
2019,'1496957',1227,,614,106,,,0
2019,'1496958',1527,,615,106,,,0
2019,'1496961',2127,,616,106,,,0
2019,'1496962',827,,617,106,,,0
2019,'1496968',1327,,618,106,,,0
2019,'1496970',2327,,619,106,,,0
2019,'1496973',1627,,620,106,,,0
2019,'1496974',1927,,621,106,,,0
2019,'1496975',1127,,622,106,,,0
2019,'1496979',1027,,623,106,,,0
2019,'1496981',927,,624,106,,,0
2019,'1496983',1727,,625,106,,,0
2019,'1496984',2027,,626,106,,,0
2019,'1496986',727,,627,106,,,0
2019,'1496987',657,,628,74,,,0
