1029,'1491948',1435,,124,28,,,0
1029,'1491949',1535,,125,28,,,0
1029,'1491951',1635,,126,28,,,0
1029,'1491953',735,,127,28,,,0
1029,'1491954',2105,,128,28,,,0
1029,'1491958',1035,,129,28,,,0
1029,'1491963',2005,,130,28,,,0
1029,'1491964',905,,131,28,,,0
1029,'1491965',1705,,132,28,,,0
1029,'1491966',1605,,133,28,,,0
1029,'1491970',1805,,134,28,,,0
1029,'1491971',1205,,135,28,,,0
1029,'1491972',1235,,136,28,,,0
1029,'1491973',1405,,137,28,,,0
1029,'1491974',1005,,138,28,,,0
1029,'1491976',705,,139,28,,,0
1029,'1491978',1835,,140,28,,,0
1029,'1491979',1735,,141,28,,,0
1029,'1491983',1335,,142,28,,,0
1029,'1491986',935,,143,28,,,0
1029,'1491987',2205,,144,28,,,0
1029,'1491989',1135,,145,28,,,0
1029,'1491991',2305,,146,28,,,0
1029,'1491993',835,,147,28,,,0
1029,'1491996',805,,148,28,,,0
1029,'1492000',1505,,149,28,,,0
1029,'1492001',1305,,150,28,,,0
1029,'1492003',1105,,151,28,,,0
1029,'1492008',1905,,153,28,,,0
1029,'1496919',1903,,594,28,,,0
1029,'1496920',2103,,595,28,,,0
1029,'1496925',1803,,596,28,,,0
1029,'1496926',2203,,597,28,,,0
1029,'1496927',1303,,598,28,,,0
1029,'1496929',1103,,599,28,,,0
1029,'1496931',1003,,600,28,,,0
1029,'1496932',2003,,601,28,,,0
1029,'1496934',703,,602,28,,,0
1029,'1496936',2303,,603,28,,,0
1029,'1496937',1503,,604,28,,,0
1029,'1496939',1603,,605,28,,,0
1029,'1496942',803,,606,28,,,0
1029,'1496943',1203,,607,28,,,0
1029,'1496944',903,,608,28,,,0
1029,'1496947',1703,,609,28,,,0
1029,'1496948',1403,,610,28,,,0
