2029,'1492022',2106,,280,124,,,0
2029,'1492026',1006,,281,124,,,0
2029,'1492029',1506,,282,124,,,0
2029,'1492030',1306,,283,124,,,0
2029,'1492031',1906,,284,124,,,0
2029,'1492033',1336,,285,124,,,0
2029,'1492035',1636,,286,124,,,0
2029,'1492039',1036,,287,124,,,0
2029,'1492041',2306,,288,124,,,0
2029,'1492044',906,,289,124,,,0
2029,'1492046',1706,,290,124,,,0
2029,'1492047',1536,,291,124,,,0
2029,'1492049',2356,,292,124,,,0
2029,'1492050',1136,,293,124,,,0
2029,'1492051',806,,294,124,,,0
2029,'1492052',1406,,295,124,,,0
2029,'1492054',2006,,296,124,,,0
2029,'1492056',1736,,297,124,,,0
2029,'1492059',1606,,298,124,,,0
2029,'1492060',1436,,299,124,,,0
2029,'1492061',836,,300,124,,,0
2029,'1492063',1806,,301,124,,,0
2029,'1492065',1106,,302,124,,,0
2029,'1492070',936,,303,124,,,0
2029,'1492071',2206,,304,124,,,0
2029,'1492072',1236,,305,124,,,0
2029,'1492073',1206,,306,124,,,0
2029,'1492076',1836,,307,124,,,0
2029,'1492081',706,,308,88,,,0
2029,'1496956',1806,,630,125,,,0
2029,'1496959',1206,,631,125,,,0
2029,'1496960',2306,,632,125,,,0
2029,'1496963',2356,,633,125,,,0
2029,'1496964',1106,,634,125,,,0
2029,'1496965',2106,,635,125,,,0
2029,'1496966',1006,,636,125,,,0
2029,'1496967',1606,,637,125,,,0
2029,'1496969',2206,,638,125,,,0
2029,'1496971',1906,,639,125,,,0
2029,'1496972',1306,,640,125,,,0
2029,'1496976',1506,,641,125,,,0
2029,'1496977',906,,642,125,,,0
2029,'1496978',1406,,643,125,,,0
2029,'1496980',2006,,644,125,,,0
2029,'1496982',1706,,645,125,,,0
2029,'1496985',806,,646,125,,,0
