3019,'1496125',1555,,1056,46,,,0
3019,'1496128',1725,,1059,46,,,0
3019,'1496129',855,,1060,46,,,0
3019,'1496130',725,,1061,46,,,0
3019,'1496131',1625,,1062,46,,,0
3019,'1496133',1155,,1064,46,,,0
3019,'1496134',1125,,1065,46,,,0
3019,'1496136',755,,1067,46,,,0
3019,'1496138',925,,1069,46,,,0
3019,'1496141',1355,,1072,46,,,0
3019,'1496142',1325,,1073,46,,,0
3019,'1496144',1455,,1075,46,,,0
3019,'1496146',1255,,1077,46,,,0
3019,'1496151',825,,1082,46,,,0
3019,'1496153',1755,,1084,46,,,0
3019,'1496154',1425,,1085,46,,,0
3019,'1496155',1025,,1086,46,,,0
3019,'1496159',1055,,1090,46,,,0
3019,'1496164',1225,,1095,46,,,0
3019,'1496165',1655,,1096,46,,,0
3019,'1496167',955,,1098,46,,,0
3019,'1496168',1525,,1099,46,,,0
3019,'1496173',655,,1104,46,,,0
3019,'1496374',1555,,1105,46,,,0
3019,'1496377',1725,,1108,46,,,0
3019,'1496378',2040,,1109,46,,,0
3019,'1496380',855,,1111,46,,,0
3019,'1496381',725,,1112,46,,,0
3019,'1496382',1625,,1113,46,,,0
3019,'1496385',1155,,1116,46,,,0
3019,'1496386',1125,,1117,46,,,0
3019,'1496388',755,,1119,46,,,0
3019,'1496392',925,,1123,46,,,0
3019,'1496395',2240,,1126,46,,,0
3019,'1496396',1355,,1127,46,,,0
3019,'1496398',1325,,1129,46,,,0
3019,'1496400',1455,,1131,46,,,0
3019,'1496402',1255,,1133,46,,,0
3019,'1496404',2140,,1135,46,,,0
3019,'1496409',825,,1140,46,,,0
3019,'1496411',1755,,1142,46,,,0
3019,'1496412',1425,,1143,46,,,0
3019,'1496413',1025,,1144,46,,,0
3019,'1496417',1055,,1148,46,,,0
3019,'1496422',1225,,1153,46,,,0
3019,'1496423',1655,,1154,46,,,0
3019,'1496425',955,,1156,46,,,0
3019,'1496426',1525,,1157,46,,,0
3019,'1496427',1840,,1158,46,,,0
3019,'1496429',2337,,1160,46,,,0
3019,'1496432',1940,,1163,46,,,0
3019,'1496434',655,,1165,46,,,0
3019,'1496453',740,,1166,46,,,0
3019,'1496455',1440,,1168,46,,,0
3019,'1496457',840,,1170,46,,,0
3019,'1496458',1140,,1171,46,,,0
3019,'1496459',2240,,1172,46,,,0
3019,'1496460',1840,,1173,46,,,0
3019,'1496463',1340,,1176,46,,,0
3019,'1496465',1940,,1178,46,,,0
3019,'1496467',1640,,1180,46,,,0
3019,'1496468',940,,1181,46,,,0
3019,'1496469',1240,,1182,46,,,0
3019,'1496473',2140,,1186,46,,,0
3019,'1496474',1740,,1187,46,,,0
3019,'1496475',1040,,1188,46,,,0
3019,'1496479',1540,,1192,46,,,0
3019,'1496484',2040,,1197,46,,,0
3019,'1496487',2337,,1200,46,,,0
3019,'1496488',640,,1201,46,,,0
3019,'1496627',740,,1203,46,,,0
3019,'1496629',1440,,1205,46,,,0
3019,'1496631',840,,1207,46,,,0
3019,'1496632',1140,,1208,46,,,0
3019,'1496633',1840,,1209,46,,,0
3019,'1496636',1340,,1212,46,,,0
3019,'1496638',1940,,1214,46,,,0
3019,'1496640',1640,,1216,46,,,0
3019,'1496641',940,,1217,46,,,0
3019,'1496642',1240,,1218,46,,,0
3019,'1496645',2140,,1221,46,,,0
3019,'1496646',1740,,1222,46,,,0
3019,'1496647',1040,,1223,46,,,0
3019,'1496651',1540,,1227,46,,,0
3019,'1496656',2040,,1232,46,,,0
3019,'1496659',2337,,1235,46,,,0
