3019,'1496125',1545,,1056,30,,,0
3019,'1496126',924,,1057,101,0,5,0
3019,'1496127',1124,,1058,101,0,5,0
3019,'1496128',1715,,1059,30,,,0
3019,'1496129',845,,1060,30,,,0
3019,'1496130',715,,1061,30,,,0
3019,'1496131',1615,,1062,30,,,0
3019,'1496132',1154,,1063,101,0,5,0
3019,'1496133',1145,,1064,30,,,0
3019,'1496134',1115,,1065,30,,,0
3019,'1496135',1724,,1066,101,0,5,0
3019,'1496136',745,,1067,30,,,0
3019,'1496137',1524,,1068,101,0,5,0
3019,'1496138',915,,1069,30,,,0
3019,'1496139',1254,,1070,101,0,5,0
3019,'1496140',824,,1071,101,0,5,0
3019,'1496141',1345,,1072,30,,,0
3019,'1496142',1315,,1073,30,,,0
3019,'1496143',754,,1074,101,0,5,0
3019,'1496144',1445,,1075,30,,,0
3019,'1496145',1824,,1076,101,0,5,0
3019,'1496146',1245,,1077,30,,,0
3019,'1496147',1354,,1078,101,0,5,0
3019,'1496148',1054,,1079,101,0,5,0
3019,'1496149',1324,,1080,101,0,5,0
3019,'1496150',1424,,1081,101,0,5,0
3019,'1496151',815,,1082,30,,,0
3019,'1496152',854,,1083,101,0,5,0
3019,'1496153',1745,,1084,30,,,0
3019,'1496154',1415,,1085,30,,,0
3019,'1496155',1015,,1086,30,,,0
3019,'1496156',1024,,1087,101,0,5,0
3019,'1496157',1654,,1088,101,0,5,0
3019,'1496158',1454,,1089,101,0,5,0
3019,'1496159',1045,,1090,30,,,0
3019,'1496160',1754,,1091,101,0,5,0
3019,'1496161',1224,,1092,101,0,5,0
3019,'1496162',1554,,1093,101,0,5,0
3019,'1496163',624,,1094,23,0,5,0
3019,'1496164',1215,,1095,30,,,0
3019,'1496165',1645,,1096,30,,,0
3019,'1496166',1624,,1097,101,0,5,0
3019,'1496167',945,,1098,30,,,0
3019,'1496168',1515,,1099,30,,,0
3019,'1496169',954,,1100,101,0,5,0
3019,'1496172',654,,1103,70,0,5,0
3019,'1496173',645,,1104,30,,,0
3019,'1496374',1545,,1105,30,,,0
3019,'1496375',924,,1106,101,0,5,0
3019,'1496376',1124,,1107,101,0,5,0
3019,'1496377',1715,,1108,30,,,0
3019,'1496378',2030,,1109,30,,,0
3019,'1496379',2154,,1110,101,0,5,0
3019,'1496380',845,,1111,30,,,0
3019,'1496381',715,,1112,30,,,0
3019,'1496382',1615,,1113,30,,,0
3019,'1496383',2254,,1114,101,0,5,0
3019,'1496384',1154,,1115,101,0,5,0
3019,'1496385',1145,,1116,30,,,0
3019,'1496386',1115,,1117,30,,,0
3019,'1496387',1724,,1118,101,0,5,0
3019,'1496388',745,,1119,30,,,0
3019,'1496389',2344,,1120,101,0,5,0
3019,'1496390',1524,,1121,101,0,5,0
3019,'1496391',1954,,1122,101,0,5,0
3019,'1496392',915,,1123,30,,,0
3019,'1496393',1254,,1124,101,0,5,0
3019,'1496394',824,,1125,101,0,5,0
3019,'1496395',2230,,1126,30,,,0
3019,'1496396',1345,,1127,30,,,0
3019,'1496397',2054,,1128,101,0,5,0
3019,'1496398',1315,,1129,30,,,0
3019,'1496399',754,,1130,101,0,5,0
3019,'1496400',1445,,1131,30,,,0
3019,'1496401',1824,,1132,101,0,5,0
3019,'1496402',1245,,1133,30,,,0
3019,'1496403',1354,,1134,101,0,5,0
3019,'1496404',2130,,1135,30,,,0
3019,'1496405',1854,,1136,101,0,5,0
3019,'1496406',1054,,1137,101,0,5,0
3019,'1496407',1324,,1138,101,0,5,0
3019,'1496408',1424,,1139,101,0,5,0
3019,'1496409',815,,1140,30,,,0
3019,'1496410',854,,1141,101,0,5,0
3019,'1496411',1745,,1142,30,,,0
3019,'1496412',1415,,1143,30,,,0
3019,'1496413',1015,,1144,30,,,0
3019,'1496414',1024,,1145,101,0,5,0
3019,'1496415',1654,,1146,101,0,5,0
3019,'1496416',1454,,1147,101,0,5,0
3019,'1496417',1045,,1148,30,,,0
3019,'1496418',1754,,1149,101,0,5,0
3019,'1496419',1224,,1150,101,0,5,0
3019,'1496420',1554,,1151,101,0,5,0
3019,'1496421',624,,1152,23,0,5,0
3019,'1496422',1215,,1153,30,,,0
3019,'1496423',1645,,1154,30,,,0
3019,'1496424',1624,,1155,101,0,5,0
3019,'1496425',945,,1156,30,,,0
3019,'1496426',1515,,1157,30,,,0
3019,'1496427',1830,,1158,30,,,0
3019,'1496428',954,,1159,101,0,5,0
3019,'1496429',2328,,1160,30,,,0
3019,'1496432',1930,,1163,30,,,0
3019,'1496433',654,,1164,70,0,5,0
3019,'1496434',645,,1165,30,,,0
3019,'1496453',730,,1166,30,,,0
3019,'1496454',1754,,1167,101,0,5,0
3019,'1496455',1430,,1168,30,,,0
3019,'1496456',2254,,1169,101,0,5,0
3019,'1496457',830,,1170,30,,,0
3019,'1496458',1130,,1171,30,,,0
3019,'1496459',2230,,1172,30,,,0
3019,'1496460',1830,,1173,30,,,0
3019,'1496461',1954,,1174,101,0,5,0
3019,'1496462',1454,,1175,101,0,5,0
3019,'1496463',1330,,1176,30,,,0
3019,'1496464',2054,,1177,101,0,5,0
3019,'1496465',1930,,1178,30,,,0
3019,'1496466',2344,,1179,101,0,5,0
3019,'1496467',1630,,1180,30,,,0
3019,'1496468',930,,1181,30,,,0
3019,'1496469',1230,,1182,30,,,0
3019,'1496470',1854,,1183,101,0,5,0
3019,'1496471',754,,1184,101,0,5,0
3019,'1496472',954,,1185,101,0,5,0
3019,'1496473',2130,,1186,30,,,0
3019,'1496474',1730,,1187,30,,,0
3019,'1496475',1030,,1188,30,,,0
3019,'1496476',1054,,1189,101,0,5,0
3019,'1496477',1354,,1190,101,0,5,0
3019,'1496478',1654,,1191,101,0,5,0
3019,'1496479',1530,,1192,30,,,0
3019,'1496480',1154,,1193,101,0,5,0
3019,'1496481',1554,,1194,101,0,5,0
3019,'1496482',2154,,1195,101,0,5,0
3019,'1496483',854,,1196,101,0,5,0
3019,'1496484',2030,,1197,30,,,0
3019,'1496485',1254,,1198,101,0,5,0
3019,'1496487',2328,,1200,30,,,0
3019,'1496488',630,,1201,30,,,0
3019,'1496489',624,,1202,23,0,5,0
3019,'1496627',730,,1203,30,,,0
3019,'1496628',1754,,1204,101,0,5,0
3019,'1496629',1430,,1205,30,,,0
3019,'1496630',2254,,1206,101,0,5,0
3019,'1496631',830,,1207,30,,,0
3019,'1496632',1130,,1208,30,,,0
3019,'1496633',1830,,1209,30,,,0
3019,'1496634',1954,,1210,101,0,5,0
3019,'1496635',1454,,1211,101,0,5,0
3019,'1496636',1330,,1212,30,,,0
3019,'1496637',2054,,1213,101,0,5,0
3019,'1496638',1930,,1214,30,,,0
3019,'1496639',2344,,1215,101,0,5,0
3019,'1496640',1630,,1216,30,,,0
3019,'1496641',930,,1217,30,,,0
3019,'1496642',1230,,1218,30,,,0
3019,'1496643',1854,,1219,101,0,5,0
3019,'1496644',954,,1220,101,0,5,0
3019,'1496645',2130,,1221,30,,,0
3019,'1496646',1730,,1222,30,,,0
3019,'1496647',1030,,1223,30,,,0
3019,'1496648',1054,,1224,101,0,5,0
3019,'1496649',1354,,1225,101,0,5,0
3019,'1496650',1654,,1226,101,0,5,0
3019,'1496651',1530,,1227,30,,,0
3019,'1496652',1154,,1228,101,0,5,0
3019,'1496653',1554,,1229,101,0,5,0
3019,'1496654',2154,,1230,101,0,5,0
3019,'1496655',854,,1231,101,0,5,0
3019,'1496656',2030,,1232,30,,,0
3019,'1496657',1254,,1233,101,0,5,0
3019,'1496659',2328,,1235,30,,,0
3019,'1496660',724,,1236,23,0,5,0
