1019,'1491950',754,,37,69,,,0
1019,'1491952',854,,38,69,,,0
1019,'1491955',1624,,39,69,,,0
1019,'1491956',2209,,40,69,,,0
1019,'1491957',1724,,41,69,,,0
1019,'1491959',824,,42,69,,,0
1019,'1491960',1524,,43,69,,,0
1019,'1491961',1324,,44,69,,,0
1019,'1491962',1854,,45,69,,,0
1019,'1491967',1424,,46,69,,,0
1019,'1491968',2009,,47,69,,,0
1019,'1491969',2109,,48,69,,,0
1019,'1491975',1124,,49,69,,,0
1019,'1491977',1354,,50,69,,,0
1019,'1491980',924,,51,69,,,0
1019,'1491981',1224,,52,69,,,0
1019,'1491982',1024,,53,69,,,0
1019,'1491984',2359,,54,69,,,0
1019,'1491985',1824,,55,69,,,0
1019,'1491988',1054,,56,69,,,0
1019,'1491990',954,,57,69,,,0
1019,'1491992',2309,,58,69,,,0
1019,'1491994',1454,,59,69,,,0
1019,'1491995',1554,,60,69,,,0
1019,'1491997',724,,61,69,,,0
1019,'1491998',1254,,62,69,,,0
1019,'1491999',1154,,63,69,,,0
1019,'1492002',1754,,64,69,,,0
1019,'1492004',1654,,65,69,,,0
1019,'1492005',624,,66,39,,,0
1019,'1492007',1924,,67,69,,,0
2019,'1492023',2339,,191,125,,,0
2019,'1492024',1324,,192,125,,,0
2019,'1492025',1454,,193,125,,,0
2019,'1492027',2239,,194,125,,,0
2019,'1492028',1939,,195,125,,,0
2019,'1492032',1424,,196,125,,,0
2019,'1492034',1554,,197,125,,,0
2019,'1492036',1054,,198,125,,,0
2019,'1492037',1624,,199,125,,,0
2019,'1492038',1024,,200,125,,,0
2019,'1492040',1224,,201,125,,,0
2019,'1492042',954,,202,125,,,0
2019,'1492043',924,,203,125,,,0
2019,'1492045',1124,,204,125,,,0
2019,'1492048',1654,,205,125,,,0
2019,'1492053',2139,,206,125,,,0
2019,'1492055',824,,207,125,,,0
2019,'1492057',1824,,208,125,,,0
2019,'1492062',1524,,210,125,,,0
2019,'1492064',1154,,211,125,,,0
2019,'1492066',1254,,212,125,,,0
2019,'1492067',1724,,213,125,,,0
2019,'1492068',1854,,214,125,,,0
2019,'1492069',1754,,215,125,,,0
2019,'1492074',854,,216,125,,,0
2019,'1492075',1354,,217,125,,,0
2019,'1492077',754,,218,125,,,0
2019,'1492078',624,,219,40,,,0
2019,'1492079',654,,220,103,,,0
2019,'1492080',2039,,221,125,,,0
2019,'1496953',1839,,611,126,,,0
2019,'1496954',2239,,612,126,,,0
2019,'1496955',1439,,613,126,,,0
2019,'1496957',1239,,614,126,,,0
2019,'1496958',1539,,615,126,,,0
2019,'1496961',2139,,616,126,,,0
2019,'1496962',839,,617,126,,,0
2019,'1496968',1339,,618,126,,,0
2019,'1496970',2339,,619,126,,,0
2019,'1496973',1639,,620,126,,,0
2019,'1496974',1939,,621,126,,,0
2019,'1496975',1139,,622,126,,,0
2019,'1496979',1039,,623,126,,,0
2019,'1496981',939,,624,126,,,0
2019,'1496983',1739,,625,126,,,0
2019,'1496984',2039,,626,126,,,0
2019,'1496986',739,,627,126,,,0
2019,'1496987',709,,628,94,,,0
3019,'1491899',1654,,370,128,,,0
3019,'1491900',1824,,371,128,,,0
3019,'1491901',2139,,372,128,,,0
3019,'1491902',954,,373,128,,,0
3019,'1491903',824,,374,128,,,0
3019,'1491904',1724,,375,128,,,0
3019,'1491905',1254,,376,128,,,0
3019,'1491906',1224,,377,128,,,0
3019,'1491907',854,,378,128,,,0
3019,'1491908',1024,,379,128,,,0
3019,'1491909',2339,,380,128,,,0
3019,'1491910',1454,,381,128,,,0
3019,'1491911',1424,,382,128,,,0
3019,'1491912',1554,,383,128,,,0
3019,'1491913',1354,,384,128,,,0
3019,'1491914',2239,,385,128,,,0
3019,'1491915',924,,386,128,,,0
3019,'1491916',1854,,387,128,,,0
3019,'1491917',1524,,388,128,,,0
3019,'1491918',1124,,389,128,,,0
3019,'1491919',1154,,390,128,,,0
3019,'1491920',1324,,391,128,,,0
3019,'1491921',1754,,392,128,,,0
3019,'1491922',1054,,393,128,,,0
3019,'1491923',1624,,394,128,,,0
3019,'1491924',1939,,395,128,,,0
3019,'1491926',624,,397,37,,,0
3019,'1491927',654,,398,71,,,0
3019,'1491928',2039,,399,128,,,0
3019,'1492021',754,,400,128,,,0
3019,'1496989',839,,647,128,,,0
3019,'1496991',1539,,649,128,,,0
3019,'1496993',939,,651,128,,,0
3019,'1496994',1239,,652,128,,,0
3019,'1496995',2339,,653,128,,,0
3019,'1496996',1939,,654,128,,,0
3019,'1496999',1439,,657,128,,,0
3019,'1497001',2039,,659,128,,,0
3019,'1497003',1739,,661,128,,,0
3019,'1497004',1039,,662,128,,,0
3019,'1497005',1339,,663,128,,,0
3019,'1497009',2239,,667,128,,,0
3019,'1497010',1839,,668,128,,,0
3019,'1497011',1139,,669,128,,,0
3019,'1497015',1639,,673,128,,,0
3019,'1497020',2139,,678,128,,,0
3019,'1497022',709,,680,72,,,0
3019,'1497024',739,,682,128,,,0
