1029,'1491948',1418,,124,3,,,0
1029,'1491949',1518,,125,3,,,0
1029,'1491951',1618,,126,3,,,0
1029,'1491953',718,,127,3,,,0
1029,'1491954',2048,,128,3,,,0
1029,'1491958',1018,,129,3,,,0
1029,'1491963',1948,,130,3,,,0
1029,'1491964',848,,131,3,,,0
1029,'1491965',1648,,132,3,,,0
1029,'1491966',1548,,133,3,,,0
1029,'1491970',1748,,134,3,,,0
1029,'1491971',1148,,135,3,,,0
1029,'1491972',1218,,136,3,,,0
1029,'1491973',1348,,137,3,,,0
1029,'1491974',948,,138,3,,,0
1029,'1491976',648,,139,3,,,0
1029,'1491978',1818,,140,3,,,0
1029,'1491979',1718,,141,3,,,0
1029,'1491983',1318,,142,3,,,0
1029,'1491986',918,,143,3,,,0
1029,'1491987',2148,,144,3,,,0
1029,'1491989',1118,,145,3,,,0
1029,'1491991',2248,,146,3,,,0
1029,'1491993',818,,147,3,,,0
1029,'1491996',748,,148,3,,,0
1029,'1492000',1448,,149,3,,,0
1029,'1492001',1248,,150,3,,,0
1029,'1492003',1048,,151,3,,,0
1029,'1492008',1848,,153,3,,,0
1029,'1496919',1848,,594,3,,,0
1029,'1496920',2048,,595,3,,,0
1029,'1496925',1748,,596,3,,,0
1029,'1496926',2148,,597,3,,,0
1029,'1496927',1248,,598,3,,,0
1029,'1496929',1048,,599,3,,,0
1029,'1496931',948,,600,3,,,0
1029,'1496932',1948,,601,3,,,0
1029,'1496934',648,,602,3,,,0
1029,'1496936',2248,,603,3,,,0
1029,'1496937',1448,,604,3,,,0
1029,'1496939',1548,,605,3,,,0
1029,'1496942',748,,606,3,,,0
1029,'1496943',1148,,607,3,,,0
1029,'1496944',848,,608,3,,,0
1029,'1496947',1648,,609,3,,,0
1029,'1496948',1348,,610,3,,,0
3019,'1488507',818,,436,7,0,5,0
3019,'1488508',1018,,437,7,0,5,0
3019,'1488511',2048,,438,7,0,5,0
3019,'1488515',2148,,439,7,0,5,0
3019,'1488516',1048,,440,7,0,5,0
3019,'1488519',1618,,441,7,0,5,0
3019,'1488521',2248,,442,7,0,5,0
3019,'1488522',1418,,443,7,0,5,0
3019,'1488523',1848,,444,7,0,5,0
3019,'1488525',1148,,445,7,0,5,0
3019,'1488526',718,,446,7,0,5,0
3019,'1488529',1948,,447,7,0,5,0
3019,'1488531',648,,448,7,0,5,0
3019,'1488533',1718,,449,7,0,5,0
3019,'1488535',1248,,450,7,0,5,0
3019,'1488537',1748,,451,7,0,5,0
3019,'1488538',948,,452,7,0,5,0
3019,'1488539',1218,,453,7,0,5,0
3019,'1488540',1318,,454,7,0,5,0
3019,'1488542',748,,455,7,0,5,0
3019,'1488546',918,,456,7,0,5,0
3019,'1488547',1548,,457,7,0,5,0
3019,'1488548',1348,,458,7,0,5,0
3019,'1488550',1648,,459,7,0,5,0
3019,'1488551',1118,,460,7,0,5,0
3019,'1488552',1448,,461,7,0,5,0
3019,'1488556',1518,,463,7,0,5,0
3019,'1488560',848,,464,7,0,5,0
3019,'1496990',1648,,648,7,0,5,0
3019,'1496992',2148,,650,7,0,5,0
3019,'1496997',1848,,655,7,0,5,0
3019,'1496998',1348,,656,7,0,5,0
3019,'1497000',1948,,658,7,0,5,0
3019,'1497002',2248,,660,7,0,5,0
3019,'1497006',1748,,664,7,0,5,0
3019,'1497007',648,,665,7,0,5,0
3019,'1497008',848,,666,7,0,5,0
3019,'1497012',948,,670,7,0,5,0
3019,'1497013',1248,,671,7,0,5,0
3019,'1497014',1548,,672,7,0,5,0
3019,'1497016',1048,,674,7,0,5,0
3019,'1497017',1448,,675,7,0,5,0
3019,'1497018',2048,,676,7,0,5,0
3019,'1497019',748,,677,7,0,5,0
3019,'1497021',1148,,679,7,0,5,0
