2019,'1492023',2258,,191,57,,,0
2019,'1492024',1243,,192,57,,,0
2019,'1492025',1413,,193,57,,,0
2019,'1492027',2158,,194,57,,,0
2019,'1492028',1858,,195,57,,,0
2019,'1492032',1343,,196,57,,,0
2019,'1492034',1513,,197,57,,,0
2019,'1492036',1013,,198,57,,,0
2019,'1492037',1543,,199,57,,,0
2019,'1492038',943,,200,57,,,0
2019,'1492040',1143,,201,57,,,0
2019,'1492042',913,,202,57,,,0
2019,'1492043',843,,203,57,,,0
2019,'1492045',1043,,204,57,,,0
2019,'1492048',1613,,205,57,,,0
2019,'1492053',2058,,206,57,,,0
2019,'1492055',743,,207,57,,,0
2019,'1492057',1743,,208,57,,,0
2019,'1492058',2354,,209,57,,,0
2019,'1492062',1443,,210,57,,,0
2019,'1492064',1113,,211,57,,,0
2019,'1492066',1213,,212,57,,,0
2019,'1492067',1643,,213,57,,,0
2019,'1492068',1813,,214,57,,,0
2019,'1492069',1713,,215,57,,,0
2019,'1492074',813,,216,57,,,0
2019,'1492075',1313,,217,57,,,0
2019,'1492077',713,,218,57,,,0
2019,'1492079',613,,220,35,,,0
2019,'1492080',1958,,221,57,,,0
2019,'1496953',1757,,611,58,,,0
2019,'1496954',2157,,612,58,,,0
2019,'1496955',1357,,613,58,,,0
2019,'1496957',1157,,614,58,,,0
2019,'1496958',1457,,615,58,,,0
2019,'1496961',2057,,616,58,,,0
2019,'1496962',757,,617,58,,,0
2019,'1496968',1257,,618,58,,,0
2019,'1496970',2257,,619,58,,,0
2019,'1496973',1557,,620,58,,,0
2019,'1496974',1857,,621,58,,,0
2019,'1496975',1057,,622,58,,,0
2019,'1496979',957,,623,58,,,0
2019,'1496981',857,,624,58,,,0
2019,'1496983',1657,,625,58,,,0
2019,'1496984',1957,,626,58,,,0
2019,'1496986',657,,627,58,,,0
2019,'1496987',627,,628,26,,,0
2019,'1496988',2354,,629,58,,,0
3019,'1491899',1645,,370,112,,,0
3019,'1491900',1815,,371,112,,,0
3019,'1491901',2130,,372,112,,,0
3019,'1491902',945,,373,112,,,0
3019,'1491903',815,,374,112,,,0
3019,'1491904',1715,,375,112,,,0
3019,'1491905',1245,,376,112,,,0
3019,'1491906',1215,,377,112,,,0
3019,'1491907',845,,378,112,,,0
3019,'1491908',1015,,379,112,,,0
3019,'1491909',2330,,380,112,,,0
3019,'1491910',1445,,381,112,,,0
3019,'1491911',1415,,382,112,,,0
3019,'1491912',1545,,383,112,,,0
3019,'1491913',1345,,384,112,,,0
3019,'1491914',2230,,385,112,,,0
3019,'1491915',915,,386,112,,,0
3019,'1491916',1845,,387,112,,,0
3019,'1491917',1515,,388,112,,,0
3019,'1491918',1115,,389,112,,,0
3019,'1491919',1145,,390,112,,,0
3019,'1491920',1315,,391,112,,,0
3019,'1491921',1745,,392,112,,,0
3019,'1491922',1045,,393,112,,,0
3019,'1491923',1615,,394,112,,,0
3019,'1491924',1930,,395,112,,,0
3019,'1491926',615,,397,21,,,0
3019,'1491927',645,,398,55,,,0
3019,'1491928',2030,,399,112,,,0
3019,'1492021',745,,400,112,,,0
3019,'1496989',830,,647,112,,,0
3019,'1496991',1530,,649,112,,,0
3019,'1496993',930,,651,112,,,0
3019,'1496994',1230,,652,112,,,0
3019,'1496995',2330,,653,112,,,0
3019,'1496996',1930,,654,112,,,0
3019,'1496999',1430,,657,112,,,0
3019,'1497001',2030,,659,112,,,0
3019,'1497003',1730,,661,112,,,0
3019,'1497004',1030,,662,112,,,0
3019,'1497005',1330,,663,112,,,0
3019,'1497009',2230,,667,112,,,0
3019,'1497010',1830,,668,112,,,0
3019,'1497011',1130,,669,112,,,0
3019,'1497015',1630,,673,112,,,0
3019,'1497020',2130,,678,112,,,0
3019,'1497022',700,,680,56,,,0
3019,'1497024',730,,682,112,,,0
8019,'1492009',1816,,556,18,,,0
8019,'1492010',1116,,557,18,,,0
8019,'1492011',1416,,558,18,,,0
8019,'1492012',1016,,559,18,,,0
8019,'1492013',1516,,560,18,,,0
8019,'1492014',816,,561,18,,,0
8019,'1492015',1716,,562,18,,,0
8019,'1492016',916,,563,18,,,0
8019,'1492017',716,,564,18,,,0
8019,'1492018',1616,,565,18,,,0
8019,'1492019',1316,,566,18,,,0
8019,'1492020',1216,,567,18,,,0
