2019,'1492023',2247,,191,44,,,0
2019,'1492024',1232,,192,44,,,0
2019,'1492025',1402,,193,44,,,0
2019,'1492027',2147,,194,44,,,0
2019,'1492028',1847,,195,44,,,0
2019,'1492032',1332,,196,44,,,0
2019,'1492034',1502,,197,44,,,0
2019,'1492036',1002,,198,44,,,0
2019,'1492037',1532,,199,44,,,0
2019,'1492038',932,,200,44,,,0
2019,'1492040',1132,,201,44,,,0
2019,'1492042',902,,202,44,,,0
2019,'1492043',832,,203,44,,,0
2019,'1492045',1032,,204,44,,,0
2019,'1492048',1602,,205,44,,,0
2019,'1492053',2047,,206,44,,,0
2019,'1492055',732,,207,44,,,0
2019,'1492057',1732,,208,44,,,0
2019,'1492058',2344,,209,44,,,0
2019,'1492062',1432,,210,44,,,0
2019,'1492064',1102,,211,44,,,0
2019,'1492066',1202,,212,44,,,0
2019,'1492067',1632,,213,44,,,0
2019,'1492068',1802,,214,44,,,0
2019,'1492069',1702,,215,44,,,0
2019,'1492074',802,,216,44,,,0
2019,'1492075',1302,,217,44,,,0
2019,'1492077',702,,218,44,,,0
2019,'1492079',602,,220,22,,,0
2019,'1492080',1947,,221,44,,,0
2019,'1496953',1745,,611,45,,,0
2019,'1496954',2145,,612,45,,,0
2019,'1496955',1345,,613,45,,,0
2019,'1496957',1145,,614,45,,,0
2019,'1496958',1445,,615,45,,,0
2019,'1496961',2045,,616,45,,,0
2019,'1496962',745,,617,45,,,0
2019,'1496968',1245,,618,45,,,0
2019,'1496970',2245,,619,45,,,0
2019,'1496973',1545,,620,45,,,0
2019,'1496974',1845,,621,45,,,0
2019,'1496975',1045,,622,45,,,0
2019,'1496979',945,,623,45,,,0
2019,'1496981',845,,624,45,,,0
2019,'1496983',1645,,625,45,,,0
2019,'1496984',1945,,626,45,,,0
2019,'1496986',645,,627,45,,,0
2019,'1496987',615,,628,13,,,0
2019,'1496988',2344,,629,45,,,0
2029,'1492022',2035,,280,82,,,0
2029,'1492026',935,,281,82,,,0
2029,'1492029',1435,,282,82,,,0
2029,'1492030',1235,,283,82,,,0
2029,'1492031',1835,,284,82,,,0
2029,'1492033',1305,,285,82,,,0
2029,'1492035',1605,,286,82,,,0
2029,'1492039',1005,,287,82,,,0
2029,'1492041',2235,,288,82,,,0
2029,'1492044',835,,289,82,,,0
2029,'1492046',1635,,290,82,,,0
2029,'1492047',1505,,291,82,,,0
2029,'1492049',2331,,292,82,,,0
2029,'1492050',1105,,293,82,,,0
2029,'1492051',735,,294,82,,,0
2029,'1492052',1335,,295,82,,,0
2029,'1492054',1935,,296,82,,,0
2029,'1492056',1705,,297,82,,,0
2029,'1492059',1535,,298,82,,,0
2029,'1492060',1405,,299,82,,,0
2029,'1492061',805,,300,82,,,0
2029,'1492063',1735,,301,82,,,0
2029,'1492065',1035,,302,82,,,0
2029,'1492070',905,,303,82,,,0
2029,'1492071',2135,,304,82,,,0
2029,'1492072',1205,,305,82,,,0
2029,'1492073',1135,,306,82,,,0
2029,'1492076',1805,,307,82,,,0
2029,'1492081',635,,308,46,,,0
2029,'1496956',1735,,630,83,,,0
2029,'1496959',1135,,631,83,,,0
2029,'1496960',2235,,632,83,,,0
2029,'1496963',2331,,633,83,,,0
2029,'1496964',1035,,634,83,,,0
2029,'1496965',2035,,635,83,,,0
2029,'1496966',935,,636,83,,,0
2029,'1496967',1535,,637,83,,,0
2029,'1496969',2135,,638,83,,,0
2029,'1496971',1835,,639,83,,,0
2029,'1496972',1235,,640,83,,,0
2029,'1496976',1435,,641,83,,,0
2029,'1496977',835,,642,83,,,0
2029,'1496978',1335,,643,83,,,0
2029,'1496980',1935,,644,83,,,0
2029,'1496982',1635,,645,83,,,0
2029,'1496985',735,,646,83,,,0
