2029,'1492022',1947,,280,3,,,0
2029,'1492026',847,,281,3,,,0
2029,'1492029',1347,,282,3,,,0
2029,'1492030',1147,,283,3,,,0
2029,'1492031',1747,,284,3,,,0
2029,'1492033',1217,,285,3,,,0
2029,'1492035',1517,,286,3,,,0
2029,'1492039',917,,287,3,,,0
2029,'1492041',2147,,288,3,,,0
2029,'1492044',747,,289,3,,,0
2029,'1492046',1547,,290,3,,,0
2029,'1492047',1417,,291,3,,,0
2029,'1492049',2246,,292,3,,,0
2029,'1492050',1017,,293,3,,,0
2029,'1492051',647,,294,3,,,0
2029,'1492052',1247,,295,3,,,0
2029,'1492054',1847,,296,3,,,0
2029,'1492056',1617,,297,3,,,0
2029,'1492059',1447,,298,3,,,0
2029,'1492060',1317,,299,3,,,0
2029,'1492061',717,,300,3,,,0
2029,'1492063',1647,,301,3,,,0
2029,'1492065',947,,302,3,,,0
2029,'1492070',817,,303,3,,,0
2029,'1492071',2047,,304,3,,,0
2029,'1492072',1117,,305,3,,,0
2029,'1492073',1047,,306,3,,,0
2029,'1492076',1717,,307,3,,,0
2029,'1496956',1647,,630,3,,,0
2029,'1496959',1047,,631,3,,,0
2029,'1496960',2147,,632,3,,,0
2029,'1496963',2246,,633,3,,,0
2029,'1496964',947,,634,3,,,0
2029,'1496965',1947,,635,3,,,0
2029,'1496966',847,,636,3,,,0
2029,'1496967',1447,,637,3,,,0
2029,'1496969',2047,,638,3,,,0
2029,'1496971',1747,,639,3,,,0
2029,'1496972',1147,,640,3,,,0
2029,'1496976',1347,,641,3,,,0
2029,'1496977',747,,642,3,,,0
2029,'1496978',1247,,643,3,,,0
2029,'1496980',1847,,644,3,,,0
2029,'1496982',1547,,645,3,,,0
2029,'1496985',647,,646,3,,,0
