3019,'1491899',1554,,370,46,,,0
3019,'1491900',1724,,371,46,,,0
3019,'1491901',2039,,372,46,,,0
3019,'1491902',854,,373,46,,,0
3019,'1491903',724,,374,46,,,0
3019,'1491904',1624,,375,46,,,0
3019,'1491905',1154,,376,46,,,0
3019,'1491906',1124,,377,46,,,0
3019,'1491907',754,,378,46,,,0
3019,'1491908',924,,379,46,,,0
3019,'1491909',2239,,380,46,,,0
3019,'1491910',1354,,381,46,,,0
3019,'1491911',1324,,382,46,,,0
3019,'1491912',1454,,383,46,,,0
3019,'1491913',1254,,384,46,,,0
3019,'1491914',2139,,385,46,,,0
3019,'1491915',824,,386,46,,,0
3019,'1491916',1754,,387,46,,,0
3019,'1491917',1424,,388,46,,,0
3019,'1491918',1024,,389,46,,,0
3019,'1491919',1054,,390,46,,,0
3019,'1491920',1224,,391,46,,,0
3019,'1491921',1654,,392,46,,,0
3019,'1491922',954,,393,46,,,0
3019,'1491923',1524,,394,46,,,0
3019,'1491924',1839,,395,46,,,0
3019,'1491925',2336,,396,46,,,0
3019,'1491928',1939,,399,46,,,0
3019,'1492021',654,,400,46,,,0
3019,'1496989',739,,647,45,,,0
3019,'1496991',1439,,649,45,,,0
3019,'1496993',839,,651,45,,,0
3019,'1496994',1139,,652,45,,,0
3019,'1496995',2239,,653,45,,,0
3019,'1496996',1839,,654,45,,,0
3019,'1496999',1339,,657,45,,,0
3019,'1497001',1939,,659,45,,,0
3019,'1497003',1639,,661,45,,,0
3019,'1497004',939,,662,45,,,0
3019,'1497005',1239,,663,45,,,0
3019,'1497009',2139,,667,45,,,0
3019,'1497010',1739,,668,45,,,0
3019,'1497011',1039,,669,45,,,0
3019,'1497015',1539,,673,45,,,0
3019,'1497020',2039,,678,45,,,0
3019,'1497023',2336,,681,45,,,0
3019,'1497024',639,,682,45,,,0
