4019,'1496112',659,,1237,42,,,0
4019,'1496113',1059,,1238,42,,,0
4019,'1496114',859,,1239,42,,,0
4019,'1496115',1659,,1240,42,,,0
4019,'1496116',959,,1241,42,,,0
4019,'1496117',1159,,1242,42,,,0
4019,'1496118',759,,1243,42,,,0
4019,'1496119',1559,,1244,42,,,0
4019,'1496120',1759,,1245,42,,,0
4019,'1496121',1359,,1246,42,,,0
4019,'1496122',1459,,1247,42,,,0
4019,'1496123',1259,,1248,42,,,0
4019,'1496124',600,,1249,8,,,0
4019,'1496355',659,,1250,42,,,0
4019,'1496356',2339,,1251,42,,,0
4019,'1496357',1059,,1252,42,,,0
4019,'1496358',859,,1253,42,,,0
4019,'1496359',2044,,1254,42,,,0
4019,'1496360',1659,,1255,42,,,0
4019,'1496361',1859,,1256,42,,,0
4019,'1496362',2144,,1257,42,,,0
4019,'1496363',959,,1258,42,,,0
4019,'1496364',1159,,1259,42,,,0
4019,'1496365',1944,,1260,42,,,0
4019,'1496366',759,,1261,42,,,0
4019,'1496367',1559,,1262,42,,,0
4019,'1496368',1759,,1263,42,,,0
4019,'1496369',1359,,1264,42,,,0
4019,'1496370',1459,,1265,42,,,0
4019,'1496371',2244,,1266,42,,,0
4019,'1496372',1259,,1267,42,,,0
4019,'1496373',600,,1268,8,,,0
4019,'1496435',844,,1269,42,,,0
4019,'1496436',744,,1270,42,,,0
4019,'1496437',1644,,1271,42,,,0
4019,'1496438',2244,,1272,42,,,0
4019,'1496439',1744,,1273,42,,,0
4019,'1496440',1444,,1274,42,,,0
4019,'1496441',2144,,1275,42,,,0
4019,'1496442',1044,,1276,42,,,0
4019,'1496443',1944,,1277,42,,,0
4019,'1496444',1544,,1278,42,,,0
4019,'1496445',944,,1279,42,,,0
4019,'1496446',1844,,1280,42,,,0
4019,'1496447',1344,,1281,42,,,0
4019,'1496448',644,,1282,42,,,0
4019,'1496449',2044,,1283,42,,,0
4019,'1496450',1144,,1284,42,,,0
4019,'1496451',1244,,1285,42,,,0
4019,'1496452',2339,,1286,42,,,0
4019,'1496661',844,,1287,42,,,0
4019,'1496662',744,,1288,42,,,0
4019,'1496663',1644,,1289,42,,,0
4019,'1496664',2244,,1290,42,,,0
4019,'1496665',1744,,1291,42,,,0
4019,'1496666',1444,,1292,42,,,0
4019,'1496667',2144,,1293,42,,,0
4019,'1496668',1044,,1294,42,,,0
4019,'1496669',1944,,1295,42,,,0
4019,'1496670',1544,,1296,42,,,0
4019,'1496671',944,,1297,42,,,0
4019,'1496672',1844,,1298,42,,,0
4019,'1496673',1344,,1299,42,,,0
4019,'1496674',2044,,1300,42,,,0
4019,'1496675',1144,,1301,42,,,0
4019,'1496676',1244,,1302,42,,,0
4019,'1496677',2339,,1303,42,,,0
