2029,'1492022',2015,,280,52,,,0
2029,'1492026',915,,281,52,,,0
2029,'1492029',1415,,282,52,,,0
2029,'1492030',1215,,283,52,,,0
2029,'1492031',1815,,284,52,,,0
2029,'1492033',1245,,285,52,,,0
2029,'1492035',1545,,286,52,,,0
2029,'1492039',945,,287,52,,,0
2029,'1492041',2215,,288,52,,,0
2029,'1492044',815,,289,52,,,0
2029,'1492046',1615,,290,52,,,0
2029,'1492047',1445,,291,52,,,0
2029,'1492049',2312,,292,52,,,0
2029,'1492050',1045,,293,52,,,0
2029,'1492051',715,,294,52,,,0
2029,'1492052',1315,,295,52,,,0
2029,'1492054',1915,,296,52,,,0
2029,'1492056',1645,,297,52,,,0
2029,'1492059',1515,,298,52,,,0
2029,'1492060',1345,,299,52,,,0
2029,'1492061',745,,300,52,,,0
2029,'1492063',1715,,301,52,,,0
2029,'1492065',1015,,302,52,,,0
2029,'1492070',845,,303,52,,,0
2029,'1492071',2115,,304,52,,,0
2029,'1492072',1145,,305,52,,,0
2029,'1492073',1115,,306,52,,,0
2029,'1492076',1745,,307,52,,,0
2029,'1492081',615,,308,16,,,0
2029,'1496956',1715,,630,53,,,0
2029,'1496959',1115,,631,53,,,0
2029,'1496960',2215,,632,53,,,0
2029,'1496963',2312,,633,53,,,0
2029,'1496964',1015,,634,53,,,0
2029,'1496965',2015,,635,53,,,0
2029,'1496966',915,,636,53,,,0
2029,'1496967',1515,,637,53,,,0
2029,'1496969',2115,,638,53,,,0
2029,'1496971',1815,,639,53,,,0
2029,'1496972',1215,,640,53,,,0
2029,'1496976',1415,,641,53,,,0
2029,'1496977',815,,642,53,,,0
2029,'1496978',1315,,643,53,,,0
2029,'1496980',1915,,644,53,,,0
2029,'1496982',1615,,645,53,,,0
2029,'1496985',715,,646,53,,,0
