3019,'1488507',929,,436,113,0,5,0
3019,'1488508',1129,,437,113,0,5,0
3019,'1488511',2159,,438,113,0,5,0
3019,'1488515',2259,,439,113,0,5,0
3019,'1488516',1159,,440,113,0,5,0
3019,'1488519',1729,,441,113,0,5,0
3019,'1488521',2349,,442,113,0,5,0
3019,'1488522',1529,,443,113,0,5,0
3019,'1488523',1959,,444,113,0,5,0
3019,'1488525',1259,,445,113,0,5,0
3019,'1488526',829,,446,113,0,5,0
3019,'1488529',2059,,447,113,0,5,0
3019,'1488531',759,,448,113,0,5,0
3019,'1488533',1829,,449,113,0,5,0
3019,'1488535',1359,,450,113,0,5,0
3019,'1488537',1859,,451,113,0,5,0
3019,'1488538',1059,,452,113,0,5,0
3019,'1488539',1329,,453,113,0,5,0
3019,'1488540',1429,,454,113,0,5,0
3019,'1488542',859,,455,113,0,5,0
3019,'1488546',1029,,456,113,0,5,0
3019,'1488547',1659,,457,113,0,5,0
3019,'1488548',1459,,458,113,0,5,0
3019,'1488550',1759,,459,113,0,5,0
3019,'1488551',1229,,460,113,0,5,0
3019,'1488552',1559,,461,113,0,5,0
3019,'1488553',629,,462,33,0,5,0
3019,'1488556',1629,,463,113,0,5,0
3019,'1488560',959,,464,113,0,5,0
3019,'1488565',659,,465,80,0,5,0
3019,'1496990',1759,,648,111,0,5,0
3019,'1496992',2259,,650,111,0,5,0
3019,'1496997',1959,,655,111,0,5,0
3019,'1496998',1459,,656,111,0,5,0
3019,'1497000',2059,,658,111,0,5,0
3019,'1497002',2349,,660,111,0,5,0
3019,'1497006',1859,,664,111,0,5,0
3019,'1497007',759,,665,111,0,5,0
3019,'1497008',959,,666,111,0,5,0
3019,'1497012',1059,,670,111,0,5,0
3019,'1497013',1359,,671,111,0,5,0
3019,'1497014',1659,,672,111,0,5,0
3019,'1497016',1159,,674,111,0,5,0
3019,'1497017',1559,,675,111,0,5,0
3019,'1497018',2159,,676,111,0,5,0
3019,'1497019',859,,677,111,0,5,0
3019,'1497021',1259,,679,111,0,5,0
3019,'1497025',629,,683,33,0,5,0
