2029,'1492022',2055,,280,112,,,0
2029,'1492026',955,,281,112,,,0
2029,'1492029',1455,,282,112,,,0
2029,'1492030',1255,,283,112,,,0
2029,'1492031',1855,,284,112,,,0
2029,'1492033',1325,,285,112,,,0
2029,'1492035',1625,,286,112,,,0
2029,'1492039',1025,,287,112,,,0
2029,'1492041',2255,,288,112,,,0
2029,'1492044',855,,289,112,,,0
2029,'1492046',1655,,290,112,,,0
2029,'1492047',1525,,291,112,,,0
2029,'1492049',2348,,292,112,,,0
2029,'1492050',1125,,293,112,,,0
2029,'1492051',755,,294,112,,,0
2029,'1492052',1355,,295,112,,,0
2029,'1492054',1955,,296,112,,,0
2029,'1492056',1725,,297,112,,,0
2029,'1492059',1555,,298,112,,,0
2029,'1492060',1425,,299,112,,,0
2029,'1492061',825,,300,112,,,0
2029,'1492063',1755,,301,112,,,0
2029,'1492065',1055,,302,112,,,0
2029,'1492070',925,,303,112,,,0
2029,'1492071',2155,,304,112,,,0
2029,'1492072',1225,,305,112,,,0
2029,'1492073',1155,,306,112,,,0
2029,'1492076',1825,,307,112,,,0
2029,'1492081',655,,308,76,,,0
2029,'1496956',1755,,630,113,,,0
2029,'1496959',1155,,631,113,,,0
2029,'1496960',2255,,632,113,,,0
2029,'1496963',2348,,633,113,,,0
2029,'1496964',1055,,634,113,,,0
2029,'1496965',2055,,635,113,,,0
2029,'1496966',955,,636,113,,,0
2029,'1496967',1555,,637,113,,,0
2029,'1496969',2155,,638,113,,,0
2029,'1496971',1855,,639,113,,,0
2029,'1496972',1255,,640,113,,,0
2029,'1496976',1455,,641,113,,,0
2029,'1496977',855,,642,113,,,0
2029,'1496978',1355,,643,113,,,0
2029,'1496980',1955,,644,113,,,0
2029,'1496982',1655,,645,113,,,0
2029,'1496985',755,,646,113,,,0
