1019,'1491950',752,,37,67,,,0
1019,'1491952',852,,38,67,,,0
1019,'1491955',1622,,39,67,,,0
1019,'1491956',2207,,40,67,,,0
1019,'1491957',1722,,41,67,,,0
1019,'1491959',822,,42,67,,,0
1019,'1491960',1522,,43,67,,,0
1019,'1491961',1322,,44,67,,,0
1019,'1491962',1852,,45,67,,,0
1019,'1491967',1422,,46,67,,,0
1019,'1491968',2007,,47,67,,,0
1019,'1491969',2107,,48,67,,,0
1019,'1491975',1122,,49,67,,,0
1019,'1491977',1352,,50,67,,,0
1019,'1491980',922,,51,67,,,0
1019,'1491981',1222,,52,67,,,0
1019,'1491982',1022,,53,67,,,0
1019,'1491984',2357,,54,67,,,0
1019,'1491985',1822,,55,67,,,0
1019,'1491988',1052,,56,67,,,0
1019,'1491990',952,,57,67,,,0
1019,'1491992',2307,,58,67,,,0
1019,'1491994',1452,,59,67,,,0
1019,'1491995',1552,,60,67,,,0
1019,'1491997',722,,61,67,,,0
1019,'1491998',1252,,62,67,,,0
1019,'1491999',1152,,63,67,,,0
1019,'1492002',1752,,64,67,,,0
1019,'1492004',1652,,65,67,,,0
1019,'1492005',622,,66,37,,,0
1019,'1492007',1922,,67,67,,,0
2019,'1492023',2337,,191,123,,,0
2019,'1492024',1322,,192,123,,,0
2019,'1492025',1452,,193,123,,,0
2019,'1492027',2237,,194,123,,,0
2019,'1492028',1937,,195,123,,,0
2019,'1492032',1422,,196,123,,,0
2019,'1492034',1552,,197,123,,,0
2019,'1492036',1052,,198,123,,,0
2019,'1492037',1622,,199,123,,,0
2019,'1492038',1022,,200,123,,,0
2019,'1492040',1222,,201,123,,,0
2019,'1492042',952,,202,123,,,0
2019,'1492043',922,,203,123,,,0
2019,'1492045',1122,,204,123,,,0
2019,'1492048',1652,,205,123,,,0
2019,'1492053',2137,,206,123,,,0
2019,'1492055',822,,207,123,,,0
2019,'1492057',1822,,208,123,,,0
2019,'1492062',1522,,210,123,,,0
2019,'1492064',1152,,211,123,,,0
2019,'1492066',1252,,212,123,,,0
2019,'1492067',1722,,213,123,,,0
2019,'1492068',1852,,214,123,,,0
2019,'1492069',1752,,215,123,,,0
2019,'1492074',852,,216,123,,,0
2019,'1492075',1352,,217,123,,,0
2019,'1492077',752,,218,123,,,0
2019,'1492078',622,,219,38,,,0
2019,'1492079',652,,220,101,,,0
2019,'1492080',2037,,221,123,,,0
2019,'1496953',1837,,611,124,,,0
2019,'1496954',2237,,612,124,,,0
2019,'1496955',1437,,613,124,,,0
2019,'1496957',1237,,614,124,,,0
2019,'1496958',1537,,615,124,,,0
2019,'1496961',2137,,616,124,,,0
2019,'1496962',837,,617,124,,,0
2019,'1496968',1337,,618,124,,,0
2019,'1496970',2337,,619,124,,,0
2019,'1496973',1637,,620,124,,,0
2019,'1496974',1937,,621,124,,,0
2019,'1496975',1137,,622,124,,,0
2019,'1496979',1037,,623,124,,,0
2019,'1496981',937,,624,124,,,0
2019,'1496983',1737,,625,124,,,0
2019,'1496984',2037,,626,124,,,0
2019,'1496986',737,,627,124,,,0
2019,'1496987',707,,628,92,,,0
3019,'1491899',1652,,370,126,,,0
3019,'1491900',1822,,371,126,,,0
3019,'1491901',2137,,372,126,,,0
3019,'1491902',952,,373,126,,,0
3019,'1491903',822,,374,126,,,0
3019,'1491904',1722,,375,126,,,0
3019,'1491905',1252,,376,126,,,0
3019,'1491906',1222,,377,126,,,0
3019,'1491907',852,,378,126,,,0
3019,'1491908',1022,,379,126,,,0
3019,'1491909',2337,,380,126,,,0
3019,'1491910',1452,,381,126,,,0
3019,'1491911',1422,,382,126,,,0
3019,'1491912',1552,,383,126,,,0
3019,'1491913',1352,,384,126,,,0
3019,'1491914',2237,,385,126,,,0
3019,'1491915',922,,386,126,,,0
3019,'1491916',1852,,387,126,,,0
3019,'1491917',1522,,388,126,,,0
3019,'1491918',1122,,389,126,,,0
3019,'1491919',1152,,390,126,,,0
3019,'1491920',1322,,391,126,,,0
3019,'1491921',1752,,392,126,,,0
3019,'1491922',1052,,393,126,,,0
3019,'1491923',1622,,394,126,,,0
3019,'1491924',1937,,395,126,,,0
3019,'1491926',622,,397,35,,,0
3019,'1491927',652,,398,69,,,0
3019,'1491928',2037,,399,126,,,0
3019,'1492021',752,,400,126,,,0
3019,'1496989',837,,647,126,,,0
3019,'1496991',1537,,649,126,,,0
3019,'1496993',937,,651,126,,,0
3019,'1496994',1237,,652,126,,,0
3019,'1496995',2337,,653,126,,,0
3019,'1496996',1937,,654,126,,,0
3019,'1496999',1437,,657,126,,,0
3019,'1497001',2037,,659,126,,,0
3019,'1497003',1737,,661,126,,,0
3019,'1497004',1037,,662,126,,,0
3019,'1497005',1337,,663,126,,,0
3019,'1497009',2237,,667,126,,,0
3019,'1497010',1837,,668,126,,,0
3019,'1497011',1137,,669,126,,,0
3019,'1497015',1637,,673,126,,,0
3019,'1497020',2137,,678,126,,,0
3019,'1497022',707,,680,70,,,0
3019,'1497024',737,,682,126,,,0
