2019,'1492023',2245,,191,42,,,0
2019,'1492024',1230,,192,42,,,0
2019,'1492025',1400,,193,42,,,0
2019,'1492027',2145,,194,42,,,0
2019,'1492028',1845,,195,42,,,0
2019,'1492032',1330,,196,42,,,0
2019,'1492034',1500,,197,42,,,0
2019,'1492036',1000,,198,42,,,0
2019,'1492037',1530,,199,42,,,0
2019,'1492038',930,,200,42,,,0
2019,'1492040',1130,,201,42,,,0
2019,'1492042',900,,202,42,,,0
2019,'1492043',830,,203,42,,,0
2019,'1492045',1030,,204,42,,,0
2019,'1492048',1600,,205,42,,,0
2019,'1492053',2045,,206,42,,,0
2019,'1492055',730,,207,42,,,0
2019,'1492057',1730,,208,42,,,0
2019,'1492058',2342,,209,42,,,0
2019,'1492062',1430,,210,42,,,0
2019,'1492064',1100,,211,42,,,0
2019,'1492066',1200,,212,42,,,0
2019,'1492067',1630,,213,42,,,0
2019,'1492068',1800,,214,42,,,0
2019,'1492069',1700,,215,42,,,0
2019,'1492074',800,,216,42,,,0
2019,'1492075',1300,,217,42,,,0
2019,'1492077',700,,218,42,,,0
2019,'1492079',600,,220,20,,,0
2019,'1492080',1945,,221,42,,,0
2019,'1496953',1743,,611,43,,,0
2019,'1496954',2143,,612,43,,,0
2019,'1496955',1343,,613,43,,,0
2019,'1496957',1143,,614,43,,,0
2019,'1496958',1443,,615,43,,,0
2019,'1496961',2043,,616,43,,,0
2019,'1496962',743,,617,43,,,0
2019,'1496968',1243,,618,43,,,0
2019,'1496970',2243,,619,43,,,0
2019,'1496973',1543,,620,43,,,0
2019,'1496974',1843,,621,43,,,0
2019,'1496975',1043,,622,43,,,0
2019,'1496979',943,,623,43,,,0
2019,'1496981',843,,624,43,,,0
2019,'1496983',1643,,625,43,,,0
2019,'1496984',1943,,626,43,,,0
2019,'1496986',643,,627,43,,,0
2019,'1496987',613,,628,11,,,0
2019,'1496988',2342,,629,43,,,0
