3019,'1496125',1618,,1056,82,,,0
3019,'1496128',1748,,1059,82,,,0
3019,'1496129',918,,1060,82,,,0
3019,'1496130',748,,1061,82,,,0
3019,'1496131',1648,,1062,82,,,0
3019,'1496133',1218,,1064,82,,,0
3019,'1496134',1148,,1065,82,,,0
3019,'1496136',818,,1067,82,,,0
3019,'1496138',948,,1069,82,,,0
3019,'1496141',1418,,1072,82,,,0
3019,'1496142',1348,,1073,82,,,0
3019,'1496144',1518,,1075,82,,,0
3019,'1496146',1318,,1077,82,,,0
3019,'1496151',848,,1082,82,,,0
3019,'1496153',1818,,1084,82,,,0
3019,'1496154',1448,,1085,82,,,0
3019,'1496155',1048,,1086,82,,,0
3019,'1496159',1118,,1090,82,,,0
3019,'1496164',1248,,1095,82,,,0
3019,'1496165',1718,,1096,82,,,0
3019,'1496167',1018,,1098,82,,,0
3019,'1496168',1548,,1099,82,,,0
3019,'1496171',618,,1102,26,,,0
3019,'1496173',718,,1104,82,,,0
3019,'1496374',1618,,1105,82,,,0
3019,'1496377',1748,,1108,82,,,0
3019,'1496378',2103,,1109,82,,,0
3019,'1496380',918,,1111,82,,,0
3019,'1496381',748,,1112,82,,,0
3019,'1496382',1648,,1113,82,,,0
3019,'1496385',1218,,1116,82,,,0
3019,'1496386',1148,,1117,82,,,0
3019,'1496388',818,,1119,82,,,0
3019,'1496392',948,,1123,82,,,0
3019,'1496395',2303,,1126,82,,,0
3019,'1496396',1418,,1127,82,,,0
3019,'1496398',1348,,1129,82,,,0
3019,'1496400',1518,,1131,82,,,0
3019,'1496402',1318,,1133,82,,,0
3019,'1496404',2203,,1135,82,,,0
3019,'1496409',848,,1140,82,,,0
3019,'1496411',1818,,1142,82,,,0
3019,'1496412',1448,,1143,82,,,0
3019,'1496413',1048,,1144,82,,,0
3019,'1496417',1118,,1148,82,,,0
3019,'1496422',1248,,1153,82,,,0
3019,'1496423',1718,,1154,82,,,0
3019,'1496425',1018,,1156,82,,,0
3019,'1496426',1548,,1157,82,,,0
3019,'1496427',1903,,1158,82,,,0
3019,'1496431',618,,1162,26,,,0
3019,'1496432',2003,,1163,82,,,0
3019,'1496434',718,,1165,82,,,0
3019,'1496453',803,,1166,82,,,0
3019,'1496455',1503,,1168,82,,,0
3019,'1496457',903,,1170,82,,,0
3019,'1496458',1203,,1171,82,,,0
3019,'1496459',2303,,1172,82,,,0
3019,'1496460',1903,,1173,82,,,0
3019,'1496463',1403,,1176,82,,,0
3019,'1496465',2003,,1178,82,,,0
3019,'1496467',1703,,1180,82,,,0
3019,'1496468',1003,,1181,82,,,0
3019,'1496469',1303,,1182,82,,,0
3019,'1496473',2203,,1186,82,,,0
3019,'1496474',1803,,1187,82,,,0
3019,'1496475',1103,,1188,82,,,0
3019,'1496479',1603,,1192,82,,,0
3019,'1496484',2103,,1197,82,,,0
3019,'1496486',633,,1199,26,,,0
3019,'1496488',703,,1201,82,,,0
3019,'1496627',803,,1203,82,,,0
3019,'1496629',1503,,1205,82,,,0
3019,'1496631',903,,1207,82,,,0
3019,'1496632',1203,,1208,82,,,0
3019,'1496633',1903,,1209,82,,,0
3019,'1496636',1403,,1212,82,,,0
3019,'1496638',2003,,1214,82,,,0
3019,'1496640',1703,,1216,82,,,0
3019,'1496641',1003,,1217,82,,,0
3019,'1496642',1303,,1218,82,,,0
3019,'1496645',2203,,1221,82,,,0
3019,'1496646',1803,,1222,82,,,0
3019,'1496647',1103,,1223,82,,,0
3019,'1496651',1603,,1227,82,,,0
3019,'1496656',2103,,1232,82,,,0
3019,'1496658',733,,1234,26,,,0
