4019,'1491929',632,,525,3,,,0
4019,'1491930',2317,,526,3,,,0
4019,'1491931',1032,,527,3,,,0
4019,'1491932',832,,528,3,,,0
4019,'1491933',2017,,529,3,,,0
4019,'1491934',1632,,530,3,,,0
4019,'1491935',1832,,531,3,,,0
4019,'1491936',2117,,532,3,,,0
4019,'1491937',932,,533,3,,,0
4019,'1491938',1132,,534,3,,,0
4019,'1491939',1917,,535,3,,,0
4019,'1491940',732,,536,3,,,0
4019,'1491941',1532,,537,3,,,0
4019,'1491942',1732,,538,3,,,0
4019,'1491943',1332,,539,3,,,0
4019,'1491944',1432,,540,3,,,0
4019,'1491945',2217,,541,3,,,0
4019,'1491946',1232,,542,3,,,0
4019,'1497026',817,,684,3,,,0
4019,'1497027',717,,685,3,,,0
4019,'1497028',1617,,686,3,,,0
4019,'1497029',2217,,687,3,,,0
4019,'1497030',1717,,688,3,,,0
4019,'1497031',1417,,689,3,,,0
4019,'1497032',2117,,690,3,,,0
4019,'1497033',1017,,691,3,,,0
4019,'1497034',1917,,692,3,,,0
4019,'1497035',1517,,693,3,,,0
4019,'1497036',917,,694,3,,,0
4019,'1497037',1817,,695,3,,,0
4019,'1497038',1317,,696,3,,,0
4019,'1497039',617,,697,3,,,0
4019,'1497040',2017,,698,3,,,0
4019,'1497041',1117,,699,3,,,0
4019,'1497042',1217,,700,3,,,0
4019,'1497043',2317,,701,3,,,0
