3019,'1488507',902,,436,68,0,5,0
3019,'1488508',1102,,437,68,0,5,0
3019,'1488511',2132,,438,68,0,5,0
3019,'1488515',2232,,439,68,0,5,0
3019,'1488516',1132,,440,68,0,5,0
3019,'1488519',1702,,441,68,0,5,0
3019,'1488521',2325,,442,68,0,5,0
3019,'1488522',1502,,443,68,0,5,0
3019,'1488523',1932,,444,68,0,5,0
3019,'1488525',1232,,445,68,0,5,0
3019,'1488526',802,,446,68,0,5,0
3019,'1488529',2032,,447,68,0,5,0
3019,'1488531',732,,448,68,0,5,0
3019,'1488533',1802,,449,68,0,5,0
3019,'1488535',1332,,450,68,0,5,0
3019,'1488537',1832,,451,68,0,5,0
3019,'1488538',1032,,452,68,0,5,0
3019,'1488539',1302,,453,68,0,5,0
3019,'1488540',1402,,454,68,0,5,0
3019,'1488542',832,,455,68,0,5,0
3019,'1488546',1002,,456,68,0,5,0
3019,'1488547',1632,,457,68,0,5,0
3019,'1488548',1432,,458,68,0,5,0
3019,'1488550',1732,,459,68,0,5,0
3019,'1488551',1202,,460,68,0,5,0
3019,'1488552',1532,,461,68,0,5,0
3019,'1488556',1602,,463,68,0,5,0
3019,'1488560',932,,464,68,0,5,0
3019,'1488565',632,,465,35,0,5,0
3019,'1496990',1732,,648,66,0,5,0
3019,'1496992',2232,,650,66,0,5,0
3019,'1496997',1932,,655,66,0,5,0
3019,'1496998',1432,,656,66,0,5,0
3019,'1497000',2032,,658,66,0,5,0
3019,'1497002',2326,,660,66,0,5,0
3019,'1497006',1832,,664,66,0,5,0
3019,'1497007',732,,665,66,0,5,0
3019,'1497008',932,,666,66,0,5,0
3019,'1497012',1032,,670,66,0,5,0
3019,'1497013',1332,,671,66,0,5,0
3019,'1497014',1632,,672,66,0,5,0
3019,'1497016',1132,,674,66,0,5,0
3019,'1497017',1532,,675,66,0,5,0
3019,'1497018',2132,,676,66,0,5,0
3019,'1497019',832,,677,66,0,5,0
3019,'1497021',1232,,679,66,0,5,0
