1029,'1491948',1425,,124,16,,,0
1029,'1491949',1525,,125,16,,,0
1029,'1491951',1625,,126,16,,,0
1029,'1491953',725,,127,16,,,0
1029,'1491954',2055,,128,16,,,0
1029,'1491958',1025,,129,16,,,0
1029,'1491963',1955,,130,16,,,0
1029,'1491964',855,,131,16,,,0
1029,'1491965',1655,,132,16,,,0
1029,'1491966',1555,,133,16,,,0
1029,'1491970',1755,,134,16,,,0
1029,'1491971',1155,,135,16,,,0
1029,'1491972',1225,,136,16,,,0
1029,'1491973',1355,,137,16,,,0
1029,'1491974',955,,138,16,,,0
1029,'1491976',655,,139,16,,,0
1029,'1491978',1825,,140,16,,,0
1029,'1491979',1725,,141,16,,,0
1029,'1491983',1325,,142,16,,,0
1029,'1491986',925,,143,16,,,0
1029,'1491987',2155,,144,16,,,0
1029,'1491989',1125,,145,16,,,0
1029,'1491991',2255,,146,16,,,0
1029,'1491993',825,,147,16,,,0
1029,'1491996',755,,148,16,,,0
1029,'1492000',1455,,149,16,,,0
1029,'1492001',1255,,150,16,,,0
1029,'1492003',1055,,151,16,,,0
1029,'1492008',1855,,153,16,,,0
1029,'1496919',1854,,594,16,,,0
1029,'1496920',2054,,595,16,,,0
1029,'1496925',1754,,596,16,,,0
1029,'1496926',2154,,597,16,,,0
1029,'1496927',1254,,598,16,,,0
1029,'1496929',1054,,599,16,,,0
1029,'1496931',954,,600,16,,,0
1029,'1496932',1954,,601,16,,,0
1029,'1496934',654,,602,16,,,0
1029,'1496936',2254,,603,16,,,0
1029,'1496937',1454,,604,16,,,0
1029,'1496939',1554,,605,16,,,0
1029,'1496942',754,,606,16,,,0
1029,'1496943',1154,,607,16,,,0
1029,'1496944',854,,608,16,,,0
1029,'1496947',1654,,609,16,,,0
1029,'1496948',1354,,610,16,,,0
