2029,'1492022',2012,,280,47,,,0
2029,'1492026',912,,281,47,,,0
2029,'1492029',1412,,282,47,,,0
2029,'1492030',1212,,283,47,,,0
2029,'1492031',1812,,284,47,,,0
2029,'1492033',1242,,285,47,,,0
2029,'1492035',1542,,286,47,,,0
2029,'1492039',942,,287,47,,,0
2029,'1492041',2212,,288,47,,,0
2029,'1492044',812,,289,47,,,0
2029,'1492046',1612,,290,47,,,0
2029,'1492047',1442,,291,47,,,0
2029,'1492049',2310,,292,47,,,0
2029,'1492050',1042,,293,47,,,0
2029,'1492051',712,,294,47,,,0
2029,'1492052',1312,,295,47,,,0
2029,'1492054',1912,,296,47,,,0
2029,'1492056',1642,,297,47,,,0
2029,'1492059',1512,,298,47,,,0
2029,'1492060',1342,,299,47,,,0
2029,'1492061',742,,300,47,,,0
2029,'1492063',1712,,301,47,,,0
2029,'1492065',1012,,302,47,,,0
2029,'1492070',842,,303,47,,,0
2029,'1492071',2112,,304,47,,,0
2029,'1492072',1142,,305,47,,,0
2029,'1492073',1112,,306,47,,,0
2029,'1492076',1742,,307,47,,,0
2029,'1492081',612,,308,11,,,0
2029,'1496956',1713,,630,48,,,0
2029,'1496959',1113,,631,48,,,0
2029,'1496960',2213,,632,48,,,0
2029,'1496963',2310,,633,48,,,0
2029,'1496964',1013,,634,48,,,0
2029,'1496965',2013,,635,48,,,0
2029,'1496966',913,,636,48,,,0
2029,'1496967',1513,,637,48,,,0
2029,'1496969',2113,,638,48,,,0
2029,'1496971',1813,,639,48,,,0
2029,'1496972',1213,,640,48,,,0
2029,'1496976',1413,,641,48,,,0
2029,'1496977',813,,642,48,,,0
2029,'1496978',1313,,643,48,,,0
2029,'1496980',1913,,644,48,,,0
2029,'1496982',1613,,645,48,,,0
2029,'1496985',713,,646,48,,,0
