1029,'1491948',1509,,124,71,,,0
1029,'1491949',1609,,125,71,,,0
1029,'1491951',1709,,126,71,,,0
1029,'1491953',809,,127,71,,,0
1029,'1491954',2139,,128,71,,,0
1029,'1491958',1109,,129,71,,,0
1029,'1491963',2039,,130,71,,,0
1029,'1491964',939,,131,71,,,0
1029,'1491965',1739,,132,71,,,0
1029,'1491966',1639,,133,71,,,0
1029,'1491970',1839,,134,71,,,0
1029,'1491971',1239,,135,71,,,0
1029,'1491972',1309,,136,71,,,0
1029,'1491973',1439,,137,71,,,0
1029,'1491974',1039,,138,71,,,0
1029,'1491976',739,,139,71,,,0
1029,'1491978',1909,,140,71,,,0
1029,'1491979',1809,,141,71,,,0
1029,'1491983',1409,,142,71,,,0
1029,'1491986',1009,,143,71,,,0
1029,'1491987',2239,,144,71,,,0
1029,'1491989',1209,,145,71,,,0
1029,'1491991',2339,,146,71,,,0
1029,'1491993',909,,147,71,,,0
1029,'1491996',839,,148,71,,,0
1029,'1492000',1539,,149,71,,,0
1029,'1492001',1339,,150,71,,,0
1029,'1492003',1139,,151,71,,,0
1029,'1492006',639,,152,26,,,0
1029,'1492008',1939,,153,71,,,0
1029,'1496919',1939,,594,71,,,0
1029,'1496920',2139,,595,71,,,0
1029,'1496925',1839,,596,71,,,0
1029,'1496926',2239,,597,71,,,0
1029,'1496927',1339,,598,71,,,0
1029,'1496929',1139,,599,71,,,0
1029,'1496931',1039,,600,71,,,0
1029,'1496932',2039,,601,71,,,0
1029,'1496934',739,,602,71,,,0
1029,'1496936',2339,,603,71,,,0
1029,'1496937',1539,,604,71,,,0
1029,'1496939',1639,,605,71,,,0
1029,'1496942',839,,606,71,,,0
1029,'1496943',1239,,607,71,,,0
1029,'1496944',939,,608,71,,,0
1029,'1496947',1739,,609,71,,,0
1029,'1496948',1439,,610,71,,,0
4019,'1491929',724,,525,75,,,0
4019,'1491930',2359,,526,75,,,0
4019,'1491931',1124,,527,75,,,0
4019,'1491932',924,,528,75,,,0
4019,'1491933',2109,,529,75,,,0
4019,'1491934',1724,,530,75,,,0
4019,'1491935',1924,,531,75,,,0
4019,'1491936',2209,,532,75,,,0
4019,'1491937',1024,,533,75,,,0
4019,'1491938',1224,,534,75,,,0
4019,'1491939',2009,,535,75,,,0
4019,'1491940',824,,536,75,,,0
4019,'1491941',1624,,537,75,,,0
4019,'1491942',1824,,538,75,,,0
4019,'1491943',1424,,539,75,,,0
4019,'1491944',1524,,540,75,,,0
4019,'1491945',2309,,541,75,,,0
4019,'1491946',1324,,542,75,,,0
4019,'1491947',624,,543,41,,,0
4019,'1497026',909,,684,79,,,0
4019,'1497027',809,,685,79,,,0
4019,'1497028',1709,,686,79,,,0
4019,'1497029',2309,,687,79,,,0
4019,'1497030',1809,,688,79,,,0
4019,'1497031',1509,,689,79,,,0
4019,'1497032',2209,,690,79,,,0
4019,'1497033',1109,,691,79,,,0
4019,'1497034',2009,,692,79,,,0
4019,'1497035',1609,,693,79,,,0
4019,'1497036',1009,,694,79,,,0
4019,'1497037',1909,,695,79,,,0
4019,'1497038',1409,,696,79,,,0
4019,'1497039',709,,697,79,,,0
4019,'1497040',2109,,698,79,,,0
4019,'1497041',1209,,699,79,,,0
4019,'1497042',1309,,700,79,,,0
4019,'1497043',2359,,701,79,,,0
