2029,'1488850',627,,970,20,,,0
2029,'1496221',656,,971,80,,,0
2029,'1496281',656,,972,80,,,0
2029,'1497044',957,,973,117,,,0
2029,'1497045',1457,,974,117,,,0
2029,'1497046',1257,,975,117,,,0
2029,'1497047',1327,,976,117,,,0
2029,'1497048',1627,,977,117,,,0
2029,'1497049',1027,,978,117,,,0
2029,'1497050',857,,979,117,,,0
2029,'1497051',1657,,980,117,,,0
2029,'1497052',1527,,981,117,,,0
2029,'1497053',1127,,982,117,,,0
2029,'1497054',757,,983,117,,,0
2029,'1497055',1357,,984,117,,,0
2029,'1497056',1727,,985,117,,,0
2029,'1497057',1557,,986,117,,,0
2029,'1497058',1427,,987,117,,,0
2029,'1497059',827,,988,117,,,0
2029,'1497060',1757,,989,117,,,0
2029,'1497061',1057,,990,117,,,0
2029,'1497062',927,,991,117,,,0
2029,'1497063',1227,,992,117,,,0
2029,'1497064',1157,,993,117,,,0
2029,'1497065',1827,,994,117,,,0
2029,'1497066',2057,,995,117,,,0
2029,'1497067',957,,996,117,,,0
2029,'1497068',1457,,997,117,,,0
2029,'1497069',1257,,998,117,,,0
2029,'1497070',1857,,999,117,,,0
2029,'1497071',1327,,1000,117,,,0
2029,'1497072',1627,,1001,117,,,0
2029,'1497073',1027,,1002,117,,,0
2029,'1497074',2257,,1003,117,,,0
2029,'1497075',857,,1004,117,,,0
2029,'1497076',1657,,1005,117,,,0
2029,'1497077',1527,,1006,117,,,0
2029,'1497078',2350,,1007,117,,,0
2029,'1497079',1127,,1008,117,,,0
2029,'1497080',757,,1009,117,,,0
2029,'1497081',1357,,1010,117,,,0
2029,'1497082',1957,,1011,117,,,0
2029,'1497083',1727,,1012,117,,,0
2029,'1497084',1557,,1013,117,,,0
2029,'1497085',1427,,1014,117,,,0
2029,'1497086',827,,1015,117,,,0
2029,'1497087',1757,,1016,117,,,0
2029,'1497088',1057,,1017,117,,,0
2029,'1497089',927,,1018,117,,,0
2029,'1497090',2157,,1019,117,,,0
2029,'1497091',1227,,1020,117,,,0
2029,'1497092',1157,,1021,117,,,0
2029,'1497093',1827,,1022,117,,,0
2029,'1497094',1757,,1023,117,,,0
2029,'1497095',1157,,1024,117,,,0
2029,'1497096',2257,,1025,117,,,0
2029,'1497097',2350,,1026,117,,,0
2029,'1497098',1057,,1027,117,,,0
2029,'1497099',2057,,1028,117,,,0
2029,'1497100',957,,1029,117,,,0
2029,'1497101',1557,,1030,117,,,0
2029,'1497102',2157,,1031,117,,,0
2029,'1497103',1857,,1032,117,,,0
2029,'1497104',1257,,1033,117,,,0
2029,'1497105',1457,,1034,117,,,0
2029,'1497106',857,,1035,117,,,0
2029,'1497107',1357,,1036,117,,,0
2029,'1497108',1957,,1037,117,,,0
2029,'1497109',1657,,1038,117,,,0
2029,'1497110',757,,1039,117,,,0
2029,'1497111',1757,,1040,117,,,0
2029,'1497112',1157,,1041,117,,,0
2029,'1497113',2257,,1042,117,,,0
2029,'1497114',2350,,1043,117,,,0
2029,'1497115',1057,,1044,117,,,0
2029,'1497116',2057,,1045,117,,,0
2029,'1497117',957,,1046,117,,,0
2029,'1497118',1557,,1047,117,,,0
2029,'1497119',2157,,1048,117,,,0
2029,'1497120',1857,,1049,117,,,0
2029,'1497121',1257,,1050,117,,,0
2029,'1497122',1457,,1051,117,,,0
2029,'1497123',857,,1052,117,,,0
2029,'1497124',1357,,1053,117,,,0
2029,'1497125',1957,,1054,117,,,0
2029,'1497126',1657,,1055,117,,,0
