3019,'1488507',927,,436,109,0,5,0
3019,'1488508',1127,,437,109,0,5,0
3019,'1488511',2157,,438,109,0,5,0
3019,'1488515',2257,,439,109,0,5,0
3019,'1488516',1157,,440,109,0,5,0
3019,'1488519',1727,,441,109,0,5,0
3019,'1488521',2347,,442,109,0,5,0
3019,'1488522',1527,,443,109,0,5,0
3019,'1488523',1957,,444,109,0,5,0
3019,'1488525',1257,,445,109,0,5,0
3019,'1488526',827,,446,109,0,5,0
3019,'1488529',2057,,447,109,0,5,0
3019,'1488531',757,,448,109,0,5,0
3019,'1488533',1827,,449,109,0,5,0
3019,'1488535',1357,,450,109,0,5,0
3019,'1488537',1857,,451,109,0,5,0
3019,'1488538',1057,,452,109,0,5,0
3019,'1488539',1327,,453,109,0,5,0
3019,'1488540',1427,,454,109,0,5,0
3019,'1488542',857,,455,109,0,5,0
3019,'1488546',1027,,456,109,0,5,0
3019,'1488547',1657,,457,109,0,5,0
3019,'1488548',1457,,458,109,0,5,0
3019,'1488550',1757,,459,109,0,5,0
3019,'1488551',1227,,460,109,0,5,0
3019,'1488552',1557,,461,109,0,5,0
3019,'1488553',627,,462,29,0,5,0
3019,'1488556',1627,,463,109,0,5,0
3019,'1488560',957,,464,109,0,5,0
3019,'1488565',657,,465,76,0,5,0
3019,'1496990',1757,,648,107,0,5,0
3019,'1496992',2257,,650,107,0,5,0
3019,'1496997',1957,,655,107,0,5,0
3019,'1496998',1457,,656,107,0,5,0
3019,'1497000',2057,,658,107,0,5,0
3019,'1497002',2347,,660,107,0,5,0
3019,'1497006',1857,,664,107,0,5,0
3019,'1497007',757,,665,107,0,5,0
3019,'1497008',957,,666,107,0,5,0
3019,'1497012',1057,,670,107,0,5,0
3019,'1497013',1357,,671,107,0,5,0
3019,'1497014',1657,,672,107,0,5,0
3019,'1497016',1157,,674,107,0,5,0
3019,'1497017',1557,,675,107,0,5,0
3019,'1497018',2157,,676,107,0,5,0
3019,'1497019',857,,677,107,0,5,0
3019,'1497021',1257,,679,107,0,5,0
3019,'1497025',627,,683,29,0,5,0
