2029,'1492022',2000,,280,24,,,0
2029,'1492026',900,,281,24,,,0
2029,'1492029',1400,,282,24,,,0
2029,'1492030',1200,,283,24,,,0
2029,'1492031',1800,,284,24,,,0
2029,'1492033',1230,,285,24,,,0
2029,'1492035',1530,,286,24,,,0
2029,'1492039',930,,287,24,,,0
2029,'1492041',2200,,288,24,,,0
2029,'1492044',800,,289,24,,,0
2029,'1492046',1600,,290,24,,,0
2029,'1492047',1430,,291,24,,,0
2029,'1492049',2259,,292,24,,,0
2029,'1492050',1030,,293,24,,,0
2029,'1492051',700,,294,24,,,0
2029,'1492052',1300,,295,24,,,0
2029,'1492054',1900,,296,24,,,0
2029,'1492056',1630,,297,24,,,0
2029,'1492059',1500,,298,24,,,0
2029,'1492060',1330,,299,24,,,0
2029,'1492061',730,,300,24,,,0
2029,'1492063',1700,,301,24,,,0
2029,'1492065',1000,,302,24,,,0
2029,'1492070',830,,303,24,,,0
2029,'1492071',2100,,304,24,,,0
2029,'1492072',1130,,305,24,,,0
2029,'1492073',1100,,306,24,,,0
2029,'1492076',1730,,307,24,,,0
2029,'1496956',1703,,630,25,,,0
2029,'1496959',1103,,631,25,,,0
2029,'1496960',2203,,632,25,,,0
2029,'1496963',2259,,633,25,,,0
2029,'1496964',1003,,634,25,,,0
2029,'1496965',2003,,635,25,,,0
2029,'1496966',903,,636,25,,,0
2029,'1496967',1503,,637,25,,,0
2029,'1496969',2103,,638,25,,,0
2029,'1496971',1803,,639,25,,,0
2029,'1496972',1203,,640,25,,,0
2029,'1496976',1403,,641,25,,,0
2029,'1496977',803,,642,25,,,0
2029,'1496978',1303,,643,25,,,0
2029,'1496980',1903,,644,25,,,0
2029,'1496982',1603,,645,25,,,0
2029,'1496985',703,,646,25,,,0
