4019,'1496112',657,,1237,39,,,0
4019,'1496113',1057,,1238,39,,,0
4019,'1496114',857,,1239,39,,,0
4019,'1496115',1657,,1240,39,,,0
4019,'1496116',957,,1241,39,,,0
4019,'1496117',1157,,1242,39,,,0
4019,'1496118',757,,1243,39,,,0
4019,'1496119',1557,,1244,39,,,0
4019,'1496120',1757,,1245,39,,,0
4019,'1496121',1357,,1246,39,,,0
4019,'1496122',1457,,1247,39,,,0
4019,'1496123',1257,,1248,39,,,0
4019,'1496124',558,,1249,5,,,0
4019,'1496355',657,,1250,39,,,0
4019,'1496356',2338,,1251,39,,,0
4019,'1496357',1057,,1252,39,,,0
4019,'1496358',857,,1253,39,,,0
4019,'1496359',2042,,1254,39,,,0
4019,'1496360',1657,,1255,39,,,0
4019,'1496361',1857,,1256,39,,,0
4019,'1496362',2142,,1257,39,,,0
4019,'1496363',957,,1258,39,,,0
4019,'1496364',1157,,1259,39,,,0
4019,'1496365',1942,,1260,39,,,0
4019,'1496366',757,,1261,39,,,0
4019,'1496367',1557,,1262,39,,,0
4019,'1496368',1757,,1263,39,,,0
4019,'1496369',1357,,1264,39,,,0
4019,'1496370',1457,,1265,39,,,0
4019,'1496371',2242,,1266,39,,,0
4019,'1496372',1257,,1267,39,,,0
4019,'1496373',558,,1268,5,,,0
4019,'1496435',842,,1269,39,,,0
4019,'1496436',742,,1270,39,,,0
4019,'1496437',1642,,1271,39,,,0
4019,'1496438',2242,,1272,39,,,0
4019,'1496439',1742,,1273,39,,,0
4019,'1496440',1442,,1274,39,,,0
4019,'1496441',2142,,1275,39,,,0
4019,'1496442',1042,,1276,39,,,0
4019,'1496443',1942,,1277,39,,,0
4019,'1496444',1542,,1278,39,,,0
4019,'1496445',942,,1279,39,,,0
4019,'1496446',1842,,1280,39,,,0
4019,'1496447',1342,,1281,39,,,0
4019,'1496448',642,,1282,39,,,0
4019,'1496449',2042,,1283,39,,,0
4019,'1496450',1142,,1284,39,,,0
4019,'1496451',1242,,1285,39,,,0
4019,'1496452',2338,,1286,39,,,0
4019,'1496661',842,,1287,39,,,0
4019,'1496662',742,,1288,39,,,0
4019,'1496663',1642,,1289,39,,,0
4019,'1496664',2242,,1290,39,,,0
4019,'1496665',1742,,1291,39,,,0
4019,'1496666',1442,,1292,39,,,0
4019,'1496667',2142,,1293,39,,,0
4019,'1496668',1042,,1294,39,,,0
4019,'1496669',1942,,1295,39,,,0
4019,'1496670',1542,,1296,39,,,0
4019,'1496671',942,,1297,39,,,0
4019,'1496672',1842,,1298,39,,,0
4019,'1496673',1342,,1299,39,,,0
4019,'1496674',2042,,1300,39,,,0
4019,'1496675',1142,,1301,39,,,0
4019,'1496676',1242,,1302,39,,,0
4019,'1496677',2338,,1303,39,,,0
