3019,'1496126',903,,1057,67,0,5,0
3019,'1496127',1103,,1058,67,0,5,0
3019,'1496132',1133,,1063,67,0,5,0
3019,'1496135',1703,,1066,67,0,5,0
3019,'1496137',1503,,1068,67,0,5,0
3019,'1496139',1233,,1070,67,0,5,0
3019,'1496140',803,,1071,67,0,5,0
3019,'1496143',733,,1074,67,0,5,0
3019,'1496145',1803,,1076,67,0,5,0
3019,'1496147',1333,,1078,67,0,5,0
3019,'1496148',1033,,1079,67,0,5,0
3019,'1496149',1303,,1080,67,0,5,0
3019,'1496150',1403,,1081,67,0,5,0
3019,'1496152',833,,1083,67,0,5,0
3019,'1496156',1003,,1087,67,0,5,0
3019,'1496157',1633,,1088,67,0,5,0
3019,'1496158',1433,,1089,67,0,5,0
3019,'1496160',1733,,1091,67,0,5,0
3019,'1496161',1203,,1092,67,0,5,0
3019,'1496162',1533,,1093,67,0,5,0
3019,'1496166',1603,,1097,67,0,5,0
3019,'1496169',933,,1100,67,0,5,0
3019,'1496172',633,,1103,36,0,5,0
3019,'1496375',903,,1106,67,0,5,0
3019,'1496376',1103,,1107,67,0,5,0
3019,'1496379',2133,,1110,67,0,5,0
3019,'1496383',2233,,1114,67,0,5,0
3019,'1496384',1133,,1115,67,0,5,0
3019,'1496387',1703,,1118,67,0,5,0
3019,'1496389',2326,,1120,67,0,5,0
3019,'1496390',1503,,1121,67,0,5,0
3019,'1496391',1933,,1122,67,0,5,0
3019,'1496393',1233,,1124,67,0,5,0
3019,'1496394',803,,1125,67,0,5,0
3019,'1496397',2033,,1128,67,0,5,0
3019,'1496399',733,,1130,67,0,5,0
3019,'1496401',1803,,1132,67,0,5,0
3019,'1496403',1333,,1134,67,0,5,0
3019,'1496405',1833,,1136,67,0,5,0
3019,'1496406',1033,,1137,67,0,5,0
3019,'1496407',1303,,1138,67,0,5,0
3019,'1496408',1403,,1139,67,0,5,0
3019,'1496410',833,,1141,67,0,5,0
3019,'1496414',1003,,1145,67,0,5,0
3019,'1496415',1633,,1146,67,0,5,0
3019,'1496416',1433,,1147,67,0,5,0
3019,'1496418',1733,,1149,67,0,5,0
3019,'1496419',1203,,1150,67,0,5,0
3019,'1496420',1533,,1151,67,0,5,0
3019,'1496424',1603,,1155,67,0,5,0
3019,'1496428',933,,1159,67,0,5,0
3019,'1496433',633,,1164,36,0,5,0
3019,'1496454',1733,,1167,67,0,5,0
3019,'1496456',2233,,1169,67,0,5,0
3019,'1496461',1933,,1174,67,0,5,0
3019,'1496462',1433,,1175,67,0,5,0
3019,'1496464',2033,,1177,67,0,5,0
3019,'1496466',2326,,1179,67,0,5,0
3019,'1496470',1833,,1183,67,0,5,0
3019,'1496471',733,,1184,67,0,5,0
3019,'1496472',933,,1185,67,0,5,0
3019,'1496476',1033,,1189,67,0,5,0
3019,'1496477',1333,,1190,67,0,5,0
3019,'1496478',1633,,1191,67,0,5,0
3019,'1496480',1133,,1193,67,0,5,0
3019,'1496481',1533,,1194,67,0,5,0
3019,'1496482',2133,,1195,67,0,5,0
3019,'1496483',833,,1196,67,0,5,0
3019,'1496485',1233,,1198,67,0,5,0
3019,'1496628',1733,,1204,67,0,5,0
3019,'1496630',2233,,1206,67,0,5,0
3019,'1496634',1933,,1210,67,0,5,0
3019,'1496635',1433,,1211,67,0,5,0
3019,'1496637',2033,,1213,67,0,5,0
3019,'1496639',2326,,1215,67,0,5,0
3019,'1496643',1833,,1219,67,0,5,0
3019,'1496644',933,,1220,67,0,5,0
3019,'1496648',1033,,1224,67,0,5,0
3019,'1496649',1333,,1225,67,0,5,0
3019,'1496650',1633,,1226,67,0,5,0
3019,'1496652',1133,,1228,67,0,5,0
3019,'1496653',1533,,1229,67,0,5,0
3019,'1496654',2133,,1230,67,0,5,0
3019,'1496655',833,,1231,67,0,5,0
3019,'1496657',1233,,1233,67,0,5,0
