8019,'1496053',1813,,1304,17,,,0
8019,'1496054',1113,,1305,17,,,0
8019,'1496055',1413,,1306,17,,,0
8019,'1496056',1013,,1307,17,,,0
8019,'1496057',1513,,1308,17,,,0
8019,'1496058',813,,1309,17,,,0
8019,'1496059',1713,,1310,17,,,0
8019,'1496060',913,,1311,17,,,0
8019,'1496061',713,,1312,17,,,0
8019,'1496062',1613,,1313,17,,,0
8019,'1496063',1313,,1314,17,,,0
8019,'1496064',1213,,1315,17,,,0
8019,'1496282',1813,,1316,17,,,0
8019,'1496283',1113,,1317,17,,,0
8019,'1496284',1413,,1318,17,,,0
8019,'1496285',1013,,1319,17,,,0
8019,'1496286',1513,,1320,17,,,0
8019,'1496287',813,,1321,17,,,0
8019,'1496288',1713,,1322,17,,,0
8019,'1496289',913,,1323,17,,,0
8019,'1496290',713,,1324,17,,,0
8019,'1496291',1613,,1325,17,,,0
8019,'1496292',1313,,1326,17,,,0
8019,'1496293',1213,,1327,17,,,0
