3019,'1491899',1608,,370,68,,,0
3019,'1491900',1738,,371,68,,,0
3019,'1491901',2053,,372,68,,,0
3019,'1491902',908,,373,68,,,0
3019,'1491903',738,,374,68,,,0
3019,'1491904',1638,,375,68,,,0
3019,'1491905',1208,,376,68,,,0
3019,'1491906',1138,,377,68,,,0
3019,'1491907',808,,378,68,,,0
3019,'1491908',938,,379,68,,,0
3019,'1491909',2253,,380,68,,,0
3019,'1491910',1408,,381,68,,,0
3019,'1491911',1338,,382,68,,,0
3019,'1491912',1508,,383,68,,,0
3019,'1491913',1308,,384,68,,,0
3019,'1491914',2153,,385,68,,,0
3019,'1491915',838,,386,68,,,0
3019,'1491916',1808,,387,68,,,0
3019,'1491917',1438,,388,68,,,0
3019,'1491918',1038,,389,68,,,0
3019,'1491919',1108,,390,68,,,0
3019,'1491920',1238,,391,68,,,0
3019,'1491921',1708,,392,68,,,0
3019,'1491922',1008,,393,68,,,0
3019,'1491923',1538,,394,68,,,0
3019,'1491924',1853,,395,68,,,0
3019,'1491925',2347,,396,68,,,0
3019,'1491927',608,,398,11,,,0
3019,'1491928',1953,,399,68,,,0
3019,'1492021',708,,400,68,,,0
3019,'1496989',753,,647,67,,,0
3019,'1496991',1453,,649,67,,,0
3019,'1496993',853,,651,67,,,0
3019,'1496994',1153,,652,67,,,0
3019,'1496995',2253,,653,67,,,0
3019,'1496996',1853,,654,67,,,0
3019,'1496999',1353,,657,67,,,0
3019,'1497001',1953,,659,67,,,0
3019,'1497003',1653,,661,67,,,0
3019,'1497004',953,,662,67,,,0
3019,'1497005',1253,,663,67,,,0
3019,'1497009',2153,,667,67,,,0
3019,'1497010',1753,,668,67,,,0
3019,'1497011',1053,,669,67,,,0
3019,'1497015',1553,,673,67,,,0
3019,'1497020',2053,,678,67,,,0
3019,'1497022',623,,680,11,,,0
3019,'1497023',2347,,681,67,,,0
3019,'1497024',653,,682,67,,,0
