3019,'1496126',937,,1057,130,0,5,0
3019,'1496127',1137,,1058,130,0,5,0
3019,'1496132',1207,,1063,130,0,5,0
3019,'1496135',1737,,1066,130,0,5,0
3019,'1496137',1537,,1068,130,0,5,0
3019,'1496139',1307,,1070,130,0,5,0
3019,'1496140',837,,1071,130,0,5,0
3019,'1496143',807,,1074,130,0,5,0
3019,'1496145',1837,,1076,130,0,5,0
3019,'1496147',1407,,1078,130,0,5,0
3019,'1496148',1107,,1079,130,0,5,0
3019,'1496149',1337,,1080,130,0,5,0
3019,'1496150',1437,,1081,130,0,5,0
3019,'1496152',907,,1083,130,0,5,0
3019,'1496156',1037,,1087,130,0,5,0
3019,'1496157',1707,,1088,130,0,5,0
3019,'1496158',1507,,1089,130,0,5,0
3019,'1496160',1807,,1091,130,0,5,0
3019,'1496161',1237,,1092,130,0,5,0
3019,'1496162',1607,,1093,130,0,5,0
3019,'1496163',637,,1094,52,0,5,0
3019,'1496166',1637,,1097,130,0,5,0
3019,'1496169',1007,,1100,130,0,5,0
3019,'1496172',707,,1103,99,0,5,0
3019,'1496375',937,,1106,130,0,5,0
3019,'1496376',1137,,1107,130,0,5,0
3019,'1496379',2207,,1110,130,0,5,0
3019,'1496383',2307,,1114,130,0,5,0
3019,'1496384',1207,,1115,130,0,5,0
3019,'1496387',1737,,1118,130,0,5,0
3019,'1496389',2357,,1120,130,0,5,0
3019,'1496390',1537,,1121,130,0,5,0
3019,'1496391',2007,,1122,130,0,5,0
3019,'1496393',1307,,1124,130,0,5,0
3019,'1496394',837,,1125,130,0,5,0
3019,'1496397',2107,,1128,130,0,5,0
3019,'1496399',807,,1130,130,0,5,0
3019,'1496401',1837,,1132,130,0,5,0
3019,'1496403',1407,,1134,130,0,5,0
3019,'1496405',1907,,1136,130,0,5,0
3019,'1496406',1107,,1137,130,0,5,0
3019,'1496407',1337,,1138,130,0,5,0
3019,'1496408',1437,,1139,130,0,5,0
3019,'1496410',907,,1141,130,0,5,0
3019,'1496414',1037,,1145,130,0,5,0
3019,'1496415',1707,,1146,130,0,5,0
3019,'1496416',1507,,1147,130,0,5,0
3019,'1496418',1807,,1149,130,0,5,0
3019,'1496419',1237,,1150,130,0,5,0
3019,'1496420',1607,,1151,130,0,5,0
3019,'1496421',637,,1152,52,0,5,0
3019,'1496424',1637,,1155,130,0,5,0
3019,'1496428',1007,,1159,130,0,5,0
3019,'1496433',707,,1164,99,0,5,0
3019,'1496454',1807,,1167,130,0,5,0
3019,'1496456',2307,,1169,130,0,5,0
3019,'1496461',2007,,1174,130,0,5,0
3019,'1496462',1507,,1175,130,0,5,0
3019,'1496464',2107,,1177,130,0,5,0
3019,'1496466',2357,,1179,130,0,5,0
3019,'1496470',1907,,1183,130,0,5,0
3019,'1496471',807,,1184,130,0,5,0
3019,'1496472',1007,,1185,130,0,5,0
3019,'1496476',1107,,1189,130,0,5,0
3019,'1496477',1407,,1190,130,0,5,0
3019,'1496478',1707,,1191,130,0,5,0
3019,'1496480',1207,,1193,130,0,5,0
3019,'1496481',1607,,1194,130,0,5,0
3019,'1496482',2207,,1195,130,0,5,0
3019,'1496483',907,,1196,130,0,5,0
3019,'1496485',1307,,1198,130,0,5,0
3019,'1496489',637,,1202,52,0,5,0
3019,'1496628',1807,,1204,130,0,5,0
3019,'1496630',2307,,1206,130,0,5,0
3019,'1496634',2007,,1210,130,0,5,0
3019,'1496635',1507,,1211,130,0,5,0
3019,'1496637',2107,,1213,130,0,5,0
3019,'1496639',2357,,1215,130,0,5,0
3019,'1496643',1907,,1219,130,0,5,0
3019,'1496644',1007,,1220,130,0,5,0
3019,'1496648',1107,,1224,130,0,5,0
3019,'1496649',1407,,1225,130,0,5,0
3019,'1496650',1707,,1226,130,0,5,0
3019,'1496652',1207,,1228,130,0,5,0
3019,'1496653',1607,,1229,130,0,5,0
3019,'1496654',2207,,1230,130,0,5,0
3019,'1496655',907,,1231,130,0,5,0
3019,'1496657',1307,,1233,130,0,5,0
3019,'1496660',737,,1236,52,0,5,0
