2019,'1492023',2304,,191,68,,,0
2019,'1492024',1249,,192,68,,,0
2019,'1492025',1419,,193,68,,,0
2019,'1492027',2204,,194,68,,,0
2019,'1492028',1904,,195,68,,,0
2019,'1492032',1349,,196,68,,,0
2019,'1492034',1519,,197,68,,,0
2019,'1492036',1019,,198,68,,,0
2019,'1492037',1549,,199,68,,,0
2019,'1492038',949,,200,68,,,0
2019,'1492040',1149,,201,68,,,0
2019,'1492042',919,,202,68,,,0
2019,'1492043',849,,203,68,,,0
2019,'1492045',1049,,204,68,,,0
2019,'1492048',1619,,205,68,,,0
2019,'1492053',2104,,206,68,,,0
2019,'1492055',749,,207,68,,,0
2019,'1492057',1749,,208,68,,,0
2019,'1492062',1449,,210,68,,,0
2019,'1492064',1119,,211,68,,,0
2019,'1492066',1219,,212,68,,,0
2019,'1492067',1649,,213,68,,,0
2019,'1492068',1819,,214,68,,,0
2019,'1492069',1719,,215,68,,,0
2019,'1492074',819,,216,68,,,0
2019,'1492075',1319,,217,68,,,0
2019,'1492077',719,,218,68,,,0
2019,'1492079',619,,220,46,,,0
2019,'1492080',2004,,221,68,,,0
2019,'1496953',1803,,611,69,,,0
2019,'1496954',2203,,612,69,,,0
2019,'1496955',1403,,613,69,,,0
2019,'1496957',1203,,614,69,,,0
2019,'1496958',1503,,615,69,,,0
2019,'1496961',2103,,616,69,,,0
2019,'1496962',803,,617,69,,,0
2019,'1496968',1303,,618,69,,,0
2019,'1496970',2303,,619,69,,,0
2019,'1496973',1603,,620,69,,,0
2019,'1496974',1903,,621,69,,,0
2019,'1496975',1103,,622,69,,,0
2019,'1496979',1003,,623,69,,,0
2019,'1496981',903,,624,69,,,0
2019,'1496983',1703,,625,69,,,0
2019,'1496984',2003,,626,69,,,0
2019,'1496986',703,,627,69,,,0
2019,'1496987',633,,628,37,,,0
