2029,'1492022',2027,,280,69,,,0
2029,'1492026',927,,281,69,,,0
2029,'1492029',1427,,282,69,,,0
2029,'1492030',1227,,283,69,,,0
2029,'1492031',1827,,284,69,,,0
2029,'1492033',1257,,285,69,,,0
2029,'1492035',1557,,286,69,,,0
2029,'1492039',957,,287,69,,,0
2029,'1492041',2227,,288,69,,,0
2029,'1492044',827,,289,69,,,0
2029,'1492046',1627,,290,69,,,0
2029,'1492047',1457,,291,69,,,0
2029,'1492049',2324,,292,69,,,0
2029,'1492050',1057,,293,69,,,0
2029,'1492051',727,,294,69,,,0
2029,'1492052',1327,,295,69,,,0
2029,'1492054',1927,,296,69,,,0
2029,'1492056',1657,,297,69,,,0
2029,'1492059',1527,,298,69,,,0
2029,'1492060',1357,,299,69,,,0
2029,'1492061',757,,300,69,,,0
2029,'1492063',1727,,301,69,,,0
2029,'1492065',1027,,302,69,,,0
2029,'1492070',857,,303,69,,,0
2029,'1492071',2127,,304,69,,,0
2029,'1492072',1157,,305,69,,,0
2029,'1492073',1127,,306,69,,,0
2029,'1492076',1757,,307,69,,,0
2029,'1492081',627,,308,33,,,0
2029,'1496956',1727,,630,70,,,0
2029,'1496959',1127,,631,70,,,0
2029,'1496960',2227,,632,70,,,0
2029,'1496963',2324,,633,70,,,0
2029,'1496964',1027,,634,70,,,0
2029,'1496965',2027,,635,70,,,0
2029,'1496966',927,,636,70,,,0
2029,'1496967',1527,,637,70,,,0
2029,'1496969',2127,,638,70,,,0
2029,'1496971',1827,,639,70,,,0
2029,'1496972',1227,,640,70,,,0
2029,'1496976',1427,,641,70,,,0
2029,'1496977',827,,642,70,,,0
2029,'1496978',1327,,643,70,,,0
2029,'1496980',1927,,644,70,,,0
2029,'1496982',1627,,645,70,,,0
2029,'1496985',727,,646,70,,,0
