1029,'1496065',1506,,792,65,,,0
1029,'1496066',1606,,793,65,,,0
1029,'1496068',1706,,794,65,,,0
1029,'1496070',806,,795,65,,,0
1029,'1496073',1106,,796,65,,,0
1029,'1496077',936,,797,65,,,0
1029,'1496078',1736,,798,65,,,0
1029,'1496079',1636,,799,65,,,0
1029,'1496081',1236,,800,65,,,0
1029,'1496082',1306,,801,65,,,0
1029,'1496083',1436,,802,65,,,0
1029,'1496084',1036,,803,65,,,0
1029,'1496086',736,,804,65,,,0
1029,'1496088',1806,,805,65,,,0
1029,'1496092',1406,,806,65,,,0
1029,'1496094',1006,,807,65,,,0
1029,'1496096',1206,,808,65,,,0
1029,'1496098',906,,809,65,,,0
1029,'1496101',836,,810,65,,,0
1029,'1496105',1536,,811,65,,,0
1029,'1496106',1336,,812,65,,,0
1029,'1496108',1136,,813,65,,,0
1029,'1496111',638,,814,20,,,0
1029,'1496294',1506,,815,65,,,0
1029,'1496295',1606,,816,65,,,0
1029,'1496297',1706,,817,65,,,0
1029,'1496299',806,,818,65,,,0
1029,'1496300',2136,,819,65,,,0
1029,'1496304',1106,,820,65,,,0
1029,'1496309',2036,,821,65,,,0
1029,'1496310',936,,822,65,,,0
1029,'1496311',1736,,823,65,,,0
1029,'1496312',1636,,824,65,,,0
1029,'1496316',1836,,825,65,,,0
1029,'1496317',1236,,826,65,,,0
1029,'1496318',1306,,827,65,,,0
1029,'1496319',1436,,828,65,,,0
1029,'1496320',1036,,829,65,,,0
1029,'1496322',736,,830,65,,,0
1029,'1496324',1906,,831,65,,,0
1029,'1496325',1806,,832,65,,,0
1029,'1496329',1406,,833,65,,,0
1029,'1496332',1006,,834,65,,,0
1029,'1496333',2236,,835,65,,,0
1029,'1496335',1206,,836,65,,,0
1029,'1496337',2336,,837,65,,,0
1029,'1496339',906,,838,65,,,0
1029,'1496342',836,,839,65,,,0
1029,'1496346',1536,,840,65,,,0
1029,'1496347',1336,,841,65,,,0
1029,'1496349',1136,,842,65,,,0
1029,'1496352',638,,843,20,,,0
1029,'1496354',1936,,844,65,,,0
1029,'1496527',1936,,845,65,,,0
1029,'1496528',2136,,846,65,,,0
1029,'1496533',1836,,847,65,,,0
1029,'1496534',2236,,848,65,,,0
1029,'1496535',1336,,849,65,,,0
1029,'1496537',1136,,850,65,,,0
1029,'1496539',1036,,851,65,,,0
1029,'1496540',2036,,852,65,,,0
1029,'1496542',736,,853,65,,,0
1029,'1496544',2336,,854,65,,,0
1029,'1496545',1536,,855,65,,,0
1029,'1496547',1636,,856,65,,,0
1029,'1496550',836,,857,65,,,0
1029,'1496551',1236,,858,65,,,0
1029,'1496552',936,,859,65,,,0
1029,'1496555',1736,,860,65,,,0
1029,'1496556',1436,,861,65,,,0
1029,'1496562',1936,,862,65,,,0
1029,'1496563',2136,,863,65,,,0
1029,'1496567',1836,,864,65,,,0
1029,'1496568',2236,,865,65,,,0
1029,'1496569',1336,,866,65,,,0
1029,'1496571',1136,,867,65,,,0
1029,'1496573',1036,,868,65,,,0
1029,'1496574',2036,,869,65,,,0
1029,'1496577',2336,,870,65,,,0
1029,'1496578',1536,,871,65,,,0
1029,'1496580',1636,,872,65,,,0
1029,'1496583',836,,873,65,,,0
1029,'1496584',1236,,874,65,,,0
1029,'1496585',936,,875,65,,,0
1029,'1496588',1736,,876,65,,,0
1029,'1496589',1436,,877,65,,,0
