2019,'1496174',1317,,878,115,,,0
2019,'1496175',1447,,879,115,,,0
2019,'1496179',1417,,880,115,,,0
2019,'1496181',1547,,881,115,,,0
2019,'1496183',1047,,882,115,,,0
2019,'1496184',1617,,883,115,,,0
2019,'1496185',1017,,884,115,,,0
2019,'1496187',1217,,885,115,,,0
2019,'1496188',947,,886,115,,,0
2019,'1496189',917,,887,115,,,0
2019,'1496191',1117,,888,115,,,0
2019,'1496194',1647,,889,115,,,0
2019,'1496198',817,,890,115,,,0
2019,'1496200',1817,,891,115,,,0
2019,'1496204',1517,,892,115,,,0
2019,'1496206',1147,,893,115,,,0
2019,'1496208',1247,,894,115,,,0
2019,'1496209',1717,,895,115,,,0
2019,'1496210',1847,,896,115,,,0
2019,'1496211',1747,,897,115,,,0
2019,'1496215',847,,898,115,,,0
2019,'1496216',1347,,899,115,,,0
2019,'1496218',747,,900,115,,,0
2019,'1496219',617,,901,29,,,0
2019,'1496220',647,,902,83,,,0
2019,'1496223',2332,,903,115,,,0
2019,'1496224',1317,,904,115,,,0
2019,'1496225',1447,,905,115,,,0
2019,'1496227',2232,,906,115,,,0
2019,'1496228',1932,,907,115,,,0
2019,'1496232',1417,,908,115,,,0
2019,'1496234',1547,,909,115,,,0
2019,'1496236',1047,,910,115,,,0
2019,'1496237',1617,,911,115,,,0
2019,'1496238',1017,,912,115,,,0
2019,'1496240',1217,,913,115,,,0
2019,'1496242',947,,914,115,,,0
2019,'1496243',917,,915,115,,,0
2019,'1496245',1117,,916,115,,,0
2019,'1496248',1647,,917,115,,,0
2019,'1496253',2132,,918,115,,,0
2019,'1496255',817,,919,115,,,0
2019,'1496257',1817,,920,115,,,0
2019,'1496262',1517,,922,115,,,0
2019,'1496264',1147,,923,115,,,0
2019,'1496266',1247,,924,115,,,0
2019,'1496267',1717,,925,115,,,0
2019,'1496268',1847,,926,115,,,0
2019,'1496269',1747,,927,115,,,0
2019,'1496274',847,,928,115,,,0
2019,'1496275',1347,,929,115,,,0
2019,'1496277',747,,930,115,,,0
2019,'1496278',617,,931,29,,,0
2019,'1496279',647,,932,93,,,0
2019,'1496280',2032,,933,115,,,0
2019,'1496490',1832,,934,115,,,0
2019,'1496491',2232,,935,115,,,0
2019,'1496492',1432,,936,115,,,0
2019,'1496494',1232,,937,115,,,0
2019,'1496495',1532,,938,115,,,0
2019,'1496498',2132,,939,115,,,0
2019,'1496499',832,,940,115,,,0
2019,'1496505',1332,,941,115,,,0
2019,'1496507',2332,,942,115,,,0
2019,'1496510',1632,,943,115,,,0
2019,'1496511',1932,,944,115,,,0
2019,'1496512',1132,,945,115,,,0
2019,'1496516',1032,,946,115,,,0
2019,'1496518',932,,947,115,,,0
2019,'1496520',1732,,948,115,,,0
2019,'1496521',2032,,949,115,,,0
2019,'1496523',732,,950,115,,,0
2019,'1496524',702,,951,83,,,0
2019,'1496594',1832,,953,115,,,0
2019,'1496595',2232,,954,115,,,0
2019,'1496596',1432,,955,115,,,0
2019,'1496598',1232,,956,115,,,0
2019,'1496599',1532,,957,115,,,0
2019,'1496602',2132,,958,115,,,0
2019,'1496603',832,,959,115,,,0
2019,'1496609',1332,,960,115,,,0
2019,'1496613',1632,,961,115,,,0
2019,'1496614',1932,,962,115,,,0
2019,'1496615',1132,,963,115,,,0
2019,'1496619',1032,,964,115,,,0
2019,'1496621',932,,965,115,,,0
2019,'1496623',1732,,966,115,,,0
2019,'1496624',2032,,967,115,,,0
2019,'1496625',802,,968,83,,,0
