1019,'1491950',709,,37,14,,,0
1019,'1491952',809,,38,14,,,0
1019,'1491955',1539,,39,14,,,0
1019,'1491956',2124,,40,14,,,0
1019,'1491957',1639,,41,14,,,0
1019,'1491959',739,,42,14,,,0
1019,'1491960',1439,,43,14,,,0
1019,'1491961',1239,,44,14,,,0
1019,'1491962',1809,,45,14,,,0
1019,'1491967',1339,,46,14,,,0
1019,'1491968',1924,,47,14,,,0
1019,'1491969',2024,,48,14,,,0
1019,'1491975',1039,,49,14,,,0
1019,'1491977',1309,,50,14,,,0
1019,'1491980',839,,51,14,,,0
1019,'1491981',1139,,52,14,,,0
1019,'1491982',939,,53,14,,,0
1019,'1491984',2324,,54,14,,,0
1019,'1491985',1739,,55,14,,,0
1019,'1491988',1009,,56,14,,,0
1019,'1491990',909,,57,14,,,0
1019,'1491992',2224,,58,14,,,0
1019,'1491994',1409,,59,14,,,0
1019,'1491995',1509,,60,14,,,0
1019,'1491997',639,,61,14,,,0
1019,'1491998',1209,,62,14,,,0
1019,'1491999',1109,,63,14,,,0
1019,'1492002',1709,,64,14,,,0
1019,'1492004',1609,,65,14,,,0
1019,'1492007',1839,,67,14,,,0
1019,'1496918',1324,,576,15,,,0
1019,'1496921',1924,,577,15,,,0
1019,'1496922',724,,578,15,,,0
1019,'1496923',624,,579,15,,,0
1019,'1496924',2024,,580,15,,,0
1019,'1496928',1024,,581,15,,,0
1019,'1496930',1424,,582,15,,,0
1019,'1496933',1624,,583,15,,,0
1019,'1496935',1124,,584,15,,,0
1019,'1496938',2124,,585,15,,,0
1019,'1496940',1524,,586,15,,,0
1019,'1496941',1724,,587,15,,,0
1019,'1496945',924,,588,15,,,0
1019,'1496946',824,,589,15,,,0
1019,'1496949',1224,,590,15,,,0
1019,'1496950',1824,,591,15,,,0
1019,'1496951',2324,,592,15,,,0
1019,'1496952',2224,,593,15,,,0
