2019,'1492023',2323,,191,101,,,0
2019,'1492024',1308,,192,101,,,0
2019,'1492025',1438,,193,101,,,0
2019,'1492027',2223,,194,101,,,0
2019,'1492028',1923,,195,101,,,0
2019,'1492032',1408,,196,101,,,0
2019,'1492034',1538,,197,101,,,0
2019,'1492036',1038,,198,101,,,0
2019,'1492037',1608,,199,101,,,0
2019,'1492038',1008,,200,101,,,0
2019,'1492040',1208,,201,101,,,0
2019,'1492042',938,,202,101,,,0
2019,'1492043',908,,203,101,,,0
2019,'1492045',1108,,204,101,,,0
2019,'1492048',1638,,205,101,,,0
2019,'1492053',2123,,206,101,,,0
2019,'1492055',808,,207,101,,,0
2019,'1492057',1808,,208,101,,,0
2019,'1492062',1508,,210,101,,,0
2019,'1492064',1138,,211,101,,,0
2019,'1492066',1238,,212,101,,,0
2019,'1492067',1708,,213,101,,,0
2019,'1492068',1838,,214,101,,,0
2019,'1492069',1738,,215,101,,,0
2019,'1492074',838,,216,101,,,0
2019,'1492075',1338,,217,101,,,0
2019,'1492077',738,,218,101,,,0
2019,'1492078',608,,219,16,,,0
2019,'1492079',638,,220,79,,,0
2019,'1492080',2023,,221,101,,,0
2019,'1496953',1823,,611,102,,,0
2019,'1496954',2223,,612,102,,,0
2019,'1496955',1423,,613,102,,,0
2019,'1496957',1223,,614,102,,,0
2019,'1496958',1523,,615,102,,,0
2019,'1496961',2123,,616,102,,,0
2019,'1496962',823,,617,102,,,0
2019,'1496968',1323,,618,102,,,0
2019,'1496970',2323,,619,102,,,0
2019,'1496973',1623,,620,102,,,0
2019,'1496974',1923,,621,102,,,0
2019,'1496975',1123,,622,102,,,0
2019,'1496979',1023,,623,102,,,0
2019,'1496981',923,,624,102,,,0
2019,'1496983',1723,,625,102,,,0
2019,'1496984',2023,,626,102,,,0
2019,'1496986',723,,627,102,,,0
2019,'1496987',653,,628,70,,,0
