3019,'1488507',901,,436,66,0,5,0
3019,'1488508',1101,,437,66,0,5,0
3019,'1488511',2131,,438,66,0,5,0
3019,'1488515',2231,,439,66,0,5,0
3019,'1488516',1131,,440,66,0,5,0
3019,'1488519',1701,,441,66,0,5,0
3019,'1488521',2325,,442,66,0,5,0
3019,'1488522',1501,,443,66,0,5,0
3019,'1488523',1931,,444,66,0,5,0
3019,'1488525',1231,,445,66,0,5,0
3019,'1488526',801,,446,66,0,5,0
3019,'1488529',2031,,447,66,0,5,0
3019,'1488531',731,,448,66,0,5,0
3019,'1488533',1801,,449,66,0,5,0
3019,'1488535',1331,,450,66,0,5,0
3019,'1488537',1831,,451,66,0,5,0
3019,'1488538',1031,,452,66,0,5,0
3019,'1488539',1301,,453,66,0,5,0
3019,'1488540',1401,,454,66,0,5,0
3019,'1488542',831,,455,66,0,5,0
3019,'1488546',1001,,456,66,0,5,0
3019,'1488547',1631,,457,66,0,5,0
3019,'1488548',1431,,458,66,0,5,0
3019,'1488550',1731,,459,66,0,5,0
3019,'1488551',1201,,460,66,0,5,0
3019,'1488552',1531,,461,66,0,5,0
3019,'1488556',1601,,463,66,0,5,0
3019,'1488560',931,,464,66,0,5,0
3019,'1488565',631,,465,33,0,5,0
3019,'1496990',1731,,648,64,0,5,0
3019,'1496992',2231,,650,64,0,5,0
3019,'1496997',1931,,655,64,0,5,0
3019,'1496998',1431,,656,64,0,5,0
3019,'1497000',2031,,658,64,0,5,0
3019,'1497002',2325,,660,64,0,5,0
3019,'1497006',1831,,664,64,0,5,0
3019,'1497007',731,,665,64,0,5,0
3019,'1497008',931,,666,64,0,5,0
3019,'1497012',1031,,670,64,0,5,0
3019,'1497013',1331,,671,64,0,5,0
3019,'1497014',1631,,672,64,0,5,0
3019,'1497016',1131,,674,64,0,5,0
3019,'1497017',1531,,675,64,0,5,0
3019,'1497018',2131,,676,64,0,5,0
3019,'1497019',831,,677,64,0,5,0
3019,'1497021',1231,,679,64,0,5,0
