3019,'1491899',1602,,370,60,,,0
3019,'1491900',1732,,371,60,,,0
3019,'1491901',2047,,372,60,,,0
3019,'1491902',902,,373,60,,,0
3019,'1491903',732,,374,60,,,0
3019,'1491904',1632,,375,60,,,0
3019,'1491905',1202,,376,60,,,0
3019,'1491906',1132,,377,60,,,0
3019,'1491907',802,,378,60,,,0
3019,'1491908',932,,379,60,,,0
3019,'1491909',2247,,380,60,,,0
3019,'1491910',1402,,381,60,,,0
3019,'1491911',1332,,382,60,,,0
3019,'1491912',1502,,383,60,,,0
3019,'1491913',1302,,384,60,,,0
3019,'1491914',2147,,385,60,,,0
3019,'1491915',832,,386,60,,,0
3019,'1491916',1802,,387,60,,,0
3019,'1491917',1432,,388,60,,,0
3019,'1491918',1032,,389,60,,,0
3019,'1491919',1102,,390,60,,,0
3019,'1491920',1232,,391,60,,,0
3019,'1491921',1702,,392,60,,,0
3019,'1491922',1002,,393,60,,,0
3019,'1491923',1532,,394,60,,,0
3019,'1491924',1847,,395,60,,,0
3019,'1491925',2342,,396,60,,,0
3019,'1491927',602,,398,3,,,0
3019,'1491928',1947,,399,60,,,0
3019,'1492021',702,,400,60,,,0
3019,'1496989',747,,647,59,,,0
3019,'1496991',1447,,649,59,,,0
3019,'1496993',847,,651,59,,,0
3019,'1496994',1147,,652,59,,,0
3019,'1496995',2247,,653,59,,,0
3019,'1496996',1847,,654,59,,,0
3019,'1496999',1347,,657,59,,,0
3019,'1497001',1947,,659,59,,,0
3019,'1497003',1647,,661,59,,,0
3019,'1497004',947,,662,59,,,0
3019,'1497005',1247,,663,59,,,0
3019,'1497009',2147,,667,59,,,0
3019,'1497010',1747,,668,59,,,0
3019,'1497011',1047,,669,59,,,0
3019,'1497015',1547,,673,59,,,0
3019,'1497020',2047,,678,59,,,0
3019,'1497022',617,,680,3,,,0
3019,'1497023',2342,,681,59,,,0
3019,'1497024',647,,682,59,,,0
