2019,'1496174',1202,,878,4,,,0
2019,'1496175',1332,,879,4,,,0
2019,'1496179',1302,,880,4,,,0
2019,'1496181',1432,,881,4,,,0
2019,'1496183',932,,882,4,,,0
2019,'1496184',1502,,883,4,,,0
2019,'1496185',902,,884,4,,,0
2019,'1496187',1102,,885,4,,,0
2019,'1496188',832,,886,4,,,0
2019,'1496189',802,,887,4,,,0
2019,'1496191',1002,,888,4,,,0
2019,'1496194',1532,,889,4,,,0
2019,'1496198',702,,890,4,,,0
2019,'1496200',1702,,891,4,,,0
2019,'1496204',1402,,892,4,,,0
2019,'1496206',1032,,893,4,,,0
2019,'1496208',1132,,894,4,,,0
2019,'1496209',1602,,895,4,,,0
2019,'1496210',1732,,896,4,,,0
2019,'1496211',1632,,897,4,,,0
2019,'1496215',732,,898,4,,,0
2019,'1496216',1232,,899,4,,,0
2019,'1496218',632,,900,4,,,0
2019,'1496223',2217,,903,4,,,0
2019,'1496224',1202,,904,4,,,0
2019,'1496225',1332,,905,4,,,0
2019,'1496227',2117,,906,4,,,0
2019,'1496228',1817,,907,4,,,0
2019,'1496232',1302,,908,4,,,0
2019,'1496234',1432,,909,4,,,0
2019,'1496236',932,,910,4,,,0
2019,'1496237',1502,,911,4,,,0
2019,'1496238',902,,912,4,,,0
2019,'1496240',1102,,913,4,,,0
2019,'1496242',832,,914,4,,,0
2019,'1496243',802,,915,4,,,0
2019,'1496245',1002,,916,4,,,0
2019,'1496248',1532,,917,4,,,0
2019,'1496253',2017,,918,4,,,0
2019,'1496255',702,,919,4,,,0
2019,'1496257',1702,,920,4,,,0
2019,'1496258',2316,,921,4,,,0
2019,'1496262',1402,,922,4,,,0
2019,'1496264',1032,,923,4,,,0
2019,'1496266',1132,,924,4,,,0
2019,'1496267',1602,,925,4,,,0
2019,'1496268',1732,,926,4,,,0
2019,'1496269',1632,,927,4,,,0
2019,'1496274',732,,928,4,,,0
2019,'1496275',1232,,929,4,,,0
2019,'1496277',632,,930,4,,,0
2019,'1496280',1917,,933,4,,,0
2019,'1496490',1717,,934,4,,,0
2019,'1496491',2117,,935,4,,,0
2019,'1496492',1317,,936,4,,,0
2019,'1496494',1117,,937,4,,,0
2019,'1496495',1417,,938,4,,,0
2019,'1496498',2017,,939,4,,,0
2019,'1496499',717,,940,4,,,0
2019,'1496505',1217,,941,4,,,0
2019,'1496507',2217,,942,4,,,0
2019,'1496510',1517,,943,4,,,0
2019,'1496511',1817,,944,4,,,0
2019,'1496512',1017,,945,4,,,0
2019,'1496516',917,,946,4,,,0
2019,'1496518',817,,947,4,,,0
2019,'1496520',1617,,948,4,,,0
2019,'1496521',1917,,949,4,,,0
2019,'1496523',617,,950,4,,,0
2019,'1496525',2316,,952,4,,,0
2019,'1496594',1717,,953,4,,,0
2019,'1496595',2117,,954,4,,,0
2019,'1496596',1317,,955,4,,,0
2019,'1496598',1117,,956,4,,,0
2019,'1496599',1417,,957,4,,,0
2019,'1496602',2017,,958,4,,,0
2019,'1496603',717,,959,4,,,0
2019,'1496609',1217,,960,4,,,0
2019,'1496613',1517,,961,4,,,0
2019,'1496614',1817,,962,4,,,0
2019,'1496615',1017,,963,4,,,0
2019,'1496619',917,,964,4,,,0
2019,'1496621',817,,965,4,,,0
2019,'1496623',1617,,966,4,,,0
2019,'1496624',1917,,967,4,,,0
2019,'1496626',2316,,969,4,,,0
