1019,'1496067',730,,702,36,,,0
1019,'1496069',830,,703,36,,,0
1019,'1496071',1600,,704,36,,,0
1019,'1496072',1700,,705,36,,,0
1019,'1496074',800,,706,36,,,0
1019,'1496075',1500,,707,36,,,0
1019,'1496076',1300,,708,36,,,0
1019,'1496080',1400,,709,36,,,0
1019,'1496085',1100,,710,36,,,0
1019,'1496087',1330,,711,36,,,0
1019,'1496089',900,,712,36,,,0
1019,'1496090',1200,,713,36,,,0
1019,'1496091',1000,,714,36,,,0
1019,'1496093',1800,,715,36,,,0
1019,'1496095',1030,,716,36,,,0
1019,'1496097',930,,717,36,,,0
1019,'1496099',1430,,718,36,,,0
1019,'1496100',1530,,719,36,,,0
1019,'1496102',700,,720,36,,,0
1019,'1496103',1230,,721,36,,,0
1019,'1496104',1130,,722,36,,,0
1019,'1496107',1730,,723,36,,,0
1019,'1496109',1630,,724,36,,,0
1019,'1496110',600,,725,5,,,0
1019,'1496296',730,,726,36,,,0
1019,'1496298',830,,727,36,,,0
1019,'1496301',1600,,728,36,,,0
1019,'1496302',2145,,729,36,,,0
1019,'1496303',1700,,730,36,,,0
1019,'1496305',800,,731,36,,,0
1019,'1496306',1500,,732,36,,,0
1019,'1496307',1300,,733,36,,,0
1019,'1496308',1830,,734,36,,,0
1019,'1496313',1400,,735,36,,,0
1019,'1496314',1945,,736,36,,,0
1019,'1496315',2045,,737,36,,,0
1019,'1496321',1100,,738,36,,,0
1019,'1496323',1330,,739,36,,,0
1019,'1496326',900,,740,36,,,0
1019,'1496327',1200,,741,36,,,0
1019,'1496328',1000,,742,36,,,0
1019,'1496330',2340,,743,36,,,0
1019,'1496331',1800,,744,36,,,0
1019,'1496334',1030,,745,36,,,0
1019,'1496336',930,,746,36,,,0
1019,'1496338',2245,,747,36,,,0
1019,'1496340',1430,,748,36,,,0
1019,'1496341',1530,,749,36,,,0
1019,'1496343',700,,750,36,,,0
1019,'1496344',1230,,751,36,,,0
1019,'1496345',1130,,752,36,,,0
1019,'1496348',1730,,753,36,,,0
1019,'1496350',1630,,754,36,,,0
1019,'1496351',600,,755,5,,,0
1019,'1496353',1900,,756,36,,,0
1019,'1496526',1345,,757,36,,,0
1019,'1496529',1945,,758,36,,,0
1019,'1496530',745,,759,36,,,0
1019,'1496531',645,,760,36,,,0
1019,'1496532',2045,,761,36,,,0
1019,'1496536',1045,,762,36,,,0
1019,'1496538',1445,,763,36,,,0
1019,'1496541',1645,,764,36,,,0
1019,'1496543',1145,,765,36,,,0
1019,'1496546',2145,,766,36,,,0
1019,'1496548',1545,,767,36,,,0
1019,'1496549',1745,,768,36,,,0
1019,'1496553',945,,769,36,,,0
1019,'1496554',845,,770,36,,,0
1019,'1496557',1245,,771,36,,,0
1019,'1496558',1845,,772,36,,,0
1019,'1496559',2340,,773,36,,,0
1019,'1496560',2245,,774,36,,,0
1019,'1496561',1345,,775,36,,,0
1019,'1496564',1945,,776,36,,,0
1019,'1496565',745,,777,36,,,0
1019,'1496566',2045,,778,36,,,0
1019,'1496570',1045,,779,36,,,0
1019,'1496572',1445,,780,36,,,0
1019,'1496575',1645,,781,36,,,0
1019,'1496576',1145,,782,36,,,0
1019,'1496579',2145,,783,36,,,0
1019,'1496581',1545,,784,36,,,0
1019,'1496582',1745,,785,36,,,0
1019,'1496586',945,,786,36,,,0
1019,'1496587',845,,787,36,,,0
1019,'1496590',1245,,788,36,,,0
1019,'1496591',1845,,789,36,,,0
1019,'1496592',2340,,790,36,,,0
1019,'1496593',2245,,791,36,,,0
