3019,'1488507',902,,436,67,0,5,0
3019,'1488508',1102,,437,67,0,5,0
3019,'1488511',2132,,438,67,0,5,0
3019,'1488515',2232,,439,67,0,5,0
3019,'1488516',1132,,440,67,0,5,0
3019,'1488519',1702,,441,67,0,5,0
3019,'1488521',2325,,442,67,0,5,0
3019,'1488522',1502,,443,67,0,5,0
3019,'1488523',1932,,444,67,0,5,0
3019,'1488525',1232,,445,67,0,5,0
3019,'1488526',802,,446,67,0,5,0
3019,'1488529',2032,,447,67,0,5,0
3019,'1488531',732,,448,67,0,5,0
3019,'1488533',1802,,449,67,0,5,0
3019,'1488535',1332,,450,67,0,5,0
3019,'1488537',1832,,451,67,0,5,0
3019,'1488538',1032,,452,67,0,5,0
3019,'1488539',1302,,453,67,0,5,0
3019,'1488540',1402,,454,67,0,5,0
3019,'1488542',832,,455,67,0,5,0
3019,'1488546',1002,,456,67,0,5,0
3019,'1488547',1632,,457,67,0,5,0
3019,'1488548',1432,,458,67,0,5,0
3019,'1488550',1732,,459,67,0,5,0
3019,'1488551',1202,,460,67,0,5,0
3019,'1488552',1532,,461,67,0,5,0
3019,'1488556',1602,,463,67,0,5,0
3019,'1488560',932,,464,67,0,5,0
3019,'1488565',632,,465,34,0,5,0
3019,'1496990',1732,,648,65,0,5,0
3019,'1496992',2232,,650,65,0,5,0
3019,'1496997',1932,,655,65,0,5,0
3019,'1496998',1432,,656,65,0,5,0
3019,'1497000',2032,,658,65,0,5,0
3019,'1497002',2325,,660,65,0,5,0
3019,'1497006',1832,,664,65,0,5,0
3019,'1497007',732,,665,65,0,5,0
3019,'1497008',932,,666,65,0,5,0
3019,'1497012',1032,,670,65,0,5,0
3019,'1497013',1332,,671,65,0,5,0
3019,'1497014',1632,,672,65,0,5,0
3019,'1497016',1132,,674,65,0,5,0
3019,'1497017',1532,,675,65,0,5,0
3019,'1497018',2132,,676,65,0,5,0
3019,'1497019',832,,677,65,0,5,0
3019,'1497021',1232,,679,65,0,5,0
