1029,'1491948',1508,,124,69,,,0
1029,'1491949',1608,,125,69,,,0
1029,'1491951',1708,,126,69,,,0
1029,'1491953',808,,127,69,,,0
1029,'1491954',2138,,128,69,,,0
1029,'1491958',1108,,129,69,,,0
1029,'1491963',2038,,130,69,,,0
1029,'1491964',938,,131,69,,,0
1029,'1491965',1738,,132,69,,,0
1029,'1491966',1638,,133,69,,,0
1029,'1491970',1838,,134,69,,,0
1029,'1491971',1238,,135,69,,,0
1029,'1491972',1308,,136,69,,,0
1029,'1491973',1438,,137,69,,,0
1029,'1491974',1038,,138,69,,,0
1029,'1491976',738,,139,69,,,0
1029,'1491978',1908,,140,69,,,0
1029,'1491979',1808,,141,69,,,0
1029,'1491983',1408,,142,69,,,0
1029,'1491986',1008,,143,69,,,0
1029,'1491987',2238,,144,69,,,0
1029,'1491989',1208,,145,69,,,0
1029,'1491991',2338,,146,69,,,0
1029,'1491993',908,,147,69,,,0
1029,'1491996',838,,148,69,,,0
1029,'1492000',1538,,149,69,,,0
1029,'1492001',1338,,150,69,,,0
1029,'1492003',1138,,151,69,,,0
1029,'1492006',638,,152,24,,,0
1029,'1492008',1938,,153,69,,,0
1029,'1496919',1938,,594,69,,,0
1029,'1496920',2138,,595,69,,,0
1029,'1496925',1838,,596,69,,,0
1029,'1496926',2238,,597,69,,,0
1029,'1496927',1338,,598,69,,,0
1029,'1496929',1138,,599,69,,,0
1029,'1496931',1038,,600,69,,,0
1029,'1496932',2038,,601,69,,,0
1029,'1496934',738,,602,69,,,0
1029,'1496936',2338,,603,69,,,0
1029,'1496937',1538,,604,69,,,0
1029,'1496939',1638,,605,69,,,0
1029,'1496942',838,,606,69,,,0
1029,'1496943',1238,,607,69,,,0
1029,'1496944',938,,608,69,,,0
1029,'1496947',1738,,609,69,,,0
1029,'1496948',1438,,610,69,,,0
