2019,'1496174',1322,,878,123,,,0
2019,'1496175',1452,,879,123,,,0
2019,'1496179',1422,,880,123,,,0
2019,'1496181',1552,,881,123,,,0
2019,'1496183',1052,,882,123,,,0
2019,'1496184',1622,,883,123,,,0
2019,'1496185',1022,,884,123,,,0
2019,'1496187',1222,,885,123,,,0
2019,'1496188',952,,886,123,,,0
2019,'1496189',922,,887,123,,,0
2019,'1496191',1122,,888,123,,,0
2019,'1496194',1652,,889,123,,,0
2019,'1496198',822,,890,123,,,0
2019,'1496200',1822,,891,123,,,0
2019,'1496204',1522,,892,123,,,0
2019,'1496206',1152,,893,123,,,0
2019,'1496208',1252,,894,123,,,0
2019,'1496209',1722,,895,123,,,0
2019,'1496210',1852,,896,123,,,0
2019,'1496211',1752,,897,123,,,0
2019,'1496215',852,,898,123,,,0
2019,'1496216',1352,,899,123,,,0
2019,'1496218',752,,900,123,,,0
2019,'1496219',622,,901,37,,,0
2019,'1496220',652,,902,91,,,0
2019,'1496223',2337,,903,123,,,0
2019,'1496224',1322,,904,123,,,0
2019,'1496225',1452,,905,123,,,0
2019,'1496227',2237,,906,123,,,0
2019,'1496228',1937,,907,123,,,0
2019,'1496232',1422,,908,123,,,0
2019,'1496234',1552,,909,123,,,0
2019,'1496236',1052,,910,123,,,0
2019,'1496237',1622,,911,123,,,0
2019,'1496238',1022,,912,123,,,0
2019,'1496240',1222,,913,123,,,0
2019,'1496242',952,,914,123,,,0
2019,'1496243',922,,915,123,,,0
2019,'1496245',1122,,916,123,,,0
2019,'1496248',1652,,917,123,,,0
2019,'1496253',2137,,918,123,,,0
2019,'1496255',822,,919,123,,,0
2019,'1496257',1822,,920,123,,,0
2019,'1496262',1522,,922,123,,,0
2019,'1496264',1152,,923,123,,,0
2019,'1496266',1252,,924,123,,,0
2019,'1496267',1722,,925,123,,,0
2019,'1496268',1852,,926,123,,,0
2019,'1496269',1752,,927,123,,,0
2019,'1496274',852,,928,123,,,0
2019,'1496275',1352,,929,123,,,0
2019,'1496277',752,,930,123,,,0
2019,'1496278',622,,931,37,,,0
2019,'1496279',652,,932,101,,,0
2019,'1496280',2037,,933,123,,,0
2019,'1496490',1837,,934,123,,,0
2019,'1496491',2237,,935,123,,,0
2019,'1496492',1437,,936,123,,,0
2019,'1496494',1237,,937,123,,,0
2019,'1496495',1537,,938,123,,,0
2019,'1496498',2137,,939,123,,,0
2019,'1496499',837,,940,123,,,0
2019,'1496505',1337,,941,123,,,0
2019,'1496507',2337,,942,123,,,0
2019,'1496510',1637,,943,123,,,0
2019,'1496511',1937,,944,123,,,0
2019,'1496512',1137,,945,123,,,0
2019,'1496516',1037,,946,123,,,0
2019,'1496518',937,,947,123,,,0
2019,'1496520',1737,,948,123,,,0
2019,'1496521',2037,,949,123,,,0
2019,'1496523',737,,950,123,,,0
2019,'1496524',707,,951,91,,,0
2019,'1496594',1837,,953,123,,,0
2019,'1496595',2237,,954,123,,,0
2019,'1496596',1437,,955,123,,,0
2019,'1496598',1237,,956,123,,,0
2019,'1496599',1537,,957,123,,,0
2019,'1496602',2137,,958,123,,,0
2019,'1496603',837,,959,123,,,0
2019,'1496609',1337,,960,123,,,0
2019,'1496613',1637,,961,123,,,0
2019,'1496614',1937,,962,123,,,0
2019,'1496615',1137,,963,123,,,0
2019,'1496619',1037,,964,123,,,0
2019,'1496621',937,,965,123,,,0
2019,'1496623',1737,,966,123,,,0
2019,'1496624',2037,,967,123,,,0
2019,'1496625',807,,968,91,,,0
3019,'1496125',1652,,1056,125,,,0
3019,'1496128',1822,,1059,125,,,0
3019,'1496129',952,,1060,125,,,0
3019,'1496130',822,,1061,125,,,0
3019,'1496131',1722,,1062,125,,,0
3019,'1496133',1252,,1064,125,,,0
3019,'1496134',1222,,1065,125,,,0
3019,'1496136',852,,1067,125,,,0
3019,'1496138',1022,,1069,125,,,0
3019,'1496141',1452,,1072,125,,,0
3019,'1496142',1422,,1073,125,,,0
3019,'1496144',1552,,1075,125,,,0
3019,'1496146',1352,,1077,125,,,0
3019,'1496151',922,,1082,125,,,0
3019,'1496153',1852,,1084,125,,,0
3019,'1496154',1522,,1085,125,,,0
3019,'1496155',1122,,1086,125,,,0
3019,'1496159',1152,,1090,125,,,0
3019,'1496164',1322,,1095,125,,,0
3019,'1496165',1752,,1096,125,,,0
3019,'1496167',1052,,1098,125,,,0
3019,'1496168',1622,,1099,125,,,0
3019,'1496170',622,,1101,35,,,0
3019,'1496171',652,,1102,69,,,0
3019,'1496173',752,,1104,125,,,0
3019,'1496374',1652,,1105,125,,,0
3019,'1496377',1822,,1108,125,,,0
3019,'1496378',2137,,1109,125,,,0
3019,'1496380',952,,1111,125,,,0
3019,'1496381',822,,1112,125,,,0
3019,'1496382',1722,,1113,125,,,0
3019,'1496385',1252,,1116,125,,,0
3019,'1496386',1222,,1117,125,,,0
3019,'1496388',852,,1119,125,,,0
3019,'1496392',1022,,1123,125,,,0
3019,'1496395',2337,,1126,125,,,0
3019,'1496396',1452,,1127,125,,,0
3019,'1496398',1422,,1129,125,,,0
3019,'1496400',1552,,1131,125,,,0
3019,'1496402',1352,,1133,125,,,0
3019,'1496404',2237,,1135,125,,,0
3019,'1496409',922,,1140,125,,,0
3019,'1496411',1852,,1142,125,,,0
3019,'1496412',1522,,1143,125,,,0
3019,'1496413',1122,,1144,125,,,0
3019,'1496417',1152,,1148,125,,,0
3019,'1496422',1322,,1153,125,,,0
3019,'1496423',1752,,1154,125,,,0
3019,'1496425',1052,,1156,125,,,0
3019,'1496426',1622,,1157,125,,,0
3019,'1496427',1937,,1158,125,,,0
3019,'1496430',622,,1161,35,,,0
3019,'1496431',652,,1162,69,,,0
3019,'1496432',2037,,1163,125,,,0
3019,'1496434',752,,1165,125,,,0
3019,'1496453',837,,1166,125,,,0
3019,'1496455',1537,,1168,125,,,0
3019,'1496457',937,,1170,125,,,0
3019,'1496458',1237,,1171,125,,,0
3019,'1496459',2337,,1172,125,,,0
3019,'1496460',1937,,1173,125,,,0
3019,'1496463',1437,,1176,125,,,0
3019,'1496465',2037,,1178,125,,,0
3019,'1496467',1737,,1180,125,,,0
3019,'1496468',1037,,1181,125,,,0
3019,'1496469',1337,,1182,125,,,0
3019,'1496473',2237,,1186,125,,,0
3019,'1496474',1837,,1187,125,,,0
3019,'1496475',1137,,1188,125,,,0
3019,'1496479',1637,,1192,125,,,0
3019,'1496484',2137,,1197,125,,,0
3019,'1496486',707,,1199,69,,,0
3019,'1496488',737,,1201,125,,,0
3019,'1496627',837,,1203,125,,,0
3019,'1496629',1537,,1205,125,,,0
3019,'1496631',937,,1207,125,,,0
3019,'1496632',1237,,1208,125,,,0
3019,'1496633',1937,,1209,125,,,0
3019,'1496636',1437,,1212,125,,,0
3019,'1496638',2037,,1214,125,,,0
3019,'1496640',1737,,1216,125,,,0
3019,'1496641',1037,,1217,125,,,0
3019,'1496642',1337,,1218,125,,,0
3019,'1496645',2237,,1221,125,,,0
3019,'1496646',1837,,1222,125,,,0
3019,'1496647',1137,,1223,125,,,0
3019,'1496651',1637,,1227,125,,,0
3019,'1496656',2137,,1232,125,,,0
3019,'1496658',807,,1234,69,,,0
