8019,'1496053',1805,,1304,14,,,0
8019,'1496054',1105,,1305,14,,,0
8019,'1496055',1405,,1306,14,,,0
8019,'1496056',1005,,1307,14,,,0
8019,'1496057',1505,,1308,14,,,0
8019,'1496058',805,,1309,14,,,0
8019,'1496059',1705,,1310,14,,,0
8019,'1496060',905,,1311,14,,,0
8019,'1496061',705,,1312,14,,,0
8019,'1496062',1605,,1313,14,,,0
8019,'1496063',1305,,1314,14,,,0
8019,'1496064',1205,,1315,14,,,0
8019,'1496282',1805,,1316,14,,,0
8019,'1496283',1105,,1317,14,,,0
8019,'1496284',1405,,1318,14,,,0
8019,'1496285',1005,,1319,14,,,0
8019,'1496286',1505,,1320,14,,,0
8019,'1496287',805,,1321,14,,,0
8019,'1496288',1705,,1322,14,,,0
8019,'1496289',905,,1323,14,,,0
8019,'1496290',705,,1324,14,,,0
8019,'1496291',1605,,1325,14,,,0
8019,'1496292',1305,,1326,14,,,0
8019,'1496293',1205,,1327,14,,,0
