8019,'1488718',1736,,544,3,,,0
8019,'1488719',1036,,545,3,,,0
8019,'1488720',1336,,546,3,,,0
8019,'1488721',936,,547,3,,,0
8019,'1488722',1436,,548,3,,,0
8019,'1488723',736,,549,3,,,0
8019,'1488724',1636,,550,3,,,0
8019,'1488725',836,,551,3,,,0
8019,'1488726',636,,552,3,,,0
8019,'1488727',1536,,553,3,,,0
8019,'1488728',1236,,554,3,,,0
8019,'1488729',1136,,555,3,,,0
8019,'1492009',1736,,556,3,,,0
8019,'1492010',1036,,557,3,,,0
8019,'1492011',1336,,558,3,,,0
8019,'1492012',936,,559,3,,,0
8019,'1492013',1436,,560,3,,,0
8019,'1492014',736,,561,3,,,0
8019,'1492015',1636,,562,3,,,0
8019,'1492016',836,,563,3,,,0
8019,'1492017',636,,564,3,,,0
8019,'1492018',1536,,565,3,,,0
8019,'1492019',1236,,566,3,,,0
8019,'1492020',1136,,567,3,,,0
