3019,'1491899',1636,,370,104,,,0
3019,'1491900',1806,,371,104,,,0
3019,'1491901',2121,,372,104,,,0
3019,'1491902',936,,373,104,,,0
3019,'1491903',806,,374,104,,,0
3019,'1491904',1706,,375,104,,,0
3019,'1491905',1236,,376,104,,,0
3019,'1491906',1206,,377,104,,,0
3019,'1491907',836,,378,104,,,0
3019,'1491908',1006,,379,104,,,0
3019,'1491909',2321,,380,104,,,0
3019,'1491910',1436,,381,104,,,0
3019,'1491911',1406,,382,104,,,0
3019,'1491912',1536,,383,104,,,0
3019,'1491913',1336,,384,104,,,0
3019,'1491914',2221,,385,104,,,0
3019,'1491915',906,,386,104,,,0
3019,'1491916',1836,,387,104,,,0
3019,'1491917',1506,,388,104,,,0
3019,'1491918',1106,,389,104,,,0
3019,'1491919',1136,,390,104,,,0
3019,'1491920',1306,,391,104,,,0
3019,'1491921',1736,,392,104,,,0
3019,'1491922',1036,,393,104,,,0
3019,'1491923',1606,,394,104,,,0
3019,'1491924',1921,,395,104,,,0
3019,'1491926',606,,397,13,,,0
3019,'1491927',636,,398,47,,,0
3019,'1491928',2021,,399,104,,,0
3019,'1492021',736,,400,104,,,0
3019,'1496989',821,,647,103,,,0
3019,'1496991',1521,,649,103,,,0
3019,'1496993',921,,651,103,,,0
3019,'1496994',1221,,652,103,,,0
3019,'1496995',2321,,653,103,,,0
3019,'1496996',1921,,654,103,,,0
3019,'1496999',1421,,657,103,,,0
3019,'1497001',2021,,659,103,,,0
3019,'1497003',1721,,661,103,,,0
3019,'1497004',1021,,662,103,,,0
3019,'1497005',1321,,663,103,,,0
3019,'1497009',2221,,667,103,,,0
3019,'1497010',1821,,668,103,,,0
3019,'1497011',1121,,669,103,,,0
3019,'1497015',1621,,673,103,,,0
3019,'1497020',2121,,678,103,,,0
3019,'1497022',651,,680,47,,,0
3019,'1497024',721,,682,103,,,0
