2029,'1492022',2028,,280,70,,,0
2029,'1492026',928,,281,70,,,0
2029,'1492029',1428,,282,70,,,0
2029,'1492030',1228,,283,70,,,0
2029,'1492031',1828,,284,70,,,0
2029,'1492033',1258,,285,70,,,0
2029,'1492035',1558,,286,70,,,0
2029,'1492039',958,,287,70,,,0
2029,'1492041',2228,,288,70,,,0
2029,'1492044',828,,289,70,,,0
2029,'1492046',1628,,290,70,,,0
2029,'1492047',1458,,291,70,,,0
2029,'1492049',2325,,292,70,,,0
2029,'1492050',1058,,293,70,,,0
2029,'1492051',728,,294,70,,,0
2029,'1492052',1328,,295,70,,,0
2029,'1492054',1928,,296,70,,,0
2029,'1492056',1658,,297,70,,,0
2029,'1492059',1528,,298,70,,,0
2029,'1492060',1358,,299,70,,,0
2029,'1492061',758,,300,70,,,0
2029,'1492063',1728,,301,70,,,0
2029,'1492065',1028,,302,70,,,0
2029,'1492070',858,,303,70,,,0
2029,'1492071',2128,,304,70,,,0
2029,'1492072',1158,,305,70,,,0
2029,'1492073',1128,,306,70,,,0
2029,'1492076',1758,,307,70,,,0
2029,'1492081',628,,308,34,,,0
2029,'1496956',1728,,630,71,,,0
2029,'1496959',1128,,631,71,,,0
2029,'1496960',2228,,632,71,,,0
2029,'1496963',2325,,633,71,,,0
2029,'1496964',1028,,634,71,,,0
2029,'1496965',2028,,635,71,,,0
2029,'1496966',928,,636,71,,,0
2029,'1496967',1528,,637,71,,,0
2029,'1496969',2128,,638,71,,,0
2029,'1496971',1828,,639,71,,,0
2029,'1496972',1228,,640,71,,,0
2029,'1496976',1428,,641,71,,,0
2029,'1496977',828,,642,71,,,0
2029,'1496978',1328,,643,71,,,0
2029,'1496980',1928,,644,71,,,0
2029,'1496982',1628,,645,71,,,0
2029,'1496985',728,,646,71,,,0
