2019,'1496174',1316,,878,113,,,0
2019,'1496175',1446,,879,113,,,0
2019,'1496179',1416,,880,113,,,0
2019,'1496181',1546,,881,113,,,0
2019,'1496183',1046,,882,113,,,0
2019,'1496184',1616,,883,113,,,0
2019,'1496185',1016,,884,113,,,0
2019,'1496187',1216,,885,113,,,0
2019,'1496188',946,,886,113,,,0
2019,'1496189',916,,887,113,,,0
2019,'1496191',1116,,888,113,,,0
2019,'1496194',1646,,889,113,,,0
2019,'1496198',816,,890,113,,,0
2019,'1496200',1816,,891,113,,,0
2019,'1496204',1516,,892,113,,,0
2019,'1496206',1146,,893,113,,,0
2019,'1496208',1246,,894,113,,,0
2019,'1496209',1716,,895,113,,,0
2019,'1496210',1846,,896,113,,,0
2019,'1496211',1746,,897,113,,,0
2019,'1496215',846,,898,113,,,0
2019,'1496216',1346,,899,113,,,0
2019,'1496218',746,,900,113,,,0
2019,'1496219',616,,901,27,,,0
2019,'1496220',646,,902,81,,,0
2019,'1496223',2331,,903,113,,,0
2019,'1496224',1316,,904,113,,,0
2019,'1496225',1446,,905,113,,,0
2019,'1496227',2231,,906,113,,,0
2019,'1496228',1931,,907,113,,,0
2019,'1496232',1416,,908,113,,,0
2019,'1496234',1546,,909,113,,,0
2019,'1496236',1046,,910,113,,,0
2019,'1496237',1616,,911,113,,,0
2019,'1496238',1016,,912,113,,,0
2019,'1496240',1216,,913,113,,,0
2019,'1496242',946,,914,113,,,0
2019,'1496243',916,,915,113,,,0
2019,'1496245',1116,,916,113,,,0
2019,'1496248',1646,,917,113,,,0
2019,'1496253',2131,,918,113,,,0
2019,'1496255',816,,919,113,,,0
2019,'1496257',1816,,920,113,,,0
2019,'1496262',1516,,922,113,,,0
2019,'1496264',1146,,923,113,,,0
2019,'1496266',1246,,924,113,,,0
2019,'1496267',1716,,925,113,,,0
2019,'1496268',1846,,926,113,,,0
2019,'1496269',1746,,927,113,,,0
2019,'1496274',846,,928,113,,,0
2019,'1496275',1346,,929,113,,,0
2019,'1496277',746,,930,113,,,0
2019,'1496278',616,,931,27,,,0
2019,'1496279',646,,932,91,,,0
2019,'1496280',2031,,933,113,,,0
2019,'1496490',1831,,934,113,,,0
2019,'1496491',2231,,935,113,,,0
2019,'1496492',1431,,936,113,,,0
2019,'1496494',1231,,937,113,,,0
2019,'1496495',1531,,938,113,,,0
2019,'1496498',2131,,939,113,,,0
2019,'1496499',831,,940,113,,,0
2019,'1496505',1331,,941,113,,,0
2019,'1496507',2331,,942,113,,,0
2019,'1496510',1631,,943,113,,,0
2019,'1496511',1931,,944,113,,,0
2019,'1496512',1131,,945,113,,,0
2019,'1496516',1031,,946,113,,,0
2019,'1496518',931,,947,113,,,0
2019,'1496520',1731,,948,113,,,0
2019,'1496521',2031,,949,113,,,0
2019,'1496523',731,,950,113,,,0
2019,'1496524',701,,951,81,,,0
2019,'1496594',1831,,953,113,,,0
2019,'1496595',2231,,954,113,,,0
2019,'1496596',1431,,955,113,,,0
2019,'1496598',1231,,956,113,,,0
2019,'1496599',1531,,957,113,,,0
2019,'1496602',2131,,958,113,,,0
2019,'1496603',831,,959,113,,,0
2019,'1496609',1331,,960,113,,,0
2019,'1496613',1631,,961,113,,,0
2019,'1496614',1931,,962,113,,,0
2019,'1496615',1131,,963,113,,,0
2019,'1496619',1031,,964,113,,,0
2019,'1496621',931,,965,113,,,0
2019,'1496623',1731,,966,113,,,0
2019,'1496624',2031,,967,113,,,0
2019,'1496625',801,,968,81,,,0
