1029,'1491948',1423,,124,12,,,0
1029,'1491949',1523,,125,12,,,0
1029,'1491951',1623,,126,12,,,0
1029,'1491953',723,,127,12,,,0
1029,'1491954',2053,,128,12,,,0
1029,'1491958',1023,,129,12,,,0
1029,'1491963',1953,,130,12,,,0
1029,'1491964',853,,131,12,,,0
1029,'1491965',1653,,132,12,,,0
1029,'1491966',1553,,133,12,,,0
1029,'1491970',1753,,134,12,,,0
1029,'1491971',1153,,135,12,,,0
1029,'1491972',1223,,136,12,,,0
1029,'1491973',1353,,137,12,,,0
1029,'1491974',953,,138,12,,,0
1029,'1491976',653,,139,12,,,0
1029,'1491978',1823,,140,12,,,0
1029,'1491979',1723,,141,12,,,0
1029,'1491983',1323,,142,12,,,0
1029,'1491986',923,,143,12,,,0
1029,'1491987',2153,,144,12,,,0
1029,'1491989',1123,,145,12,,,0
1029,'1491991',2253,,146,12,,,0
1029,'1491993',823,,147,12,,,0
1029,'1491996',753,,148,12,,,0
1029,'1492000',1453,,149,12,,,0
1029,'1492001',1253,,150,12,,,0
1029,'1492003',1053,,151,12,,,0
1029,'1492008',1853,,153,12,,,0
1029,'1496919',1852,,594,12,,,0
1029,'1496920',2052,,595,12,,,0
1029,'1496925',1752,,596,12,,,0
1029,'1496926',2152,,597,12,,,0
1029,'1496927',1252,,598,12,,,0
1029,'1496929',1052,,599,12,,,0
1029,'1496931',952,,600,12,,,0
1029,'1496932',1952,,601,12,,,0
1029,'1496934',652,,602,12,,,0
1029,'1496936',2252,,603,12,,,0
1029,'1496937',1452,,604,12,,,0
1029,'1496939',1552,,605,12,,,0
1029,'1496942',752,,606,12,,,0
1029,'1496943',1152,,607,12,,,0
1029,'1496944',852,,608,12,,,0
1029,'1496947',1652,,609,12,,,0
1029,'1496948',1352,,610,12,,,0
