2019,'1492023',2232,,191,25,,,0
2019,'1492024',1217,,192,25,,,0
2019,'1492025',1347,,193,25,,,0
2019,'1492027',2132,,194,25,,,0
2019,'1492028',1832,,195,25,,,0
2019,'1492032',1317,,196,25,,,0
2019,'1492034',1447,,197,25,,,0
2019,'1492036',947,,198,25,,,0
2019,'1492037',1517,,199,25,,,0
2019,'1492038',917,,200,25,,,0
2019,'1492040',1117,,201,25,,,0
2019,'1492042',847,,202,25,,,0
2019,'1492043',817,,203,25,,,0
2019,'1492045',1017,,204,25,,,0
2019,'1492048',1547,,205,25,,,0
2019,'1492053',2032,,206,25,,,0
2019,'1492055',717,,207,25,,,0
2019,'1492057',1717,,208,25,,,0
2019,'1492058',2330,,209,25,,,0
2019,'1492062',1417,,210,25,,,0
2019,'1492064',1047,,211,25,,,0
2019,'1492066',1147,,212,25,,,0
2019,'1492067',1617,,213,25,,,0
2019,'1492068',1747,,214,25,,,0
2019,'1492069',1647,,215,25,,,0
2019,'1492074',747,,216,25,,,0
2019,'1492075',1247,,217,25,,,0
2019,'1492077',647,,218,25,,,0
2019,'1492079',547,,220,3,,,0
2019,'1492080',1932,,221,25,,,0
2019,'1496953',1732,,611,25,,,0
2019,'1496954',2132,,612,25,,,0
2019,'1496955',1332,,613,25,,,0
2019,'1496957',1132,,614,25,,,0
2019,'1496958',1432,,615,25,,,0
2019,'1496961',2032,,616,25,,,0
2019,'1496962',732,,617,25,,,0
2019,'1496968',1232,,618,25,,,0
2019,'1496970',2232,,619,25,,,0
2019,'1496973',1532,,620,25,,,0
2019,'1496974',1832,,621,25,,,0
2019,'1496975',1032,,622,25,,,0
2019,'1496979',932,,623,25,,,0
2019,'1496981',832,,624,25,,,0
2019,'1496983',1632,,625,25,,,0
2019,'1496984',1932,,626,25,,,0
2019,'1496986',632,,627,25,,,0
2019,'1496988',2330,,629,25,,,0
