2019,'1492023',2251,,191,48,,,0
2019,'1492024',1236,,192,48,,,0
2019,'1492025',1406,,193,48,,,0
2019,'1492027',2151,,194,48,,,0
2019,'1492028',1851,,195,48,,,0
2019,'1492032',1336,,196,48,,,0
2019,'1492034',1506,,197,48,,,0
2019,'1492036',1006,,198,48,,,0
2019,'1492037',1536,,199,48,,,0
2019,'1492038',936,,200,48,,,0
2019,'1492040',1136,,201,48,,,0
2019,'1492042',906,,202,48,,,0
2019,'1492043',836,,203,48,,,0
2019,'1492045',1036,,204,48,,,0
2019,'1492048',1606,,205,48,,,0
2019,'1492053',2051,,206,48,,,0
2019,'1492055',736,,207,48,,,0
2019,'1492057',1736,,208,48,,,0
2019,'1492058',2348,,209,48,,,0
2019,'1492062',1436,,210,48,,,0
2019,'1492064',1106,,211,48,,,0
2019,'1492066',1206,,212,48,,,0
2019,'1492067',1636,,213,48,,,0
2019,'1492068',1806,,214,48,,,0
2019,'1492069',1706,,215,48,,,0
2019,'1492074',806,,216,48,,,0
2019,'1492075',1306,,217,48,,,0
2019,'1492077',706,,218,48,,,0
2019,'1492079',606,,220,26,,,0
2019,'1492080',1951,,221,48,,,0
2019,'1496953',1749,,611,49,,,0
2019,'1496954',2149,,612,49,,,0
2019,'1496955',1349,,613,49,,,0
2019,'1496957',1149,,614,49,,,0
2019,'1496958',1449,,615,49,,,0
2019,'1496961',2049,,616,49,,,0
2019,'1496962',749,,617,49,,,0
2019,'1496968',1249,,618,49,,,0
2019,'1496970',2249,,619,49,,,0
2019,'1496973',1549,,620,49,,,0
2019,'1496974',1849,,621,49,,,0
2019,'1496975',1049,,622,49,,,0
2019,'1496979',949,,623,49,,,0
2019,'1496981',849,,624,49,,,0
2019,'1496983',1649,,625,49,,,0
2019,'1496984',1949,,626,49,,,0
2019,'1496986',649,,627,49,,,0
2019,'1496987',619,,628,17,,,0
2019,'1496988',2348,,629,49,,,0
3019,'1488507',849,,436,49,0,5,0
3019,'1488508',1049,,437,49,0,5,0
3019,'1488511',2119,,438,49,0,5,0
3019,'1488515',2219,,439,49,0,5,0
3019,'1488516',1119,,440,49,0,5,0
3019,'1488519',1649,,441,49,0,5,0
3019,'1488521',2315,,442,49,0,5,0
3019,'1488522',1449,,443,49,0,5,0
3019,'1488523',1919,,444,49,0,5,0
3019,'1488525',1219,,445,49,0,5,0
3019,'1488526',749,,446,49,0,5,0
3019,'1488529',2019,,447,49,0,5,0
3019,'1488531',719,,448,49,0,5,0
3019,'1488533',1749,,449,49,0,5,0
3019,'1488535',1319,,450,49,0,5,0
3019,'1488537',1819,,451,49,0,5,0
3019,'1488538',1019,,452,49,0,5,0
3019,'1488539',1249,,453,49,0,5,0
3019,'1488540',1349,,454,49,0,5,0
3019,'1488542',819,,455,49,0,5,0
3019,'1488546',949,,456,49,0,5,0
3019,'1488547',1619,,457,49,0,5,0
3019,'1488548',1419,,458,49,0,5,0
3019,'1488550',1719,,459,49,0,5,0
3019,'1488551',1149,,460,49,0,5,0
3019,'1488552',1519,,461,49,0,5,0
3019,'1488556',1549,,463,49,0,5,0
3019,'1488560',919,,464,49,0,5,0
3019,'1488565',619,,465,16,0,5,0
3019,'1496990',1719,,648,47,0,5,0
3019,'1496992',2219,,650,47,0,5,0
3019,'1496997',1919,,655,47,0,5,0
3019,'1496998',1419,,656,47,0,5,0
3019,'1497000',2019,,658,47,0,5,0
3019,'1497002',2316,,660,47,0,5,0
3019,'1497006',1819,,664,47,0,5,0
3019,'1497007',719,,665,47,0,5,0
3019,'1497008',919,,666,47,0,5,0
3019,'1497012',1019,,670,47,0,5,0
3019,'1497013',1319,,671,47,0,5,0
3019,'1497014',1619,,672,47,0,5,0
3019,'1497016',1119,,674,47,0,5,0
3019,'1497017',1519,,675,47,0,5,0
3019,'1497018',2119,,676,47,0,5,0
3019,'1497019',819,,677,47,0,5,0
3019,'1497021',1219,,679,47,0,5,0
