2019,'1492023',2335,,191,118,,,0
2019,'1492024',1320,,192,118,,,0
2019,'1492025',1450,,193,118,,,0
2019,'1492027',2235,,194,118,,,0
2019,'1492028',1935,,195,118,,,0
2019,'1492032',1420,,196,118,,,0
2019,'1492034',1550,,197,118,,,0
2019,'1492036',1050,,198,118,,,0
2019,'1492037',1620,,199,118,,,0
2019,'1492038',1020,,200,118,,,0
2019,'1492040',1220,,201,118,,,0
2019,'1492042',950,,202,118,,,0
2019,'1492043',920,,203,118,,,0
2019,'1492045',1120,,204,118,,,0
2019,'1492048',1650,,205,118,,,0
2019,'1492053',2135,,206,118,,,0
2019,'1492055',820,,207,118,,,0
2019,'1492057',1820,,208,118,,,0
2019,'1492062',1520,,210,118,,,0
2019,'1492064',1150,,211,118,,,0
2019,'1492066',1250,,212,118,,,0
2019,'1492067',1720,,213,118,,,0
2019,'1492068',1850,,214,118,,,0
2019,'1492069',1750,,215,118,,,0
2019,'1492074',850,,216,118,,,0
2019,'1492075',1350,,217,118,,,0
2019,'1492077',750,,218,118,,,0
2019,'1492078',620,,219,33,,,0
2019,'1492079',650,,220,96,,,0
2019,'1492080',2035,,221,118,,,0
2019,'1496953',1835,,611,119,,,0
2019,'1496954',2235,,612,119,,,0
2019,'1496955',1435,,613,119,,,0
2019,'1496957',1235,,614,119,,,0
2019,'1496958',1535,,615,119,,,0
2019,'1496961',2135,,616,119,,,0
2019,'1496962',835,,617,119,,,0
2019,'1496968',1335,,618,119,,,0
2019,'1496970',2335,,619,119,,,0
2019,'1496973',1635,,620,119,,,0
2019,'1496974',1935,,621,119,,,0
2019,'1496975',1135,,622,119,,,0
2019,'1496979',1035,,623,119,,,0
2019,'1496981',935,,624,119,,,0
2019,'1496983',1735,,625,119,,,0
2019,'1496984',2035,,626,119,,,0
2019,'1496986',735,,627,119,,,0
2019,'1496987',705,,628,87,,,0
3019,'1491899',1650,,370,121,,,0
3019,'1491900',1820,,371,121,,,0
3019,'1491901',2135,,372,121,,,0
3019,'1491902',950,,373,121,,,0
3019,'1491903',820,,374,121,,,0
3019,'1491904',1720,,375,121,,,0
3019,'1491905',1250,,376,121,,,0
3019,'1491906',1220,,377,121,,,0
3019,'1491907',850,,378,121,,,0
3019,'1491908',1020,,379,121,,,0
3019,'1491909',2335,,380,121,,,0
3019,'1491910',1450,,381,121,,,0
3019,'1491911',1420,,382,121,,,0
3019,'1491912',1550,,383,121,,,0
3019,'1491913',1350,,384,121,,,0
3019,'1491914',2235,,385,121,,,0
3019,'1491915',920,,386,121,,,0
3019,'1491916',1850,,387,121,,,0
3019,'1491917',1520,,388,121,,,0
3019,'1491918',1120,,389,121,,,0
3019,'1491919',1150,,390,121,,,0
3019,'1491920',1320,,391,121,,,0
3019,'1491921',1750,,392,121,,,0
3019,'1491922',1050,,393,121,,,0
3019,'1491923',1620,,394,121,,,0
3019,'1491924',1935,,395,121,,,0
3019,'1491926',620,,397,30,,,0
3019,'1491927',650,,398,64,,,0
3019,'1491928',2035,,399,121,,,0
3019,'1492021',750,,400,121,,,0
3019,'1496989',835,,647,121,,,0
3019,'1496991',1535,,649,121,,,0
3019,'1496993',935,,651,121,,,0
3019,'1496994',1235,,652,121,,,0
3019,'1496995',2335,,653,121,,,0
3019,'1496996',1935,,654,121,,,0
3019,'1496999',1435,,657,121,,,0
3019,'1497001',2035,,659,121,,,0
3019,'1497003',1735,,661,121,,,0
3019,'1497004',1035,,662,121,,,0
3019,'1497005',1335,,663,121,,,0
3019,'1497009',2235,,667,121,,,0
3019,'1497010',1835,,668,121,,,0
3019,'1497011',1135,,669,121,,,0
3019,'1497015',1635,,673,121,,,0
3019,'1497020',2135,,678,121,,,0
3019,'1497022',705,,680,65,,,0
3019,'1497024',735,,682,121,,,0
