1029,'1491948',1427,,124,19,,,0
1029,'1491949',1527,,125,19,,,0
1029,'1491951',1627,,126,19,,,0
1029,'1491953',727,,127,19,,,0
1029,'1491954',2057,,128,19,,,0
1029,'1491958',1027,,129,19,,,0
1029,'1491963',1957,,130,19,,,0
1029,'1491964',857,,131,19,,,0
1029,'1491965',1657,,132,19,,,0
1029,'1491966',1557,,133,19,,,0
1029,'1491970',1757,,134,19,,,0
1029,'1491971',1157,,135,19,,,0
1029,'1491972',1227,,136,19,,,0
1029,'1491973',1357,,137,19,,,0
1029,'1491974',957,,138,19,,,0
1029,'1491976',657,,139,19,,,0
1029,'1491978',1827,,140,19,,,0
1029,'1491979',1727,,141,19,,,0
1029,'1491983',1327,,142,19,,,0
1029,'1491986',927,,143,19,,,0
1029,'1491987',2157,,144,19,,,0
1029,'1491989',1127,,145,19,,,0
1029,'1491991',2257,,146,19,,,0
1029,'1491993',827,,147,19,,,0
1029,'1491996',757,,148,19,,,0
1029,'1492000',1457,,149,19,,,0
1029,'1492001',1257,,150,19,,,0
1029,'1492003',1057,,151,19,,,0
1029,'1492008',1857,,153,19,,,0
1029,'1496919',1855,,594,19,,,0
1029,'1496920',2055,,595,19,,,0
1029,'1496925',1755,,596,19,,,0
1029,'1496926',2155,,597,19,,,0
1029,'1496927',1255,,598,19,,,0
1029,'1496929',1055,,599,19,,,0
1029,'1496931',955,,600,19,,,0
1029,'1496932',1955,,601,19,,,0
1029,'1496934',655,,602,19,,,0
1029,'1496936',2255,,603,19,,,0
1029,'1496937',1455,,604,19,,,0
1029,'1496939',1555,,605,19,,,0
1029,'1496942',755,,606,19,,,0
1029,'1496943',1155,,607,19,,,0
1029,'1496944',855,,608,19,,,0
1029,'1496947',1655,,609,19,,,0
1029,'1496948',1355,,610,19,,,0
2029,'1492022',1956,,280,19,,,0
2029,'1492026',856,,281,19,,,0
2029,'1492029',1356,,282,19,,,0
2029,'1492030',1156,,283,19,,,0
2029,'1492031',1756,,284,19,,,0
2029,'1492033',1226,,285,19,,,0
2029,'1492035',1526,,286,19,,,0
2029,'1492039',926,,287,19,,,0
2029,'1492041',2156,,288,19,,,0
2029,'1492044',756,,289,19,,,0
2029,'1492046',1556,,290,19,,,0
2029,'1492047',1426,,291,19,,,0
2029,'1492049',2255,,292,19,,,0
2029,'1492050',1026,,293,19,,,0
2029,'1492051',656,,294,19,,,0
2029,'1492052',1256,,295,19,,,0
2029,'1492054',1856,,296,19,,,0
2029,'1492056',1626,,297,19,,,0
2029,'1492059',1456,,298,19,,,0
2029,'1492060',1326,,299,19,,,0
2029,'1492061',726,,300,19,,,0
2029,'1492063',1656,,301,19,,,0
2029,'1492065',956,,302,19,,,0
2029,'1492070',826,,303,19,,,0
2029,'1492071',2056,,304,19,,,0
2029,'1492072',1126,,305,19,,,0
2029,'1492073',1056,,306,19,,,0
2029,'1492076',1726,,307,19,,,0
