3019,'1491899',1616,,370,78,,,0
3019,'1491900',1746,,371,78,,,0
3019,'1491901',2101,,372,78,,,0
3019,'1491902',916,,373,78,,,0
3019,'1491903',746,,374,78,,,0
3019,'1491904',1646,,375,78,,,0
3019,'1491905',1216,,376,78,,,0
3019,'1491906',1146,,377,78,,,0
3019,'1491907',816,,378,78,,,0
3019,'1491908',946,,379,78,,,0
3019,'1491909',2301,,380,78,,,0
3019,'1491910',1416,,381,78,,,0
3019,'1491911',1346,,382,78,,,0
3019,'1491912',1516,,383,78,,,0
3019,'1491913',1316,,384,78,,,0
3019,'1491914',2201,,385,78,,,0
3019,'1491915',846,,386,78,,,0
3019,'1491916',1816,,387,78,,,0
3019,'1491917',1446,,388,78,,,0
3019,'1491918',1046,,389,78,,,0
3019,'1491919',1116,,390,78,,,0
3019,'1491920',1246,,391,78,,,0
3019,'1491921',1716,,392,78,,,0
3019,'1491922',1016,,393,78,,,0
3019,'1491923',1546,,394,78,,,0
3019,'1491924',1901,,395,78,,,0
3019,'1491927',616,,398,21,,,0
3019,'1491928',2001,,399,78,,,0
3019,'1492021',716,,400,78,,,0
3019,'1496989',801,,647,77,,,0
3019,'1496991',1501,,649,77,,,0
3019,'1496993',901,,651,77,,,0
3019,'1496994',1201,,652,77,,,0
3019,'1496995',2301,,653,77,,,0
3019,'1496996',1901,,654,77,,,0
3019,'1496999',1401,,657,77,,,0
3019,'1497001',2001,,659,77,,,0
3019,'1497003',1701,,661,77,,,0
3019,'1497004',1001,,662,77,,,0
3019,'1497005',1301,,663,77,,,0
3019,'1497009',2201,,667,77,,,0
3019,'1497010',1801,,668,77,,,0
3019,'1497011',1101,,669,77,,,0
3019,'1497015',1601,,673,77,,,0
3019,'1497020',2101,,678,77,,,0
3019,'1497022',631,,680,21,,,0
3019,'1497024',701,,682,77,,,0
