2019,'1492023',2220,,191,9,,,0
2019,'1492024',1205,,192,9,,,0
2019,'1492025',1335,,193,9,,,0
2019,'1492027',2120,,194,9,,,0
2019,'1492028',1820,,195,9,,,0
2019,'1492032',1305,,196,9,,,0
2019,'1492034',1435,,197,9,,,0
2019,'1492036',935,,198,9,,,0
2019,'1492037',1505,,199,9,,,0
2019,'1492038',905,,200,9,,,0
2019,'1492040',1105,,201,9,,,0
2019,'1492042',835,,202,9,,,0
2019,'1492043',805,,203,9,,,0
2019,'1492045',1005,,204,9,,,0
2019,'1492048',1535,,205,9,,,0
2019,'1492053',2020,,206,9,,,0
2019,'1492055',705,,207,9,,,0
2019,'1492057',1705,,208,9,,,0
2019,'1492058',2319,,209,9,,,0
2019,'1492062',1405,,210,9,,,0
2019,'1492064',1035,,211,9,,,0
2019,'1492066',1135,,212,9,,,0
2019,'1492067',1605,,213,9,,,0
2019,'1492068',1735,,214,9,,,0
2019,'1492069',1635,,215,9,,,0
2019,'1492074',735,,216,9,,,0
2019,'1492075',1235,,217,9,,,0
2019,'1492077',635,,218,9,,,0
2019,'1492080',1920,,221,9,,,0
2019,'1496953',1720,,611,9,,,0
2019,'1496954',2120,,612,9,,,0
2019,'1496955',1320,,613,9,,,0
2019,'1496957',1120,,614,9,,,0
2019,'1496958',1420,,615,9,,,0
2019,'1496961',2020,,616,9,,,0
2019,'1496962',720,,617,9,,,0
2019,'1496968',1220,,618,9,,,0
2019,'1496970',2220,,619,9,,,0
2019,'1496973',1520,,620,9,,,0
2019,'1496974',1820,,621,9,,,0
2019,'1496975',1020,,622,9,,,0
2019,'1496979',920,,623,9,,,0
2019,'1496981',820,,624,9,,,0
2019,'1496983',1620,,625,9,,,0
2019,'1496984',1920,,626,9,,,0
2019,'1496986',620,,627,9,,,0
2019,'1496988',2318,,629,9,,,0
