1029,'1491948',1448,,124,47,,,0
1029,'1491949',1548,,125,47,,,0
1029,'1491951',1648,,126,47,,,0
1029,'1491953',748,,127,47,,,0
1029,'1491954',2118,,128,47,,,0
1029,'1491958',1048,,129,47,,,0
1029,'1491963',2018,,130,47,,,0
1029,'1491964',918,,131,47,,,0
1029,'1491965',1718,,132,47,,,0
1029,'1491966',1618,,133,47,,,0
1029,'1491970',1818,,134,47,,,0
1029,'1491971',1218,,135,47,,,0
1029,'1491972',1248,,136,47,,,0
1029,'1491973',1418,,137,47,,,0
1029,'1491974',1018,,138,47,,,0
1029,'1491976',718,,139,47,,,0
1029,'1491978',1848,,140,47,,,0
1029,'1491979',1748,,141,47,,,0
1029,'1491983',1348,,142,47,,,0
1029,'1491986',948,,143,47,,,0
1029,'1491987',2218,,144,47,,,0
1029,'1491989',1148,,145,47,,,0
1029,'1491991',2318,,146,47,,,0
1029,'1491993',848,,147,47,,,0
1029,'1491996',818,,148,47,,,0
1029,'1492000',1518,,149,47,,,0
1029,'1492001',1318,,150,47,,,0
1029,'1492003',1118,,151,47,,,0
1029,'1492006',618,,152,2,,,0
1029,'1492008',1918,,153,47,,,0
1029,'1496919',1916,,594,47,,,0
1029,'1496920',2116,,595,47,,,0
1029,'1496925',1816,,596,47,,,0
1029,'1496926',2216,,597,47,,,0
1029,'1496927',1316,,598,47,,,0
1029,'1496929',1116,,599,47,,,0
1029,'1496931',1016,,600,47,,,0
1029,'1496932',2016,,601,47,,,0
1029,'1496934',716,,602,47,,,0
1029,'1496936',2316,,603,47,,,0
1029,'1496937',1516,,604,47,,,0
1029,'1496939',1616,,605,47,,,0
1029,'1496942',816,,606,47,,,0
1029,'1496943',1216,,607,47,,,0
1029,'1496944',916,,608,47,,,0
1029,'1496947',1716,,609,47,,,0
1029,'1496948',1416,,610,47,,,0
3019,'1488507',827,,436,21,0,5,0
3019,'1488508',1027,,437,21,0,5,0
3019,'1488511',2057,,438,21,0,5,0
3019,'1488515',2157,,439,21,0,5,0
3019,'1488516',1057,,440,21,0,5,0
3019,'1488519',1627,,441,21,0,5,0
3019,'1488521',2257,,442,21,0,5,0
3019,'1488522',1427,,443,21,0,5,0
3019,'1488523',1857,,444,21,0,5,0
3019,'1488525',1157,,445,21,0,5,0
3019,'1488526',727,,446,21,0,5,0
3019,'1488529',1957,,447,21,0,5,0
3019,'1488531',657,,448,21,0,5,0
3019,'1488533',1727,,449,21,0,5,0
3019,'1488535',1257,,450,21,0,5,0
3019,'1488537',1757,,451,21,0,5,0
3019,'1488538',957,,452,21,0,5,0
3019,'1488539',1227,,453,21,0,5,0
3019,'1488540',1327,,454,21,0,5,0
3019,'1488542',757,,455,21,0,5,0
3019,'1488546',927,,456,21,0,5,0
3019,'1488547',1557,,457,21,0,5,0
3019,'1488548',1357,,458,21,0,5,0
3019,'1488550',1657,,459,21,0,5,0
3019,'1488551',1127,,460,21,0,5,0
3019,'1488552',1457,,461,21,0,5,0
3019,'1488556',1527,,463,21,0,5,0
3019,'1488560',857,,464,21,0,5,0
3019,'1496990',1657,,648,20,0,5,0
3019,'1496992',2157,,650,20,0,5,0
3019,'1496997',1857,,655,20,0,5,0
3019,'1496998',1357,,656,20,0,5,0
3019,'1497000',1957,,658,20,0,5,0
3019,'1497002',2257,,660,20,0,5,0
3019,'1497006',1757,,664,20,0,5,0
3019,'1497007',657,,665,20,0,5,0
3019,'1497008',857,,666,20,0,5,0
3019,'1497012',957,,670,20,0,5,0
3019,'1497013',1257,,671,20,0,5,0
3019,'1497014',1557,,672,20,0,5,0
3019,'1497016',1057,,674,20,0,5,0
3019,'1497017',1457,,675,20,0,5,0
3019,'1497018',2057,,676,20,0,5,0
3019,'1497019',757,,677,20,0,5,0
3019,'1497021',1157,,679,20,0,5,0
