2029,'1492022',2021,,280,60,,,0
2029,'1492026',921,,281,60,,,0
2029,'1492029',1421,,282,60,,,0
2029,'1492030',1221,,283,60,,,0
2029,'1492031',1821,,284,60,,,0
2029,'1492033',1251,,285,60,,,0
2029,'1492035',1551,,286,60,,,0
2029,'1492039',951,,287,60,,,0
2029,'1492041',2221,,288,60,,,0
2029,'1492044',821,,289,60,,,0
2029,'1492046',1621,,290,60,,,0
2029,'1492047',1451,,291,60,,,0
2029,'1492049',2318,,292,60,,,0
2029,'1492050',1051,,293,60,,,0
2029,'1492051',721,,294,60,,,0
2029,'1492052',1321,,295,60,,,0
2029,'1492054',1921,,296,60,,,0
2029,'1492056',1651,,297,60,,,0
2029,'1492059',1521,,298,60,,,0
2029,'1492060',1351,,299,60,,,0
2029,'1492061',751,,300,60,,,0
2029,'1492063',1721,,301,60,,,0
2029,'1492065',1021,,302,60,,,0
2029,'1492070',851,,303,60,,,0
2029,'1492071',2121,,304,60,,,0
2029,'1492072',1151,,305,60,,,0
2029,'1492073',1121,,306,60,,,0
2029,'1492076',1751,,307,60,,,0
2029,'1492081',621,,308,24,,,0
2029,'1496956',1721,,630,61,,,0
2029,'1496959',1121,,631,61,,,0
2029,'1496960',2221,,632,61,,,0
2029,'1496963',2318,,633,61,,,0
2029,'1496964',1021,,634,61,,,0
2029,'1496965',2021,,635,61,,,0
2029,'1496966',921,,636,61,,,0
2029,'1496967',1521,,637,61,,,0
2029,'1496969',2121,,638,61,,,0
2029,'1496971',1821,,639,61,,,0
2029,'1496972',1221,,640,61,,,0
2029,'1496976',1421,,641,61,,,0
2029,'1496977',821,,642,61,,,0
2029,'1496978',1321,,643,61,,,0
2029,'1496980',1921,,644,61,,,0
2029,'1496982',1621,,645,61,,,0
2029,'1496985',721,,646,61,,,0
