3019,'1496125',1536,,1056,11,,,0
3019,'1496128',1706,,1059,11,,,0
3019,'1496129',836,,1060,11,,,0
3019,'1496130',706,,1061,11,,,0
3019,'1496131',1606,,1062,11,,,0
3019,'1496133',1136,,1064,11,,,0
3019,'1496134',1106,,1065,11,,,0
3019,'1496136',736,,1067,11,,,0
3019,'1496138',906,,1069,11,,,0
3019,'1496141',1336,,1072,11,,,0
3019,'1496142',1306,,1073,11,,,0
3019,'1496144',1436,,1075,11,,,0
3019,'1496146',1236,,1077,11,,,0
3019,'1496151',806,,1082,11,,,0
3019,'1496153',1736,,1084,11,,,0
3019,'1496154',1406,,1085,11,,,0
3019,'1496155',1006,,1086,11,,,0
3019,'1496159',1036,,1090,11,,,0
3019,'1496164',1206,,1095,11,,,0
3019,'1496165',1636,,1096,11,,,0
3019,'1496167',936,,1098,11,,,0
3019,'1496168',1506,,1099,11,,,0
3019,'1496173',636,,1104,11,,,0
3019,'1496374',1536,,1105,11,,,0
3019,'1496377',1706,,1108,11,,,0
3019,'1496378',2021,,1109,11,,,0
3019,'1496380',836,,1111,11,,,0
3019,'1496381',706,,1112,11,,,0
3019,'1496382',1606,,1113,11,,,0
3019,'1496385',1136,,1116,11,,,0
3019,'1496386',1106,,1117,11,,,0
3019,'1496388',736,,1119,11,,,0
3019,'1496392',906,,1123,11,,,0
3019,'1496395',2221,,1126,11,,,0
3019,'1496396',1336,,1127,11,,,0
3019,'1496398',1306,,1129,11,,,0
3019,'1496400',1436,,1131,11,,,0
3019,'1496402',1236,,1133,11,,,0
3019,'1496404',2121,,1135,11,,,0
3019,'1496409',806,,1140,11,,,0
3019,'1496411',1736,,1142,11,,,0
3019,'1496412',1406,,1143,11,,,0
3019,'1496413',1006,,1144,11,,,0
3019,'1496417',1036,,1148,11,,,0
3019,'1496422',1206,,1153,11,,,0
3019,'1496423',1636,,1154,11,,,0
3019,'1496425',936,,1156,11,,,0
3019,'1496426',1506,,1157,11,,,0
3019,'1496427',1821,,1158,11,,,0
3019,'1496429',2320,,1160,11,,,0
3019,'1496432',1921,,1163,11,,,0
3019,'1496434',636,,1165,11,,,0
3019,'1496453',721,,1166,11,,,0
3019,'1496455',1421,,1168,11,,,0
3019,'1496457',821,,1170,11,,,0
3019,'1496458',1121,,1171,11,,,0
3019,'1496459',2221,,1172,11,,,0
3019,'1496460',1821,,1173,11,,,0
3019,'1496463',1321,,1176,11,,,0
3019,'1496465',1921,,1178,11,,,0
3019,'1496467',1621,,1180,11,,,0
3019,'1496468',921,,1181,11,,,0
3019,'1496469',1221,,1182,11,,,0
3019,'1496473',2121,,1186,11,,,0
3019,'1496474',1721,,1187,11,,,0
3019,'1496475',1021,,1188,11,,,0
3019,'1496479',1521,,1192,11,,,0
3019,'1496484',2021,,1197,11,,,0
3019,'1496487',2320,,1200,11,,,0
3019,'1496488',621,,1201,11,,,0
3019,'1496627',721,,1203,11,,,0
3019,'1496629',1421,,1205,11,,,0
3019,'1496631',821,,1207,11,,,0
3019,'1496632',1121,,1208,11,,,0
3019,'1496633',1821,,1209,11,,,0
3019,'1496636',1321,,1212,11,,,0
3019,'1496638',1921,,1214,11,,,0
3019,'1496640',1621,,1216,11,,,0
3019,'1496641',921,,1217,11,,,0
3019,'1496642',1221,,1218,11,,,0
3019,'1496645',2121,,1221,11,,,0
3019,'1496646',1721,,1222,11,,,0
3019,'1496647',1021,,1223,11,,,0
3019,'1496651',1521,,1227,11,,,0
3019,'1496656',2021,,1232,11,,,0
3019,'1496659',2320,,1235,11,,,0
