2029,'1488850',619,,970,5,,,0
2029,'1496221',648,,971,65,,,0
2029,'1496281',648,,972,65,,,0
2029,'1497044',949,,973,102,,,0
2029,'1497045',1449,,974,102,,,0
2029,'1497046',1249,,975,102,,,0
2029,'1497047',1319,,976,102,,,0
2029,'1497048',1619,,977,102,,,0
2029,'1497049',1019,,978,102,,,0
2029,'1497050',849,,979,102,,,0
2029,'1497051',1649,,980,102,,,0
2029,'1497052',1519,,981,102,,,0
2029,'1497053',1119,,982,102,,,0
2029,'1497054',749,,983,102,,,0
2029,'1497055',1349,,984,102,,,0
2029,'1497056',1719,,985,102,,,0
2029,'1497057',1549,,986,102,,,0
2029,'1497058',1419,,987,102,,,0
2029,'1497059',819,,988,102,,,0
2029,'1497060',1749,,989,102,,,0
2029,'1497061',1049,,990,102,,,0
2029,'1497062',919,,991,102,,,0
2029,'1497063',1219,,992,102,,,0
2029,'1497064',1149,,993,102,,,0
2029,'1497065',1819,,994,102,,,0
2029,'1497066',2049,,995,102,,,0
2029,'1497067',949,,996,102,,,0
2029,'1497068',1449,,997,102,,,0
2029,'1497069',1249,,998,102,,,0
2029,'1497070',1849,,999,102,,,0
2029,'1497071',1319,,1000,102,,,0
2029,'1497072',1619,,1001,102,,,0
2029,'1497073',1019,,1002,102,,,0
2029,'1497074',2249,,1003,102,,,0
2029,'1497075',849,,1004,102,,,0
2029,'1497076',1649,,1005,102,,,0
2029,'1497077',1519,,1006,102,,,0
2029,'1497078',2343,,1007,102,,,0
2029,'1497079',1119,,1008,102,,,0
2029,'1497080',749,,1009,102,,,0
2029,'1497081',1349,,1010,102,,,0
2029,'1497082',1949,,1011,102,,,0
2029,'1497083',1719,,1012,102,,,0
2029,'1497084',1549,,1013,102,,,0
2029,'1497085',1419,,1014,102,,,0
2029,'1497086',819,,1015,102,,,0
2029,'1497087',1749,,1016,102,,,0
2029,'1497088',1049,,1017,102,,,0
2029,'1497089',919,,1018,102,,,0
2029,'1497090',2149,,1019,102,,,0
2029,'1497091',1219,,1020,102,,,0
2029,'1497092',1149,,1021,102,,,0
2029,'1497093',1819,,1022,102,,,0
2029,'1497094',1749,,1023,102,,,0
2029,'1497095',1149,,1024,102,,,0
2029,'1497096',2249,,1025,102,,,0
2029,'1497097',2343,,1026,102,,,0
2029,'1497098',1049,,1027,102,,,0
2029,'1497099',2049,,1028,102,,,0
2029,'1497100',949,,1029,102,,,0
2029,'1497101',1549,,1030,102,,,0
2029,'1497102',2149,,1031,102,,,0
2029,'1497103',1849,,1032,102,,,0
2029,'1497104',1249,,1033,102,,,0
2029,'1497105',1449,,1034,102,,,0
2029,'1497106',849,,1035,102,,,0
2029,'1497107',1349,,1036,102,,,0
2029,'1497108',1949,,1037,102,,,0
2029,'1497109',1649,,1038,102,,,0
2029,'1497110',749,,1039,102,,,0
2029,'1497111',1749,,1040,102,,,0
2029,'1497112',1149,,1041,102,,,0
2029,'1497113',2249,,1042,102,,,0
2029,'1497114',2343,,1043,102,,,0
2029,'1497115',1049,,1044,102,,,0
2029,'1497116',2049,,1045,102,,,0
2029,'1497117',949,,1046,102,,,0
2029,'1497118',1549,,1047,102,,,0
2029,'1497119',2149,,1048,102,,,0
2029,'1497120',1849,,1049,102,,,0
2029,'1497121',1249,,1050,102,,,0
2029,'1497122',1449,,1051,102,,,0
2029,'1497123',849,,1052,102,,,0
2029,'1497124',1349,,1053,102,,,0
2029,'1497125',1949,,1054,102,,,0
2029,'1497126',1649,,1055,102,,,0
