4019,'1496112',652,,1237,33,,,0
4019,'1496113',1052,,1238,33,,,0
4019,'1496114',852,,1239,33,,,0
4019,'1496115',1652,,1240,33,,,0
4019,'1496116',952,,1241,33,,,0
4019,'1496117',1152,,1242,33,,,0
4019,'1496118',752,,1243,33,,,0
4019,'1496119',1552,,1244,33,,,0
4019,'1496120',1752,,1245,33,,,0
4019,'1496121',1352,,1246,33,,,0
4019,'1496122',1452,,1247,33,,,0
4019,'1496123',1252,,1248,33,,,0
4019,'1496355',652,,1250,33,,,0
4019,'1496356',2334,,1251,33,,,0
4019,'1496357',1052,,1252,33,,,0
4019,'1496358',852,,1253,33,,,0
4019,'1496359',2037,,1254,33,,,0
4019,'1496360',1652,,1255,33,,,0
4019,'1496361',1852,,1256,33,,,0
4019,'1496362',2137,,1257,33,,,0
4019,'1496363',952,,1258,33,,,0
4019,'1496364',1152,,1259,33,,,0
4019,'1496365',1937,,1260,33,,,0
4019,'1496366',752,,1261,33,,,0
4019,'1496367',1552,,1262,33,,,0
4019,'1496368',1752,,1263,33,,,0
4019,'1496369',1352,,1264,33,,,0
4019,'1496370',1452,,1265,33,,,0
4019,'1496371',2237,,1266,33,,,0
4019,'1496372',1252,,1267,33,,,0
4019,'1496435',837,,1269,33,,,0
4019,'1496436',737,,1270,33,,,0
4019,'1496437',1637,,1271,33,,,0
4019,'1496438',2237,,1272,33,,,0
4019,'1496439',1737,,1273,33,,,0
4019,'1496440',1437,,1274,33,,,0
4019,'1496441',2137,,1275,33,,,0
4019,'1496442',1037,,1276,33,,,0
4019,'1496443',1937,,1277,33,,,0
4019,'1496444',1537,,1278,33,,,0
4019,'1496445',937,,1279,33,,,0
4019,'1496446',1837,,1280,33,,,0
4019,'1496447',1337,,1281,33,,,0
4019,'1496448',637,,1282,33,,,0
4019,'1496449',2037,,1283,33,,,0
4019,'1496450',1137,,1284,33,,,0
4019,'1496451',1237,,1285,33,,,0
4019,'1496452',2334,,1286,33,,,0
4019,'1496661',837,,1287,33,,,0
4019,'1496662',737,,1288,33,,,0
4019,'1496663',1637,,1289,33,,,0
4019,'1496664',2237,,1290,33,,,0
4019,'1496665',1737,,1291,33,,,0
4019,'1496666',1437,,1292,33,,,0
4019,'1496667',2137,,1293,33,,,0
4019,'1496668',1037,,1294,33,,,0
4019,'1496669',1937,,1295,33,,,0
4019,'1496670',1537,,1296,33,,,0
4019,'1496671',937,,1297,33,,,0
4019,'1496672',1837,,1298,33,,,0
4019,'1496673',1337,,1299,33,,,0
4019,'1496674',2037,,1300,33,,,0
4019,'1496675',1137,,1301,33,,,0
4019,'1496676',1237,,1302,33,,,0
4019,'1496677',2334,,1303,33,,,0
