4019,'1491929',723,,525,74,,,0
4019,'1491930',2358,,526,74,,,0
4019,'1491931',1123,,527,74,,,0
4019,'1491932',923,,528,74,,,0
4019,'1491933',2108,,529,74,,,0
4019,'1491934',1723,,530,74,,,0
4019,'1491935',1923,,531,74,,,0
4019,'1491936',2208,,532,74,,,0
4019,'1491937',1023,,533,74,,,0
4019,'1491938',1223,,534,74,,,0
4019,'1491939',2008,,535,74,,,0
4019,'1491940',823,,536,74,,,0
4019,'1491941',1623,,537,74,,,0
4019,'1491942',1823,,538,74,,,0
4019,'1491943',1423,,539,74,,,0
4019,'1491944',1523,,540,74,,,0
4019,'1491945',2308,,541,74,,,0
4019,'1491946',1323,,542,74,,,0
4019,'1491947',623,,543,40,,,0
4019,'1497026',908,,684,78,,,0
4019,'1497027',808,,685,78,,,0
4019,'1497028',1708,,686,78,,,0
4019,'1497029',2308,,687,78,,,0
4019,'1497030',1808,,688,78,,,0
4019,'1497031',1508,,689,78,,,0
4019,'1497032',2208,,690,78,,,0
4019,'1497033',1108,,691,78,,,0
4019,'1497034',2008,,692,78,,,0
4019,'1497035',1608,,693,78,,,0
4019,'1497036',1008,,694,78,,,0
4019,'1497037',1908,,695,78,,,0
4019,'1497038',1408,,696,78,,,0
4019,'1497039',708,,697,78,,,0
4019,'1497040',2108,,698,78,,,0
4019,'1497041',1208,,699,78,,,0
4019,'1497042',1308,,700,78,,,0
4019,'1497043',2358,,701,78,,,0
