3019,'1488507',854,,436,56,0,5,0
3019,'1488508',1054,,437,56,0,5,0
3019,'1488511',2124,,438,56,0,5,0
3019,'1488515',2224,,439,56,0,5,0
3019,'1488516',1124,,440,56,0,5,0
3019,'1488519',1654,,441,56,0,5,0
3019,'1488521',2319,,442,56,0,5,0
3019,'1488522',1454,,443,56,0,5,0
3019,'1488523',1924,,444,56,0,5,0
3019,'1488525',1224,,445,56,0,5,0
3019,'1488526',754,,446,56,0,5,0
3019,'1488529',2024,,447,56,0,5,0
3019,'1488531',724,,448,56,0,5,0
3019,'1488533',1754,,449,56,0,5,0
3019,'1488535',1324,,450,56,0,5,0
3019,'1488537',1824,,451,56,0,5,0
3019,'1488538',1024,,452,56,0,5,0
3019,'1488539',1254,,453,56,0,5,0
3019,'1488540',1354,,454,56,0,5,0
3019,'1488542',824,,455,56,0,5,0
3019,'1488546',954,,456,56,0,5,0
3019,'1488547',1624,,457,56,0,5,0
3019,'1488548',1424,,458,56,0,5,0
3019,'1488550',1724,,459,56,0,5,0
3019,'1488551',1154,,460,56,0,5,0
3019,'1488552',1524,,461,56,0,5,0
3019,'1488556',1554,,463,56,0,5,0
3019,'1488560',924,,464,56,0,5,0
3019,'1488565',624,,465,23,0,5,0
3019,'1496990',1724,,648,54,0,5,0
3019,'1496992',2224,,650,54,0,5,0
3019,'1496997',1924,,655,54,0,5,0
3019,'1496998',1424,,656,54,0,5,0
3019,'1497000',2024,,658,54,0,5,0
3019,'1497002',2320,,660,54,0,5,0
3019,'1497006',1824,,664,54,0,5,0
3019,'1497007',724,,665,54,0,5,0
3019,'1497008',924,,666,54,0,5,0
3019,'1497012',1024,,670,54,0,5,0
3019,'1497013',1324,,671,54,0,5,0
3019,'1497014',1624,,672,54,0,5,0
3019,'1497016',1124,,674,54,0,5,0
3019,'1497017',1524,,675,54,0,5,0
3019,'1497018',2124,,676,54,0,5,0
3019,'1497019',824,,677,54,0,5,0
3019,'1497021',1224,,679,54,0,5,0
