3019,'1488507',821,,436,11,0,5,0
3019,'1488508',1021,,437,11,0,5,0
3019,'1488511',2051,,438,11,0,5,0
3019,'1488515',2151,,439,11,0,5,0
3019,'1488516',1051,,440,11,0,5,0
3019,'1488519',1621,,441,11,0,5,0
3019,'1488521',2251,,442,11,0,5,0
3019,'1488522',1421,,443,11,0,5,0
3019,'1488523',1851,,444,11,0,5,0
3019,'1488525',1151,,445,11,0,5,0
3019,'1488526',721,,446,11,0,5,0
3019,'1488529',1951,,447,11,0,5,0
3019,'1488531',651,,448,11,0,5,0
3019,'1488533',1721,,449,11,0,5,0
3019,'1488535',1251,,450,11,0,5,0
3019,'1488537',1751,,451,11,0,5,0
3019,'1488538',951,,452,11,0,5,0
3019,'1488539',1221,,453,11,0,5,0
3019,'1488540',1321,,454,11,0,5,0
3019,'1488542',751,,455,11,0,5,0
3019,'1488546',921,,456,11,0,5,0
3019,'1488547',1551,,457,11,0,5,0
3019,'1488548',1351,,458,11,0,5,0
3019,'1488550',1651,,459,11,0,5,0
3019,'1488551',1121,,460,11,0,5,0
3019,'1488552',1451,,461,11,0,5,0
3019,'1488556',1521,,463,11,0,5,0
3019,'1488560',851,,464,11,0,5,0
3019,'1496990',1651,,648,11,0,5,0
3019,'1496992',2151,,650,11,0,5,0
3019,'1496997',1851,,655,11,0,5,0
3019,'1496998',1351,,656,11,0,5,0
3019,'1497000',1951,,658,11,0,5,0
3019,'1497002',2251,,660,11,0,5,0
3019,'1497006',1751,,664,11,0,5,0
3019,'1497007',651,,665,11,0,5,0
3019,'1497008',851,,666,11,0,5,0
3019,'1497012',951,,670,11,0,5,0
3019,'1497013',1251,,671,11,0,5,0
3019,'1497014',1551,,672,11,0,5,0
3019,'1497016',1051,,674,11,0,5,0
3019,'1497017',1451,,675,11,0,5,0
3019,'1497018',2051,,676,11,0,5,0
3019,'1497019',751,,677,11,0,5,0
3019,'1497021',1151,,679,11,0,5,0
