2019,'1496174',1323,,878,125,,,0
2019,'1496175',1453,,879,125,,,0
2019,'1496179',1423,,880,125,,,0
2019,'1496181',1553,,881,125,,,0
2019,'1496183',1053,,882,125,,,0
2019,'1496184',1623,,883,125,,,0
2019,'1496185',1023,,884,125,,,0
2019,'1496187',1223,,885,125,,,0
2019,'1496188',953,,886,125,,,0
2019,'1496189',923,,887,125,,,0
2019,'1496191',1123,,888,125,,,0
2019,'1496194',1653,,889,125,,,0
2019,'1496198',823,,890,125,,,0
2019,'1496200',1823,,891,125,,,0
2019,'1496204',1523,,892,125,,,0
2019,'1496206',1153,,893,125,,,0
2019,'1496208',1253,,894,125,,,0
2019,'1496209',1723,,895,125,,,0
2019,'1496210',1853,,896,125,,,0
2019,'1496211',1753,,897,125,,,0
2019,'1496215',853,,898,125,,,0
2019,'1496216',1353,,899,125,,,0
2019,'1496218',753,,900,125,,,0
2019,'1496219',623,,901,39,,,0
2019,'1496220',653,,902,93,,,0
2019,'1496223',2338,,903,125,,,0
2019,'1496224',1323,,904,125,,,0
2019,'1496225',1453,,905,125,,,0
2019,'1496227',2238,,906,125,,,0
2019,'1496228',1938,,907,125,,,0
2019,'1496232',1423,,908,125,,,0
2019,'1496234',1553,,909,125,,,0
2019,'1496236',1053,,910,125,,,0
2019,'1496237',1623,,911,125,,,0
2019,'1496238',1023,,912,125,,,0
2019,'1496240',1223,,913,125,,,0
2019,'1496242',953,,914,125,,,0
2019,'1496243',923,,915,125,,,0
2019,'1496245',1123,,916,125,,,0
2019,'1496248',1653,,917,125,,,0
2019,'1496253',2138,,918,125,,,0
2019,'1496255',823,,919,125,,,0
2019,'1496257',1823,,920,125,,,0
2019,'1496262',1523,,922,125,,,0
2019,'1496264',1153,,923,125,,,0
2019,'1496266',1253,,924,125,,,0
2019,'1496267',1723,,925,125,,,0
2019,'1496268',1853,,926,125,,,0
2019,'1496269',1753,,927,125,,,0
2019,'1496274',853,,928,125,,,0
2019,'1496275',1353,,929,125,,,0
2019,'1496277',753,,930,125,,,0
2019,'1496278',623,,931,39,,,0
2019,'1496279',653,,932,103,,,0
2019,'1496280',2038,,933,125,,,0
2019,'1496490',1838,,934,125,,,0
2019,'1496491',2238,,935,125,,,0
2019,'1496492',1438,,936,125,,,0
2019,'1496494',1238,,937,125,,,0
2019,'1496495',1538,,938,125,,,0
2019,'1496498',2138,,939,125,,,0
2019,'1496499',838,,940,125,,,0
2019,'1496505',1338,,941,125,,,0
2019,'1496507',2338,,942,125,,,0
2019,'1496510',1638,,943,125,,,0
2019,'1496511',1938,,944,125,,,0
2019,'1496512',1138,,945,125,,,0
2019,'1496516',1038,,946,125,,,0
2019,'1496518',938,,947,125,,,0
2019,'1496520',1738,,948,125,,,0
2019,'1496521',2038,,949,125,,,0
2019,'1496523',738,,950,125,,,0
2019,'1496524',708,,951,93,,,0
2019,'1496594',1838,,953,125,,,0
2019,'1496595',2238,,954,125,,,0
2019,'1496596',1438,,955,125,,,0
2019,'1496598',1238,,956,125,,,0
2019,'1496599',1538,,957,125,,,0
2019,'1496602',2138,,958,125,,,0
2019,'1496603',838,,959,125,,,0
2019,'1496609',1338,,960,125,,,0
2019,'1496613',1638,,961,125,,,0
2019,'1496614',1938,,962,125,,,0
2019,'1496615',1138,,963,125,,,0
2019,'1496619',1038,,964,125,,,0
2019,'1496621',938,,965,125,,,0
2019,'1496623',1738,,966,125,,,0
2019,'1496624',2038,,967,125,,,0
2019,'1496625',808,,968,93,,,0
3019,'1496125',1653,,1056,127,,,0
3019,'1496128',1823,,1059,127,,,0
3019,'1496129',953,,1060,127,,,0
3019,'1496130',823,,1061,127,,,0
3019,'1496131',1723,,1062,127,,,0
3019,'1496133',1253,,1064,127,,,0
3019,'1496134',1223,,1065,127,,,0
3019,'1496136',853,,1067,127,,,0
3019,'1496138',1023,,1069,127,,,0
3019,'1496141',1453,,1072,127,,,0
3019,'1496142',1423,,1073,127,,,0
3019,'1496144',1553,,1075,127,,,0
3019,'1496146',1353,,1077,127,,,0
3019,'1496151',923,,1082,127,,,0
3019,'1496153',1853,,1084,127,,,0
3019,'1496154',1523,,1085,127,,,0
3019,'1496155',1123,,1086,127,,,0
3019,'1496159',1153,,1090,127,,,0
3019,'1496164',1323,,1095,127,,,0
3019,'1496165',1753,,1096,127,,,0
3019,'1496167',1053,,1098,127,,,0
3019,'1496168',1623,,1099,127,,,0
3019,'1496170',623,,1101,37,,,0
3019,'1496171',653,,1102,71,,,0
3019,'1496173',753,,1104,127,,,0
3019,'1496374',1653,,1105,127,,,0
3019,'1496377',1823,,1108,127,,,0
3019,'1496378',2138,,1109,127,,,0
3019,'1496380',953,,1111,127,,,0
3019,'1496381',823,,1112,127,,,0
3019,'1496382',1723,,1113,127,,,0
3019,'1496385',1253,,1116,127,,,0
3019,'1496386',1223,,1117,127,,,0
3019,'1496388',853,,1119,127,,,0
3019,'1496392',1023,,1123,127,,,0
3019,'1496395',2338,,1126,127,,,0
3019,'1496396',1453,,1127,127,,,0
3019,'1496398',1423,,1129,127,,,0
3019,'1496400',1553,,1131,127,,,0
3019,'1496402',1353,,1133,127,,,0
3019,'1496404',2238,,1135,127,,,0
3019,'1496409',923,,1140,127,,,0
3019,'1496411',1853,,1142,127,,,0
3019,'1496412',1523,,1143,127,,,0
3019,'1496413',1123,,1144,127,,,0
3019,'1496417',1153,,1148,127,,,0
3019,'1496422',1323,,1153,127,,,0
3019,'1496423',1753,,1154,127,,,0
3019,'1496425',1053,,1156,127,,,0
3019,'1496426',1623,,1157,127,,,0
3019,'1496427',1938,,1158,127,,,0
3019,'1496430',623,,1161,37,,,0
3019,'1496431',653,,1162,71,,,0
3019,'1496432',2038,,1163,127,,,0
3019,'1496434',753,,1165,127,,,0
3019,'1496453',838,,1166,127,,,0
3019,'1496455',1538,,1168,127,,,0
3019,'1496457',938,,1170,127,,,0
3019,'1496458',1238,,1171,127,,,0
3019,'1496459',2338,,1172,127,,,0
3019,'1496460',1938,,1173,127,,,0
3019,'1496463',1438,,1176,127,,,0
3019,'1496465',2038,,1178,127,,,0
3019,'1496467',1738,,1180,127,,,0
3019,'1496468',1038,,1181,127,,,0
3019,'1496469',1338,,1182,127,,,0
3019,'1496473',2238,,1186,127,,,0
3019,'1496474',1838,,1187,127,,,0
3019,'1496475',1138,,1188,127,,,0
3019,'1496479',1638,,1192,127,,,0
3019,'1496484',2138,,1197,127,,,0
3019,'1496486',708,,1199,71,,,0
3019,'1496488',738,,1201,127,,,0
3019,'1496627',838,,1203,127,,,0
3019,'1496629',1538,,1205,127,,,0
3019,'1496631',938,,1207,127,,,0
3019,'1496632',1238,,1208,127,,,0
3019,'1496633',1938,,1209,127,,,0
3019,'1496636',1438,,1212,127,,,0
3019,'1496638',2038,,1214,127,,,0
3019,'1496640',1738,,1216,127,,,0
3019,'1496641',1038,,1217,127,,,0
3019,'1496642',1338,,1218,127,,,0
3019,'1496645',2238,,1221,127,,,0
3019,'1496646',1838,,1222,127,,,0
3019,'1496647',1138,,1223,127,,,0
3019,'1496651',1638,,1227,127,,,0
3019,'1496656',2138,,1232,127,,,0
3019,'1496658',808,,1234,71,,,0
