2029,'1492022',2007,,280,36,,,0
2029,'1492026',907,,281,36,,,0
2029,'1492029',1407,,282,36,,,0
2029,'1492030',1207,,283,36,,,0
2029,'1492031',1807,,284,36,,,0
2029,'1492033',1237,,285,36,,,0
2029,'1492035',1537,,286,36,,,0
2029,'1492039',937,,287,36,,,0
2029,'1492041',2207,,288,36,,,0
2029,'1492044',807,,289,36,,,0
2029,'1492046',1607,,290,36,,,0
2029,'1492047',1437,,291,36,,,0
2029,'1492049',2306,,292,36,,,0
2029,'1492050',1037,,293,36,,,0
2029,'1492051',707,,294,36,,,0
2029,'1492052',1307,,295,36,,,0
2029,'1492054',1907,,296,36,,,0
2029,'1492056',1637,,297,36,,,0
2029,'1492059',1507,,298,36,,,0
2029,'1492060',1337,,299,36,,,0
2029,'1492061',737,,300,36,,,0
2029,'1492063',1707,,301,36,,,0
2029,'1492065',1007,,302,36,,,0
2029,'1492070',837,,303,36,,,0
2029,'1492071',2107,,304,36,,,0
2029,'1492072',1137,,305,36,,,0
2029,'1492073',1107,,306,36,,,0
2029,'1492076',1737,,307,36,,,0
2029,'1496956',1709,,630,37,,,0
2029,'1496959',1109,,631,37,,,0
2029,'1496960',2209,,632,37,,,0
2029,'1496963',2306,,633,37,,,0
2029,'1496964',1009,,634,37,,,0
2029,'1496965',2009,,635,37,,,0
2029,'1496966',909,,636,37,,,0
2029,'1496967',1509,,637,37,,,0
2029,'1496969',2109,,638,37,,,0
2029,'1496971',1809,,639,37,,,0
2029,'1496972',1209,,640,37,,,0
2029,'1496976',1409,,641,37,,,0
2029,'1496977',809,,642,37,,,0
2029,'1496978',1309,,643,37,,,0
2029,'1496980',1909,,644,37,,,0
2029,'1496982',1609,,645,37,,,0
2029,'1496985',709,,646,37,,,0
