4019,'1491929',635,,525,10,,,0
4019,'1491930',2320,,526,10,,,0
4019,'1491931',1035,,527,10,,,0
4019,'1491932',835,,528,10,,,0
4019,'1491933',2020,,529,10,,,0
4019,'1491934',1635,,530,10,,,0
4019,'1491935',1835,,531,10,,,0
4019,'1491936',2120,,532,10,,,0
4019,'1491937',935,,533,10,,,0
4019,'1491938',1135,,534,10,,,0
4019,'1491939',1920,,535,10,,,0
4019,'1491940',735,,536,10,,,0
4019,'1491941',1535,,537,10,,,0
4019,'1491942',1735,,538,10,,,0
4019,'1491943',1335,,539,10,,,0
4019,'1491944',1435,,540,10,,,0
4019,'1491945',2220,,541,10,,,0
4019,'1491946',1235,,542,10,,,0
4019,'1497026',820,,684,10,,,0
4019,'1497027',720,,685,10,,,0
4019,'1497028',1620,,686,10,,,0
4019,'1497029',2220,,687,10,,,0
4019,'1497030',1720,,688,10,,,0
4019,'1497031',1420,,689,10,,,0
4019,'1497032',2120,,690,10,,,0
4019,'1497033',1020,,691,10,,,0
4019,'1497034',1920,,692,10,,,0
4019,'1497035',1520,,693,10,,,0
4019,'1497036',920,,694,10,,,0
4019,'1497037',1820,,695,10,,,0
4019,'1497038',1320,,696,10,,,0
4019,'1497039',620,,697,10,,,0
4019,'1497040',2020,,698,10,,,0
4019,'1497041',1120,,699,10,,,0
4019,'1497042',1220,,700,10,,,0
4019,'1497043',2320,,701,10,,,0
