2029,'1496221',615,,971,17,,,0
2029,'1496281',615,,972,17,,,0
2029,'1497044',916,,973,54,,,0
2029,'1497045',1416,,974,54,,,0
2029,'1497046',1216,,975,54,,,0
2029,'1497047',1246,,976,54,,,0
2029,'1497048',1546,,977,54,,,0
2029,'1497049',946,,978,54,,,0
2029,'1497050',816,,979,54,,,0
2029,'1497051',1616,,980,54,,,0
2029,'1497052',1446,,981,54,,,0
2029,'1497053',1046,,982,54,,,0
2029,'1497054',716,,983,54,,,0
2029,'1497055',1316,,984,54,,,0
2029,'1497056',1646,,985,54,,,0
2029,'1497057',1516,,986,54,,,0
2029,'1497058',1346,,987,54,,,0
2029,'1497059',746,,988,54,,,0
2029,'1497060',1716,,989,54,,,0
2029,'1497061',1016,,990,54,,,0
2029,'1497062',846,,991,54,,,0
2029,'1497063',1146,,992,54,,,0
2029,'1497064',1116,,993,54,,,0
2029,'1497065',1746,,994,54,,,0
2029,'1497066',2016,,995,54,,,0
2029,'1497067',916,,996,54,,,0
2029,'1497068',1416,,997,54,,,0
2029,'1497069',1216,,998,54,,,0
2029,'1497070',1816,,999,54,,,0
2029,'1497071',1246,,1000,54,,,0
2029,'1497072',1546,,1001,54,,,0
2029,'1497073',946,,1002,54,,,0
2029,'1497074',2216,,1003,54,,,0
2029,'1497075',816,,1004,54,,,0
2029,'1497076',1616,,1005,54,,,0
2029,'1497077',1446,,1006,54,,,0
2029,'1497078',2313,,1007,54,,,0
2029,'1497079',1046,,1008,54,,,0
2029,'1497080',716,,1009,54,,,0
2029,'1497081',1316,,1010,54,,,0
2029,'1497082',1916,,1011,54,,,0
2029,'1497083',1646,,1012,54,,,0
2029,'1497084',1516,,1013,54,,,0
2029,'1497085',1346,,1014,54,,,0
2029,'1497086',746,,1015,54,,,0
2029,'1497087',1716,,1016,54,,,0
2029,'1497088',1016,,1017,54,,,0
2029,'1497089',846,,1018,54,,,0
2029,'1497090',2116,,1019,54,,,0
2029,'1497091',1146,,1020,54,,,0
2029,'1497092',1116,,1021,54,,,0
2029,'1497093',1746,,1022,54,,,0
2029,'1497094',1716,,1023,54,,,0
2029,'1497095',1116,,1024,54,,,0
2029,'1497096',2216,,1025,54,,,0
2029,'1497097',2313,,1026,54,,,0
2029,'1497098',1016,,1027,54,,,0
2029,'1497099',2016,,1028,54,,,0
2029,'1497100',916,,1029,54,,,0
2029,'1497101',1516,,1030,54,,,0
2029,'1497102',2116,,1031,54,,,0
2029,'1497103',1816,,1032,54,,,0
2029,'1497104',1216,,1033,54,,,0
2029,'1497105',1416,,1034,54,,,0
2029,'1497106',816,,1035,54,,,0
2029,'1497107',1316,,1036,54,,,0
2029,'1497108',1916,,1037,54,,,0
2029,'1497109',1616,,1038,54,,,0
2029,'1497110',716,,1039,54,,,0
2029,'1497111',1716,,1040,54,,,0
2029,'1497112',1116,,1041,54,,,0
2029,'1497113',2216,,1042,54,,,0
2029,'1497114',2313,,1043,54,,,0
2029,'1497115',1016,,1044,54,,,0
2029,'1497116',2016,,1045,54,,,0
2029,'1497117',916,,1046,54,,,0
2029,'1497118',1516,,1047,54,,,0
2029,'1497119',2116,,1048,54,,,0
2029,'1497120',1816,,1049,54,,,0
2029,'1497121',1216,,1050,54,,,0
2029,'1497122',1416,,1051,54,,,0
2029,'1497123',816,,1052,54,,,0
2029,'1497124',1316,,1053,54,,,0
2029,'1497125',1916,,1054,54,,,0
2029,'1497126',1616,,1055,54,,,0
