2029,'1492022',2049,,280,102,,,0
2029,'1492026',949,,281,102,,,0
2029,'1492029',1449,,282,102,,,0
2029,'1492030',1249,,283,102,,,0
2029,'1492031',1849,,284,102,,,0
2029,'1492033',1319,,285,102,,,0
2029,'1492035',1619,,286,102,,,0
2029,'1492039',1019,,287,102,,,0
2029,'1492041',2249,,288,102,,,0
2029,'1492044',849,,289,102,,,0
2029,'1492046',1649,,290,102,,,0
2029,'1492047',1519,,291,102,,,0
2029,'1492049',2343,,292,102,,,0
2029,'1492050',1119,,293,102,,,0
2029,'1492051',749,,294,102,,,0
2029,'1492052',1349,,295,102,,,0
2029,'1492054',1949,,296,102,,,0
2029,'1492056',1719,,297,102,,,0
2029,'1492059',1549,,298,102,,,0
2029,'1492060',1419,,299,102,,,0
2029,'1492061',819,,300,102,,,0
2029,'1492063',1749,,301,102,,,0
2029,'1492065',1049,,302,102,,,0
2029,'1492070',919,,303,102,,,0
2029,'1492071',2149,,304,102,,,0
2029,'1492072',1219,,305,102,,,0
2029,'1492073',1149,,306,102,,,0
2029,'1492076',1819,,307,102,,,0
2029,'1492081',649,,308,66,,,0
2029,'1496956',1749,,630,103,,,0
2029,'1496959',1149,,631,103,,,0
2029,'1496960',2249,,632,103,,,0
2029,'1496963',2343,,633,103,,,0
2029,'1496964',1049,,634,103,,,0
2029,'1496965',2049,,635,103,,,0
2029,'1496966',949,,636,103,,,0
2029,'1496967',1549,,637,103,,,0
2029,'1496969',2149,,638,103,,,0
2029,'1496971',1849,,639,103,,,0
2029,'1496972',1249,,640,103,,,0
2029,'1496976',1449,,641,103,,,0
2029,'1496977',849,,642,103,,,0
2029,'1496978',1349,,643,103,,,0
2029,'1496980',1949,,644,103,,,0
2029,'1496982',1649,,645,103,,,0
2029,'1496985',749,,646,103,,,0
