3019,'1488507',847,,436,46,0,5,0
3019,'1488508',1047,,437,46,0,5,0
3019,'1488511',2117,,438,46,0,5,0
3019,'1488515',2217,,439,46,0,5,0
3019,'1488516',1117,,440,46,0,5,0
3019,'1488519',1647,,441,46,0,5,0
3019,'1488521',2313,,442,46,0,5,0
3019,'1488522',1447,,443,46,0,5,0
3019,'1488523',1917,,444,46,0,5,0
3019,'1488525',1217,,445,46,0,5,0
3019,'1488526',747,,446,46,0,5,0
3019,'1488529',2017,,447,46,0,5,0
3019,'1488531',717,,448,46,0,5,0
3019,'1488533',1747,,449,46,0,5,0
3019,'1488535',1317,,450,46,0,5,0
3019,'1488537',1817,,451,46,0,5,0
3019,'1488538',1017,,452,46,0,5,0
3019,'1488539',1247,,453,46,0,5,0
3019,'1488540',1347,,454,46,0,5,0
3019,'1488542',817,,455,46,0,5,0
3019,'1488546',947,,456,46,0,5,0
3019,'1488547',1617,,457,46,0,5,0
3019,'1488548',1417,,458,46,0,5,0
3019,'1488550',1717,,459,46,0,5,0
3019,'1488551',1147,,460,46,0,5,0
3019,'1488552',1517,,461,46,0,5,0
3019,'1488556',1547,,463,46,0,5,0
3019,'1488560',917,,464,46,0,5,0
3019,'1488565',617,,465,13,0,5,0
3019,'1496990',1717,,648,44,0,5,0
3019,'1496992',2217,,650,44,0,5,0
3019,'1496997',1917,,655,44,0,5,0
3019,'1496998',1417,,656,44,0,5,0
3019,'1497000',2017,,658,44,0,5,0
3019,'1497002',2315,,660,44,0,5,0
3019,'1497006',1817,,664,44,0,5,0
3019,'1497007',717,,665,44,0,5,0
3019,'1497008',917,,666,44,0,5,0
3019,'1497012',1017,,670,44,0,5,0
3019,'1497013',1317,,671,44,0,5,0
3019,'1497014',1617,,672,44,0,5,0
3019,'1497016',1117,,674,44,0,5,0
3019,'1497017',1517,,675,44,0,5,0
3019,'1497018',2117,,676,44,0,5,0
3019,'1497019',817,,677,44,0,5,0
3019,'1497021',1217,,679,44,0,5,0
