3019,'1488507',904,,436,70,0,5,0
3019,'1488508',1104,,437,70,0,5,0
3019,'1488511',2134,,438,70,0,5,0
3019,'1488515',2234,,439,70,0,5,0
3019,'1488516',1134,,440,70,0,5,0
3019,'1488519',1704,,441,70,0,5,0
3019,'1488521',2327,,442,70,0,5,0
3019,'1488522',1504,,443,70,0,5,0
3019,'1488523',1934,,444,70,0,5,0
3019,'1488525',1234,,445,70,0,5,0
3019,'1488526',804,,446,70,0,5,0
3019,'1488529',2034,,447,70,0,5,0
3019,'1488531',734,,448,70,0,5,0
3019,'1488533',1804,,449,70,0,5,0
3019,'1488535',1334,,450,70,0,5,0
3019,'1488537',1834,,451,70,0,5,0
3019,'1488538',1034,,452,70,0,5,0
3019,'1488539',1304,,453,70,0,5,0
3019,'1488540',1404,,454,70,0,5,0
3019,'1488542',834,,455,70,0,5,0
3019,'1488546',1004,,456,70,0,5,0
3019,'1488547',1634,,457,70,0,5,0
3019,'1488548',1434,,458,70,0,5,0
3019,'1488550',1734,,459,70,0,5,0
3019,'1488551',1204,,460,70,0,5,0
3019,'1488552',1534,,461,70,0,5,0
3019,'1488556',1604,,463,70,0,5,0
3019,'1488560',934,,464,70,0,5,0
3019,'1488565',634,,465,37,0,5,0
3019,'1496990',1734,,648,68,0,5,0
3019,'1496992',2234,,650,68,0,5,0
3019,'1496997',1934,,655,68,0,5,0
3019,'1496998',1434,,656,68,0,5,0
3019,'1497000',2034,,658,68,0,5,0
3019,'1497002',2327,,660,68,0,5,0
3019,'1497006',1834,,664,68,0,5,0
3019,'1497007',734,,665,68,0,5,0
3019,'1497008',934,,666,68,0,5,0
3019,'1497012',1034,,670,68,0,5,0
3019,'1497013',1334,,671,68,0,5,0
3019,'1497014',1634,,672,68,0,5,0
3019,'1497016',1134,,674,68,0,5,0
3019,'1497017',1534,,675,68,0,5,0
3019,'1497018',2134,,676,68,0,5,0
3019,'1497019',834,,677,68,0,5,0
3019,'1497021',1234,,679,68,0,5,0
