3019,'1496125',1614,,1056,74,,,0
3019,'1496128',1744,,1059,74,,,0
3019,'1496129',914,,1060,74,,,0
3019,'1496130',744,,1061,74,,,0
3019,'1496131',1644,,1062,74,,,0
3019,'1496133',1214,,1064,74,,,0
3019,'1496134',1144,,1065,74,,,0
3019,'1496136',814,,1067,74,,,0
3019,'1496138',944,,1069,74,,,0
3019,'1496141',1414,,1072,74,,,0
3019,'1496142',1344,,1073,74,,,0
3019,'1496144',1514,,1075,74,,,0
3019,'1496146',1314,,1077,74,,,0
3019,'1496151',844,,1082,74,,,0
3019,'1496153',1814,,1084,74,,,0
3019,'1496154',1444,,1085,74,,,0
3019,'1496155',1044,,1086,74,,,0
3019,'1496159',1114,,1090,74,,,0
3019,'1496164',1244,,1095,74,,,0
3019,'1496165',1714,,1096,74,,,0
3019,'1496167',1014,,1098,74,,,0
3019,'1496168',1544,,1099,74,,,0
3019,'1496171',614,,1102,18,,,0
3019,'1496173',714,,1104,74,,,0
3019,'1496374',1614,,1105,74,,,0
3019,'1496377',1744,,1108,74,,,0
3019,'1496378',2059,,1109,74,,,0
3019,'1496380',914,,1111,74,,,0
3019,'1496381',744,,1112,74,,,0
3019,'1496382',1644,,1113,74,,,0
3019,'1496385',1214,,1116,74,,,0
3019,'1496386',1144,,1117,74,,,0
3019,'1496388',814,,1119,74,,,0
3019,'1496392',944,,1123,74,,,0
3019,'1496395',2259,,1126,74,,,0
3019,'1496396',1414,,1127,74,,,0
3019,'1496398',1344,,1129,74,,,0
3019,'1496400',1514,,1131,74,,,0
3019,'1496402',1314,,1133,74,,,0
3019,'1496404',2159,,1135,74,,,0
3019,'1496409',844,,1140,74,,,0
3019,'1496411',1814,,1142,74,,,0
3019,'1496412',1444,,1143,74,,,0
3019,'1496413',1044,,1144,74,,,0
3019,'1496417',1114,,1148,74,,,0
3019,'1496422',1244,,1153,74,,,0
3019,'1496423',1714,,1154,74,,,0
3019,'1496425',1014,,1156,74,,,0
3019,'1496426',1544,,1157,74,,,0
3019,'1496427',1859,,1158,74,,,0
3019,'1496431',614,,1162,18,,,0
3019,'1496432',1959,,1163,74,,,0
3019,'1496434',714,,1165,74,,,0
3019,'1496453',759,,1166,74,,,0
3019,'1496455',1459,,1168,74,,,0
3019,'1496457',859,,1170,74,,,0
3019,'1496458',1159,,1171,74,,,0
3019,'1496459',2259,,1172,74,,,0
3019,'1496460',1859,,1173,74,,,0
3019,'1496463',1359,,1176,74,,,0
3019,'1496465',1959,,1178,74,,,0
3019,'1496467',1659,,1180,74,,,0
3019,'1496468',959,,1181,74,,,0
3019,'1496469',1259,,1182,74,,,0
3019,'1496473',2159,,1186,74,,,0
3019,'1496474',1759,,1187,74,,,0
3019,'1496475',1059,,1188,74,,,0
3019,'1496479',1559,,1192,74,,,0
3019,'1496484',2059,,1197,74,,,0
3019,'1496486',629,,1199,18,,,0
3019,'1496488',659,,1201,74,,,0
3019,'1496627',759,,1203,74,,,0
3019,'1496629',1459,,1205,74,,,0
3019,'1496631',859,,1207,74,,,0
3019,'1496632',1159,,1208,74,,,0
3019,'1496633',1859,,1209,74,,,0
3019,'1496636',1359,,1212,74,,,0
3019,'1496638',1959,,1214,74,,,0
3019,'1496640',1659,,1216,74,,,0
3019,'1496641',959,,1217,74,,,0
3019,'1496642',1259,,1218,74,,,0
3019,'1496645',2159,,1221,74,,,0
3019,'1496646',1759,,1222,74,,,0
3019,'1496647',1059,,1223,74,,,0
3019,'1496651',1559,,1227,74,,,0
3019,'1496656',2059,,1232,74,,,0
3019,'1496658',729,,1234,18,,,0
