3019,'1488507',837,,436,34,0,5,0
3019,'1488508',1037,,437,34,0,5,0
3019,'1488511',2107,,438,34,0,5,0
3019,'1488515',2207,,439,34,0,5,0
3019,'1488516',1107,,440,34,0,5,0
3019,'1488519',1637,,441,34,0,5,0
3019,'1488521',2306,,442,34,0,5,0
3019,'1488522',1437,,443,34,0,5,0
3019,'1488523',1907,,444,34,0,5,0
3019,'1488525',1207,,445,34,0,5,0
3019,'1488526',737,,446,34,0,5,0
3019,'1488529',2007,,447,34,0,5,0
3019,'1488531',707,,448,34,0,5,0
3019,'1488533',1737,,449,34,0,5,0
3019,'1488535',1307,,450,34,0,5,0
3019,'1488537',1807,,451,34,0,5,0
3019,'1488538',1007,,452,34,0,5,0
3019,'1488539',1237,,453,34,0,5,0
3019,'1488540',1337,,454,34,0,5,0
3019,'1488542',807,,455,34,0,5,0
3019,'1488546',937,,456,34,0,5,0
3019,'1488547',1607,,457,34,0,5,0
3019,'1488548',1407,,458,34,0,5,0
3019,'1488550',1707,,459,34,0,5,0
3019,'1488551',1137,,460,34,0,5,0
3019,'1488552',1507,,461,34,0,5,0
3019,'1488556',1537,,463,34,0,5,0
3019,'1488560',907,,464,34,0,5,0
3019,'1488565',607,,465,1,0,5,0
3019,'1491899',1626,,370,92,,,0
3019,'1491900',1756,,371,92,,,0
3019,'1491901',2111,,372,92,,,0
3019,'1491902',926,,373,92,,,0
3019,'1491903',756,,374,92,,,0
3019,'1491904',1656,,375,92,,,0
3019,'1491905',1226,,376,92,,,0
3019,'1491906',1156,,377,92,,,0
3019,'1491907',826,,378,92,,,0
3019,'1491908',956,,379,92,,,0
3019,'1491909',2311,,380,92,,,0
3019,'1491910',1426,,381,92,,,0
3019,'1491911',1356,,382,92,,,0
3019,'1491912',1526,,383,92,,,0
3019,'1491913',1326,,384,92,,,0
3019,'1491914',2211,,385,92,,,0
3019,'1491915',856,,386,92,,,0
3019,'1491916',1826,,387,92,,,0
3019,'1491917',1456,,388,92,,,0
3019,'1491918',1056,,389,92,,,0
3019,'1491919',1126,,390,92,,,0
3019,'1491920',1256,,391,92,,,0
3019,'1491921',1726,,392,92,,,0
3019,'1491922',1026,,393,92,,,0
3019,'1491923',1556,,394,92,,,0
3019,'1491924',1911,,395,92,,,0
3019,'1491926',556,,397,1,,,0
3019,'1491927',626,,398,35,,,0
3019,'1491928',2011,,399,92,,,0
3019,'1492021',726,,400,92,,,0
3019,'1496989',811,,647,91,,,0
3019,'1496990',1707,,648,32,0,5,0
3019,'1496991',1511,,649,91,,,0
3019,'1496992',2207,,650,32,0,5,0
3019,'1496993',911,,651,91,,,0
3019,'1496994',1211,,652,91,,,0
3019,'1496995',2311,,653,91,,,0
3019,'1496996',1911,,654,91,,,0
3019,'1496997',1907,,655,32,0,5,0
3019,'1496998',1407,,656,32,0,5,0
3019,'1496999',1411,,657,91,,,0
3019,'1497000',2007,,658,32,0,5,0
3019,'1497001',2011,,659,91,,,0
3019,'1497002',2306,,660,32,0,5,0
3019,'1497003',1711,,661,91,,,0
3019,'1497004',1011,,662,91,,,0
3019,'1497005',1311,,663,91,,,0
3019,'1497006',1807,,664,32,0,5,0
3019,'1497007',707,,665,32,0,5,0
3019,'1497008',907,,666,32,0,5,0
3019,'1497009',2211,,667,91,,,0
3019,'1497010',1811,,668,91,,,0
3019,'1497011',1111,,669,91,,,0
3019,'1497012',1007,,670,32,0,5,0
3019,'1497013',1307,,671,32,0,5,0
3019,'1497014',1607,,672,32,0,5,0
3019,'1497015',1611,,673,91,,,0
3019,'1497016',1107,,674,32,0,5,0
3019,'1497017',1507,,675,32,0,5,0
3019,'1497018',2107,,676,32,0,5,0
3019,'1497019',807,,677,32,0,5,0
3019,'1497020',2111,,678,91,,,0
3019,'1497021',1207,,679,32,0,5,0
3019,'1497022',641,,680,35,,,0
3019,'1497024',711,,682,91,,,0
