2029,'1492022',2013,,280,48,,,0
2029,'1492026',913,,281,48,,,0
2029,'1492029',1413,,282,48,,,0
2029,'1492030',1213,,283,48,,,0
2029,'1492031',1813,,284,48,,,0
2029,'1492033',1243,,285,48,,,0
2029,'1492035',1543,,286,48,,,0
2029,'1492039',943,,287,48,,,0
2029,'1492041',2213,,288,48,,,0
2029,'1492044',813,,289,48,,,0
2029,'1492046',1613,,290,48,,,0
2029,'1492047',1443,,291,48,,,0
2029,'1492049',2311,,292,48,,,0
2029,'1492050',1043,,293,48,,,0
2029,'1492051',713,,294,48,,,0
2029,'1492052',1313,,295,48,,,0
2029,'1492054',1913,,296,48,,,0
2029,'1492056',1643,,297,48,,,0
2029,'1492059',1513,,298,48,,,0
2029,'1492060',1343,,299,48,,,0
2029,'1492061',743,,300,48,,,0
2029,'1492063',1713,,301,48,,,0
2029,'1492065',1013,,302,48,,,0
2029,'1492070',843,,303,48,,,0
2029,'1492071',2113,,304,48,,,0
2029,'1492072',1143,,305,48,,,0
2029,'1492073',1113,,306,48,,,0
2029,'1492076',1743,,307,48,,,0
2029,'1492081',613,,308,12,,,0
2029,'1496956',1713,,630,49,,,0
2029,'1496959',1113,,631,49,,,0
2029,'1496960',2213,,632,49,,,0
2029,'1496963',2311,,633,49,,,0
2029,'1496964',1013,,634,49,,,0
2029,'1496965',2013,,635,49,,,0
2029,'1496966',913,,636,49,,,0
2029,'1496967',1513,,637,49,,,0
2029,'1496969',2113,,638,49,,,0
2029,'1496971',1813,,639,49,,,0
2029,'1496972',1213,,640,49,,,0
2029,'1496976',1413,,641,49,,,0
2029,'1496977',813,,642,49,,,0
2029,'1496978',1313,,643,49,,,0
2029,'1496980',1913,,644,49,,,0
2029,'1496982',1613,,645,49,,,0
2029,'1496985',713,,646,49,,,0
