2019,'1492023',2230,,191,22,,,0
2019,'1492024',1215,,192,22,,,0
2019,'1492025',1345,,193,22,,,0
2019,'1492027',2130,,194,22,,,0
2019,'1492028',1830,,195,22,,,0
2019,'1492032',1315,,196,22,,,0
2019,'1492034',1445,,197,22,,,0
2019,'1492036',945,,198,22,,,0
2019,'1492037',1515,,199,22,,,0
2019,'1492038',915,,200,22,,,0
2019,'1492040',1115,,201,22,,,0
2019,'1492042',845,,202,22,,,0
2019,'1492043',815,,203,22,,,0
2019,'1492045',1015,,204,22,,,0
2019,'1492048',1545,,205,22,,,0
2019,'1492053',2030,,206,22,,,0
2019,'1492055',715,,207,22,,,0
2019,'1492057',1715,,208,22,,,0
2019,'1492058',2328,,209,22,,,0
2019,'1492062',1415,,210,22,,,0
2019,'1492064',1045,,211,22,,,0
2019,'1492066',1145,,212,22,,,0
2019,'1492067',1615,,213,22,,,0
2019,'1492068',1745,,214,22,,,0
2019,'1492069',1645,,215,22,,,0
2019,'1492074',745,,216,22,,,0
2019,'1492075',1245,,217,22,,,0
2019,'1492077',645,,218,22,,,0
2019,'1492080',1930,,221,22,,,0
2019,'1496953',1730,,611,22,,,0
2019,'1496954',2130,,612,22,,,0
2019,'1496955',1330,,613,22,,,0
2019,'1496957',1130,,614,22,,,0
2019,'1496958',1430,,615,22,,,0
2019,'1496961',2030,,616,22,,,0
2019,'1496962',730,,617,22,,,0
2019,'1496968',1230,,618,22,,,0
2019,'1496970',2230,,619,22,,,0
2019,'1496973',1530,,620,22,,,0
2019,'1496974',1830,,621,22,,,0
2019,'1496975',1030,,622,22,,,0
2019,'1496979',930,,623,22,,,0
2019,'1496981',830,,624,22,,,0
2019,'1496983',1630,,625,22,,,0
2019,'1496984',1930,,626,22,,,0
2019,'1496986',630,,627,22,,,0
2019,'1496988',2328,,629,22,,,0
3019,'1491899',1611,,370,72,,,0
3019,'1491900',1741,,371,72,,,0
3019,'1491901',2056,,372,72,,,0
3019,'1491902',911,,373,72,,,0
3019,'1491903',741,,374,72,,,0
3019,'1491904',1641,,375,72,,,0
3019,'1491905',1211,,376,72,,,0
3019,'1491906',1141,,377,72,,,0
3019,'1491907',811,,378,72,,,0
3019,'1491908',941,,379,72,,,0
3019,'1491909',2256,,380,72,,,0
3019,'1491910',1411,,381,72,,,0
3019,'1491911',1341,,382,72,,,0
3019,'1491912',1511,,383,72,,,0
3019,'1491913',1311,,384,72,,,0
3019,'1491914',2156,,385,72,,,0
3019,'1491915',841,,386,72,,,0
3019,'1491916',1811,,387,72,,,0
3019,'1491917',1441,,388,72,,,0
3019,'1491918',1041,,389,72,,,0
3019,'1491919',1111,,390,72,,,0
3019,'1491920',1241,,391,72,,,0
3019,'1491921',1711,,392,72,,,0
3019,'1491922',1011,,393,72,,,0
3019,'1491923',1541,,394,72,,,0
3019,'1491924',1856,,395,72,,,0
3019,'1491925',2351,,396,72,,,0
3019,'1491927',611,,398,15,,,0
3019,'1491928',1956,,399,72,,,0
3019,'1492021',711,,400,72,,,0
3019,'1496989',756,,647,71,,,0
3019,'1496991',1456,,649,71,,,0
3019,'1496993',856,,651,71,,,0
3019,'1496994',1156,,652,71,,,0
3019,'1496995',2256,,653,71,,,0
3019,'1496996',1856,,654,71,,,0
3019,'1496999',1356,,657,71,,,0
3019,'1497001',1956,,659,71,,,0
3019,'1497003',1656,,661,71,,,0
3019,'1497004',956,,662,71,,,0
3019,'1497005',1256,,663,71,,,0
3019,'1497009',2156,,667,71,,,0
3019,'1497010',1756,,668,71,,,0
3019,'1497011',1056,,669,71,,,0
3019,'1497015',1556,,673,71,,,0
3019,'1497020',2056,,678,71,,,0
3019,'1497022',626,,680,15,,,0
3019,'1497023',2351,,681,71,,,0
3019,'1497024',656,,682,71,,,0
