8019,'1496053',1817,,1304,19,,,0
8019,'1496054',1117,,1305,19,,,0
8019,'1496055',1417,,1306,19,,,0
8019,'1496056',1017,,1307,19,,,0
8019,'1496057',1517,,1308,19,,,0
8019,'1496058',817,,1309,19,,,0
8019,'1496059',1717,,1310,19,,,0
8019,'1496060',917,,1311,19,,,0
8019,'1496061',717,,1312,19,,,0
8019,'1496062',1617,,1313,19,,,0
8019,'1496063',1317,,1314,19,,,0
8019,'1496064',1217,,1315,19,,,0
8019,'1496282',1817,,1316,19,,,0
8019,'1496283',1117,,1317,19,,,0
8019,'1496284',1417,,1318,19,,,0
8019,'1496285',1017,,1319,19,,,0
8019,'1496286',1517,,1320,19,,,0
8019,'1496287',817,,1321,19,,,0
8019,'1496288',1717,,1322,19,,,0
8019,'1496289',917,,1323,19,,,0
8019,'1496290',717,,1324,19,,,0
8019,'1496291',1617,,1325,19,,,0
8019,'1496292',1317,,1326,19,,,0
8019,'1496293',1217,,1327,19,,,0
