3019,'1488507',916,,436,92,0,5,0
3019,'1488508',1116,,437,92,0,5,0
3019,'1488511',2146,,438,92,0,5,0
3019,'1488515',2246,,439,92,0,5,0
3019,'1488516',1146,,440,92,0,5,0
3019,'1488519',1716,,441,92,0,5,0
3019,'1488521',2337,,442,92,0,5,0
3019,'1488522',1516,,443,92,0,5,0
3019,'1488523',1946,,444,92,0,5,0
3019,'1488525',1246,,445,92,0,5,0
3019,'1488526',816,,446,92,0,5,0
3019,'1488529',2046,,447,92,0,5,0
3019,'1488531',746,,448,92,0,5,0
3019,'1488533',1816,,449,92,0,5,0
3019,'1488535',1346,,450,92,0,5,0
3019,'1488537',1846,,451,92,0,5,0
3019,'1488538',1046,,452,92,0,5,0
3019,'1488539',1316,,453,92,0,5,0
3019,'1488540',1416,,454,92,0,5,0
3019,'1488542',846,,455,92,0,5,0
3019,'1488546',1016,,456,92,0,5,0
3019,'1488547',1646,,457,92,0,5,0
3019,'1488548',1446,,458,92,0,5,0
3019,'1488550',1746,,459,92,0,5,0
3019,'1488551',1216,,460,92,0,5,0
3019,'1488552',1546,,461,92,0,5,0
3019,'1488553',616,,462,12,0,5,0
3019,'1488556',1616,,463,92,0,5,0
3019,'1488560',946,,464,92,0,5,0
3019,'1488565',646,,465,59,0,5,0
3019,'1496990',1746,,648,90,0,5,0
3019,'1496992',2246,,650,90,0,5,0
3019,'1496997',1946,,655,90,0,5,0
3019,'1496998',1446,,656,90,0,5,0
3019,'1497000',2046,,658,90,0,5,0
3019,'1497002',2337,,660,90,0,5,0
3019,'1497006',1846,,664,90,0,5,0
3019,'1497007',746,,665,90,0,5,0
3019,'1497008',946,,666,90,0,5,0
3019,'1497012',1046,,670,90,0,5,0
3019,'1497013',1346,,671,90,0,5,0
3019,'1497014',1646,,672,90,0,5,0
3019,'1497016',1146,,674,90,0,5,0
3019,'1497017',1546,,675,90,0,5,0
3019,'1497018',2146,,676,90,0,5,0
3019,'1497019',846,,677,90,0,5,0
3019,'1497021',1246,,679,90,0,5,0
3019,'1497025',619,,683,12,0,5,0
