3019,'1488507',906,,436,74,0,5,0
3019,'1488508',1106,,437,74,0,5,0
3019,'1488511',2136,,438,74,0,5,0
3019,'1488515',2236,,439,74,0,5,0
3019,'1488516',1136,,440,74,0,5,0
3019,'1488519',1706,,441,74,0,5,0
3019,'1488521',2329,,442,74,0,5,0
3019,'1488522',1506,,443,74,0,5,0
3019,'1488523',1936,,444,74,0,5,0
3019,'1488525',1236,,445,74,0,5,0
3019,'1488526',806,,446,74,0,5,0
3019,'1488529',2036,,447,74,0,5,0
3019,'1488531',736,,448,74,0,5,0
3019,'1488533',1806,,449,74,0,5,0
3019,'1488535',1336,,450,74,0,5,0
3019,'1488537',1836,,451,74,0,5,0
3019,'1488538',1036,,452,74,0,5,0
3019,'1488539',1306,,453,74,0,5,0
3019,'1488540',1406,,454,74,0,5,0
3019,'1488542',836,,455,74,0,5,0
3019,'1488546',1006,,456,74,0,5,0
3019,'1488547',1636,,457,74,0,5,0
3019,'1488548',1436,,458,74,0,5,0
3019,'1488550',1736,,459,74,0,5,0
3019,'1488551',1206,,460,74,0,5,0
3019,'1488552',1536,,461,74,0,5,0
3019,'1488556',1606,,463,74,0,5,0
3019,'1488560',936,,464,74,0,5,0
3019,'1488565',636,,465,41,0,5,0
3019,'1496990',1736,,648,72,0,5,0
3019,'1496992',2236,,650,72,0,5,0
3019,'1496997',1936,,655,72,0,5,0
3019,'1496998',1436,,656,72,0,5,0
3019,'1497000',2036,,658,72,0,5,0
3019,'1497002',2329,,660,72,0,5,0
3019,'1497006',1836,,664,72,0,5,0
3019,'1497007',736,,665,72,0,5,0
3019,'1497008',936,,666,72,0,5,0
3019,'1497012',1036,,670,72,0,5,0
3019,'1497013',1336,,671,72,0,5,0
3019,'1497014',1636,,672,72,0,5,0
3019,'1497016',1136,,674,72,0,5,0
3019,'1497017',1536,,675,72,0,5,0
3019,'1497018',2136,,676,72,0,5,0
3019,'1497019',836,,677,72,0,5,0
3019,'1497021',1236,,679,72,0,5,0
