4019,'1491929',651,,525,32,,,0
4019,'1491930',2333,,526,32,,,0
4019,'1491931',1051,,527,32,,,0
4019,'1491932',851,,528,32,,,0
4019,'1491933',2036,,529,32,,,0
4019,'1491934',1651,,530,32,,,0
4019,'1491935',1851,,531,32,,,0
4019,'1491936',2136,,532,32,,,0
4019,'1491937',951,,533,32,,,0
4019,'1491938',1151,,534,32,,,0
4019,'1491939',1936,,535,32,,,0
4019,'1491940',751,,536,32,,,0
4019,'1491941',1551,,537,32,,,0
4019,'1491942',1751,,538,32,,,0
4019,'1491943',1351,,539,32,,,0
4019,'1491944',1451,,540,32,,,0
4019,'1491945',2236,,541,32,,,0
4019,'1491946',1251,,542,32,,,0
4019,'1497026',836,,684,32,,,0
4019,'1497027',736,,685,32,,,0
4019,'1497028',1636,,686,32,,,0
4019,'1497029',2236,,687,32,,,0
4019,'1497030',1736,,688,32,,,0
4019,'1497031',1436,,689,32,,,0
4019,'1497032',2136,,690,32,,,0
4019,'1497033',1036,,691,32,,,0
4019,'1497034',1936,,692,32,,,0
4019,'1497035',1536,,693,32,,,0
4019,'1497036',936,,694,32,,,0
4019,'1497037',1836,,695,32,,,0
4019,'1497038',1336,,696,32,,,0
4019,'1497039',636,,697,32,,,0
4019,'1497040',2036,,698,32,,,0
4019,'1497041',1136,,699,32,,,0
4019,'1497042',1236,,700,32,,,0
4019,'1497043',2333,,701,32,,,0
