1029,'1491948',1431,,124,24,,,0
1029,'1491949',1531,,125,24,,,0
1029,'1491951',1631,,126,24,,,0
1029,'1491953',731,,127,24,,,0
1029,'1491954',2101,,128,24,,,0
1029,'1491958',1031,,129,24,,,0
1029,'1491963',2001,,130,24,,,0
1029,'1491964',901,,131,24,,,0
1029,'1491965',1701,,132,24,,,0
1029,'1491966',1601,,133,24,,,0
1029,'1491970',1801,,134,24,,,0
1029,'1491971',1201,,135,24,,,0
1029,'1491972',1231,,136,24,,,0
1029,'1491973',1401,,137,24,,,0
1029,'1491974',1001,,138,24,,,0
1029,'1491976',701,,139,24,,,0
1029,'1491978',1831,,140,24,,,0
1029,'1491979',1731,,141,24,,,0
1029,'1491983',1331,,142,24,,,0
1029,'1491986',931,,143,24,,,0
1029,'1491987',2201,,144,24,,,0
1029,'1491989',1131,,145,24,,,0
1029,'1491991',2301,,146,24,,,0
1029,'1491993',831,,147,24,,,0
1029,'1491996',801,,148,24,,,0
1029,'1492000',1501,,149,24,,,0
1029,'1492001',1301,,150,24,,,0
1029,'1492003',1101,,151,24,,,0
1029,'1492008',1901,,153,24,,,0
1029,'1496919',1859,,594,24,,,0
1029,'1496920',2059,,595,24,,,0
1029,'1496925',1759,,596,24,,,0
1029,'1496926',2159,,597,24,,,0
1029,'1496927',1259,,598,24,,,0
1029,'1496929',1059,,599,24,,,0
1029,'1496931',959,,600,24,,,0
1029,'1496932',1959,,601,24,,,0
1029,'1496934',659,,602,24,,,0
1029,'1496936',2259,,603,24,,,0
1029,'1496937',1459,,604,24,,,0
1029,'1496939',1559,,605,24,,,0
1029,'1496942',759,,606,24,,,0
1029,'1496943',1159,,607,24,,,0
1029,'1496944',859,,608,24,,,0
1029,'1496947',1659,,609,24,,,0
1029,'1496948',1359,,610,24,,,0
