2029,'1496221',611,,971,9,,,0
2029,'1496281',611,,972,9,,,0
2029,'1497044',912,,973,46,,,0
2029,'1497045',1412,,974,46,,,0
2029,'1497046',1212,,975,46,,,0
2029,'1497047',1242,,976,46,,,0
2029,'1497048',1542,,977,46,,,0
2029,'1497049',942,,978,46,,,0
2029,'1497050',812,,979,46,,,0
2029,'1497051',1612,,980,46,,,0
2029,'1497052',1442,,981,46,,,0
2029,'1497053',1042,,982,46,,,0
2029,'1497054',712,,983,46,,,0
2029,'1497055',1312,,984,46,,,0
2029,'1497056',1642,,985,46,,,0
2029,'1497057',1512,,986,46,,,0
2029,'1497058',1342,,987,46,,,0
2029,'1497059',742,,988,46,,,0
2029,'1497060',1712,,989,46,,,0
2029,'1497061',1012,,990,46,,,0
2029,'1497062',842,,991,46,,,0
2029,'1497063',1142,,992,46,,,0
2029,'1497064',1112,,993,46,,,0
2029,'1497065',1742,,994,46,,,0
2029,'1497066',2012,,995,46,,,0
2029,'1497067',912,,996,46,,,0
2029,'1497068',1412,,997,46,,,0
2029,'1497069',1212,,998,46,,,0
2029,'1497070',1812,,999,46,,,0
2029,'1497071',1242,,1000,46,,,0
2029,'1497072',1542,,1001,46,,,0
2029,'1497073',942,,1002,46,,,0
2029,'1497074',2212,,1003,46,,,0
2029,'1497075',812,,1004,46,,,0
2029,'1497076',1612,,1005,46,,,0
2029,'1497077',1442,,1006,46,,,0
2029,'1497078',2310,,1007,46,,,0
2029,'1497079',1042,,1008,46,,,0
2029,'1497080',712,,1009,46,,,0
2029,'1497081',1312,,1010,46,,,0
2029,'1497082',1912,,1011,46,,,0
2029,'1497083',1642,,1012,46,,,0
2029,'1497084',1512,,1013,46,,,0
2029,'1497085',1342,,1014,46,,,0
2029,'1497086',742,,1015,46,,,0
2029,'1497087',1712,,1016,46,,,0
2029,'1497088',1012,,1017,46,,,0
2029,'1497089',842,,1018,46,,,0
2029,'1497090',2112,,1019,46,,,0
2029,'1497091',1142,,1020,46,,,0
2029,'1497092',1112,,1021,46,,,0
2029,'1497093',1742,,1022,46,,,0
2029,'1497094',1712,,1023,46,,,0
2029,'1497095',1112,,1024,46,,,0
2029,'1497096',2212,,1025,46,,,0
2029,'1497097',2310,,1026,46,,,0
2029,'1497098',1012,,1027,46,,,0
2029,'1497099',2012,,1028,46,,,0
2029,'1497100',912,,1029,46,,,0
2029,'1497101',1512,,1030,46,,,0
2029,'1497102',2112,,1031,46,,,0
2029,'1497103',1812,,1032,46,,,0
2029,'1497104',1212,,1033,46,,,0
2029,'1497105',1412,,1034,46,,,0
2029,'1497106',812,,1035,46,,,0
2029,'1497107',1312,,1036,46,,,0
2029,'1497108',1912,,1037,46,,,0
2029,'1497109',1612,,1038,46,,,0
2029,'1497110',712,,1039,46,,,0
2029,'1497111',1712,,1040,46,,,0
2029,'1497112',1112,,1041,46,,,0
2029,'1497113',2212,,1042,46,,,0
2029,'1497114',2310,,1043,46,,,0
2029,'1497115',1012,,1044,46,,,0
2029,'1497116',2012,,1045,46,,,0
2029,'1497117',912,,1046,46,,,0
2029,'1497118',1512,,1047,46,,,0
2029,'1497119',2112,,1048,46,,,0
2029,'1497120',1812,,1049,46,,,0
2029,'1497121',1212,,1050,46,,,0
2029,'1497122',1412,,1051,46,,,0
2029,'1497123',812,,1052,46,,,0
2029,'1497124',1312,,1053,46,,,0
2029,'1497125',1912,,1054,46,,,0
2029,'1497126',1612,,1055,46,,,0
