2029,'1488850',622,,970,9,,,0
2029,'1496221',651,,971,69,,,0
2029,'1496281',651,,972,69,,,0
2029,'1497044',952,,973,106,,,0
2029,'1497045',1452,,974,106,,,0
2029,'1497046',1252,,975,106,,,0
2029,'1497047',1322,,976,106,,,0
2029,'1497048',1622,,977,106,,,0
2029,'1497049',1022,,978,106,,,0
2029,'1497050',852,,979,106,,,0
2029,'1497051',1652,,980,106,,,0
2029,'1497052',1522,,981,106,,,0
2029,'1497053',1122,,982,106,,,0
2029,'1497054',752,,983,106,,,0
2029,'1497055',1352,,984,106,,,0
2029,'1497056',1722,,985,106,,,0
2029,'1497057',1552,,986,106,,,0
2029,'1497058',1422,,987,106,,,0
2029,'1497059',822,,988,106,,,0
2029,'1497060',1752,,989,106,,,0
2029,'1497061',1052,,990,106,,,0
2029,'1497062',922,,991,106,,,0
2029,'1497063',1222,,992,106,,,0
2029,'1497064',1152,,993,106,,,0
2029,'1497065',1822,,994,106,,,0
2029,'1497066',2052,,995,106,,,0
2029,'1497067',952,,996,106,,,0
2029,'1497068',1452,,997,106,,,0
2029,'1497069',1252,,998,106,,,0
2029,'1497070',1852,,999,106,,,0
2029,'1497071',1322,,1000,106,,,0
2029,'1497072',1622,,1001,106,,,0
2029,'1497073',1022,,1002,106,,,0
2029,'1497074',2252,,1003,106,,,0
2029,'1497075',852,,1004,106,,,0
2029,'1497076',1652,,1005,106,,,0
2029,'1497077',1522,,1006,106,,,0
2029,'1497078',2345,,1007,106,,,0
2029,'1497079',1122,,1008,106,,,0
2029,'1497080',752,,1009,106,,,0
2029,'1497081',1352,,1010,106,,,0
2029,'1497082',1952,,1011,106,,,0
2029,'1497083',1722,,1012,106,,,0
2029,'1497084',1552,,1013,106,,,0
2029,'1497085',1422,,1014,106,,,0
2029,'1497086',822,,1015,106,,,0
2029,'1497087',1752,,1016,106,,,0
2029,'1497088',1052,,1017,106,,,0
2029,'1497089',922,,1018,106,,,0
2029,'1497090',2152,,1019,106,,,0
2029,'1497091',1222,,1020,106,,,0
2029,'1497092',1152,,1021,106,,,0
2029,'1497093',1822,,1022,106,,,0
2029,'1497094',1752,,1023,106,,,0
2029,'1497095',1152,,1024,106,,,0
2029,'1497096',2252,,1025,106,,,0
2029,'1497097',2345,,1026,106,,,0
2029,'1497098',1052,,1027,106,,,0
2029,'1497099',2052,,1028,106,,,0
2029,'1497100',952,,1029,106,,,0
2029,'1497101',1552,,1030,106,,,0
2029,'1497102',2152,,1031,106,,,0
2029,'1497103',1852,,1032,106,,,0
2029,'1497104',1252,,1033,106,,,0
2029,'1497105',1452,,1034,106,,,0
2029,'1497106',852,,1035,106,,,0
2029,'1497107',1352,,1036,106,,,0
2029,'1497108',1952,,1037,106,,,0
2029,'1497109',1652,,1038,106,,,0
2029,'1497110',752,,1039,106,,,0
2029,'1497111',1752,,1040,106,,,0
2029,'1497112',1152,,1041,106,,,0
2029,'1497113',2252,,1042,106,,,0
2029,'1497114',2345,,1043,106,,,0
2029,'1497115',1052,,1044,106,,,0
2029,'1497116',2052,,1045,106,,,0
2029,'1497117',952,,1046,106,,,0
2029,'1497118',1552,,1047,106,,,0
2029,'1497119',2152,,1048,106,,,0
2029,'1497120',1852,,1049,106,,,0
2029,'1497121',1252,,1050,106,,,0
2029,'1497122',1452,,1051,106,,,0
2029,'1497123',852,,1052,106,,,0
2029,'1497124',1352,,1053,106,,,0
2029,'1497125',1952,,1054,106,,,0
2029,'1497126',1652,,1055,106,,,0
