1019,'1491950',720,,37,23,,,0
1019,'1491952',820,,38,23,,,0
1019,'1491955',1550,,39,23,,,0
1019,'1491956',2135,,40,23,,,0
1019,'1491957',1650,,41,23,,,0
1019,'1491959',750,,42,23,,,0
1019,'1491960',1450,,43,23,,,0
1019,'1491961',1250,,44,23,,,0
1019,'1491962',1820,,45,23,,,0
1019,'1491967',1350,,46,23,,,0
1019,'1491968',1935,,47,23,,,0
1019,'1491969',2035,,48,23,,,0
1019,'1491975',1050,,49,23,,,0
1019,'1491977',1320,,50,23,,,0
1019,'1491980',850,,51,23,,,0
1019,'1491981',1150,,52,23,,,0
1019,'1491982',950,,53,23,,,0
1019,'1491984',2334,,54,23,,,0
1019,'1491985',1750,,55,23,,,0
1019,'1491988',1020,,56,23,,,0
1019,'1491990',920,,57,23,,,0
1019,'1491992',2235,,58,23,,,0
1019,'1491994',1420,,59,23,,,0
1019,'1491995',1520,,60,23,,,0
1019,'1491997',650,,61,23,,,0
1019,'1491998',1220,,62,23,,,0
1019,'1491999',1120,,63,23,,,0
1019,'1492002',1720,,64,23,,,0
1019,'1492004',1620,,65,23,,,0
1019,'1492007',1850,,67,23,,,0
1019,'1496918',1335,,576,24,,,0
1019,'1496921',1935,,577,24,,,0
1019,'1496922',735,,578,24,,,0
1019,'1496923',635,,579,24,,,0
1019,'1496924',2035,,580,24,,,0
1019,'1496928',1035,,581,24,,,0
1019,'1496930',1435,,582,24,,,0
1019,'1496933',1635,,583,24,,,0
1019,'1496935',1135,,584,24,,,0
1019,'1496938',2135,,585,24,,,0
1019,'1496940',1535,,586,24,,,0
1019,'1496941',1735,,587,24,,,0
1019,'1496945',935,,588,24,,,0
1019,'1496946',835,,589,24,,,0
1019,'1496949',1235,,590,24,,,0
1019,'1496950',1835,,591,24,,,0
1019,'1496951',2334,,592,24,,,0
1019,'1496952',2235,,593,24,,,0
1029,'1491948',1458,,124,55,,,0
1029,'1491949',1558,,125,55,,,0
1029,'1491951',1658,,126,55,,,0
1029,'1491953',758,,127,55,,,0
1029,'1491954',2128,,128,55,,,0
1029,'1491958',1058,,129,55,,,0
1029,'1491963',2028,,130,55,,,0
1029,'1491964',928,,131,55,,,0
1029,'1491965',1728,,132,55,,,0
1029,'1491966',1628,,133,55,,,0
1029,'1491970',1828,,134,55,,,0
1029,'1491971',1228,,135,55,,,0
1029,'1491972',1258,,136,55,,,0
1029,'1491973',1428,,137,55,,,0
1029,'1491974',1028,,138,55,,,0
1029,'1491976',728,,139,55,,,0
1029,'1491978',1858,,140,55,,,0
1029,'1491979',1758,,141,55,,,0
1029,'1491983',1358,,142,55,,,0
1029,'1491986',958,,143,55,,,0
1029,'1491987',2228,,144,55,,,0
1029,'1491989',1158,,145,55,,,0
1029,'1491991',2328,,146,55,,,0
1029,'1491993',858,,147,55,,,0
1029,'1491996',828,,148,55,,,0
1029,'1492000',1528,,149,55,,,0
1029,'1492001',1328,,150,55,,,0
1029,'1492003',1128,,151,55,,,0
1029,'1492006',628,,152,10,,,0
1029,'1492008',1928,,153,55,,,0
1029,'1496919',1926,,594,55,,,0
1029,'1496920',2126,,595,55,,,0
1029,'1496925',1826,,596,55,,,0
1029,'1496926',2226,,597,55,,,0
1029,'1496927',1326,,598,55,,,0
1029,'1496929',1126,,599,55,,,0
1029,'1496931',1026,,600,55,,,0
1029,'1496932',2026,,601,55,,,0
1029,'1496934',726,,602,55,,,0
1029,'1496936',2326,,603,55,,,0
1029,'1496937',1526,,604,55,,,0
1029,'1496939',1626,,605,55,,,0
1029,'1496942',826,,606,55,,,0
1029,'1496943',1226,,607,55,,,0
1029,'1496944',926,,608,55,,,0
1029,'1496947',1726,,609,55,,,0
1029,'1496948',1426,,610,55,,,0
2019,'1492023',2253,,191,50,,,0
2019,'1492024',1238,,192,50,,,0
2019,'1492025',1408,,193,50,,,0
2019,'1492027',2153,,194,50,,,0
2019,'1492028',1853,,195,50,,,0
2019,'1492032',1338,,196,50,,,0
2019,'1492034',1508,,197,50,,,0
2019,'1492036',1008,,198,50,,,0
2019,'1492037',1538,,199,50,,,0
2019,'1492038',938,,200,50,,,0
2019,'1492040',1138,,201,50,,,0
2019,'1492042',908,,202,50,,,0
2019,'1492043',838,,203,50,,,0
2019,'1492045',1038,,204,50,,,0
2019,'1492048',1608,,205,50,,,0
2019,'1492053',2053,,206,50,,,0
2019,'1492055',738,,207,50,,,0
2019,'1492057',1738,,208,50,,,0
2019,'1492058',2349,,209,50,,,0
2019,'1492062',1438,,210,50,,,0
2019,'1492064',1108,,211,50,,,0
2019,'1492066',1208,,212,50,,,0
2019,'1492067',1638,,213,50,,,0
2019,'1492068',1808,,214,50,,,0
2019,'1492069',1708,,215,50,,,0
2019,'1492074',808,,216,50,,,0
2019,'1492075',1308,,217,50,,,0
2019,'1492077',708,,218,50,,,0
2019,'1492079',608,,220,28,,,0
2019,'1492080',1953,,221,50,,,0
2019,'1496953',1751,,611,51,,,0
2019,'1496954',2151,,612,51,,,0
2019,'1496955',1351,,613,51,,,0
2019,'1496957',1151,,614,51,,,0
2019,'1496958',1451,,615,51,,,0
2019,'1496961',2051,,616,51,,,0
2019,'1496962',751,,617,51,,,0
2019,'1496968',1251,,618,51,,,0
2019,'1496970',2251,,619,51,,,0
2019,'1496973',1551,,620,51,,,0
2019,'1496974',1851,,621,51,,,0
2019,'1496975',1051,,622,51,,,0
2019,'1496979',951,,623,51,,,0
2019,'1496981',851,,624,51,,,0
2019,'1496983',1651,,625,51,,,0
2019,'1496984',1951,,626,51,,,0
2019,'1496986',651,,627,51,,,0
2019,'1496987',621,,628,19,,,0
2019,'1496988',2349,,629,51,,,0
