2029,'1492022',2017,,280,55,,,0
2029,'1492026',917,,281,55,,,0
2029,'1492029',1417,,282,55,,,0
2029,'1492030',1217,,283,55,,,0
2029,'1492031',1817,,284,55,,,0
2029,'1492033',1247,,285,55,,,0
2029,'1492035',1547,,286,55,,,0
2029,'1492039',947,,287,55,,,0
2029,'1492041',2217,,288,55,,,0
2029,'1492044',817,,289,55,,,0
2029,'1492046',1617,,290,55,,,0
2029,'1492047',1447,,291,55,,,0
2029,'1492049',2314,,292,55,,,0
2029,'1492050',1047,,293,55,,,0
2029,'1492051',717,,294,55,,,0
2029,'1492052',1317,,295,55,,,0
2029,'1492054',1917,,296,55,,,0
2029,'1492056',1647,,297,55,,,0
2029,'1492059',1517,,298,55,,,0
2029,'1492060',1347,,299,55,,,0
2029,'1492061',747,,300,55,,,0
2029,'1492063',1717,,301,55,,,0
2029,'1492065',1017,,302,55,,,0
2029,'1492070',847,,303,55,,,0
2029,'1492071',2117,,304,55,,,0
2029,'1492072',1147,,305,55,,,0
2029,'1492073',1117,,306,55,,,0
2029,'1492076',1747,,307,55,,,0
2029,'1492081',617,,308,19,,,0
2029,'1496956',1717,,630,56,,,0
2029,'1496959',1117,,631,56,,,0
2029,'1496960',2217,,632,56,,,0
2029,'1496963',2314,,633,56,,,0
2029,'1496964',1017,,634,56,,,0
2029,'1496965',2017,,635,56,,,0
2029,'1496966',917,,636,56,,,0
2029,'1496967',1517,,637,56,,,0
2029,'1496969',2117,,638,56,,,0
2029,'1496971',1817,,639,56,,,0
2029,'1496972',1217,,640,56,,,0
2029,'1496976',1417,,641,56,,,0
2029,'1496977',817,,642,56,,,0
2029,'1496978',1317,,643,56,,,0
2029,'1496980',1917,,644,56,,,0
2029,'1496982',1617,,645,56,,,0
2029,'1496985',717,,646,56,,,0
