2029,'1492022',2033,,280,78,,,0
2029,'1492026',933,,281,78,,,0
2029,'1492029',1433,,282,78,,,0
2029,'1492030',1233,,283,78,,,0
2029,'1492031',1833,,284,78,,,0
2029,'1492033',1303,,285,78,,,0
2029,'1492035',1603,,286,78,,,0
2029,'1492039',1003,,287,78,,,0
2029,'1492041',2233,,288,78,,,0
2029,'1492044',833,,289,78,,,0
2029,'1492046',1633,,290,78,,,0
2029,'1492047',1503,,291,78,,,0
2029,'1492049',2330,,292,78,,,0
2029,'1492050',1103,,293,78,,,0
2029,'1492051',733,,294,78,,,0
2029,'1492052',1333,,295,78,,,0
2029,'1492054',1933,,296,78,,,0
2029,'1492056',1703,,297,78,,,0
2029,'1492059',1533,,298,78,,,0
2029,'1492060',1403,,299,78,,,0
2029,'1492061',803,,300,78,,,0
2029,'1492063',1733,,301,78,,,0
2029,'1492065',1033,,302,78,,,0
2029,'1492070',903,,303,78,,,0
2029,'1492071',2133,,304,78,,,0
2029,'1492072',1203,,305,78,,,0
2029,'1492073',1133,,306,78,,,0
2029,'1492076',1803,,307,78,,,0
2029,'1492081',633,,308,42,,,0
2029,'1496956',1733,,630,79,,,0
2029,'1496959',1133,,631,79,,,0
2029,'1496960',2233,,632,79,,,0
2029,'1496963',2330,,633,79,,,0
2029,'1496964',1033,,634,79,,,0
2029,'1496965',2033,,635,79,,,0
2029,'1496966',933,,636,79,,,0
2029,'1496967',1533,,637,79,,,0
2029,'1496969',2133,,638,79,,,0
2029,'1496971',1833,,639,79,,,0
2029,'1496972',1233,,640,79,,,0
2029,'1496976',1433,,641,79,,,0
2029,'1496977',833,,642,79,,,0
2029,'1496978',1333,,643,79,,,0
2029,'1496980',1933,,644,79,,,0
2029,'1496982',1633,,645,79,,,0
2029,'1496985',733,,646,79,,,0
3019,'1488507',834,,436,29,0,5,0
3019,'1488508',1034,,437,29,0,5,0
3019,'1488511',2104,,438,29,0,5,0
3019,'1488515',2204,,439,29,0,5,0
3019,'1488516',1104,,440,29,0,5,0
3019,'1488519',1634,,441,29,0,5,0
3019,'1488521',2304,,442,29,0,5,0
3019,'1488522',1434,,443,29,0,5,0
3019,'1488523',1904,,444,29,0,5,0
3019,'1488525',1204,,445,29,0,5,0
3019,'1488526',734,,446,29,0,5,0
3019,'1488529',2004,,447,29,0,5,0
3019,'1488531',704,,448,29,0,5,0
3019,'1488533',1734,,449,29,0,5,0
3019,'1488535',1304,,450,29,0,5,0
3019,'1488537',1804,,451,29,0,5,0
3019,'1488538',1004,,452,29,0,5,0
3019,'1488539',1234,,453,29,0,5,0
3019,'1488540',1334,,454,29,0,5,0
3019,'1488542',804,,455,29,0,5,0
3019,'1488546',934,,456,29,0,5,0
3019,'1488547',1604,,457,29,0,5,0
3019,'1488548',1404,,458,29,0,5,0
3019,'1488550',1704,,459,29,0,5,0
3019,'1488551',1134,,460,29,0,5,0
3019,'1488552',1504,,461,29,0,5,0
3019,'1488556',1534,,463,29,0,5,0
3019,'1488560',904,,464,29,0,5,0
3019,'1491899',1622,,370,87,,,0
3019,'1491900',1752,,371,87,,,0
3019,'1491901',2107,,372,87,,,0
3019,'1491902',922,,373,87,,,0
3019,'1491903',752,,374,87,,,0
3019,'1491904',1652,,375,87,,,0
3019,'1491905',1222,,376,87,,,0
3019,'1491906',1152,,377,87,,,0
3019,'1491907',822,,378,87,,,0
3019,'1491908',952,,379,87,,,0
3019,'1491909',2307,,380,87,,,0
3019,'1491910',1422,,381,87,,,0
3019,'1491911',1352,,382,87,,,0
3019,'1491912',1522,,383,87,,,0
3019,'1491913',1322,,384,87,,,0
3019,'1491914',2207,,385,87,,,0
3019,'1491915',852,,386,87,,,0
3019,'1491916',1822,,387,87,,,0
3019,'1491917',1452,,388,87,,,0
3019,'1491918',1052,,389,87,,,0
3019,'1491919',1122,,390,87,,,0
3019,'1491920',1252,,391,87,,,0
3019,'1491921',1722,,392,87,,,0
3019,'1491922',1022,,393,87,,,0
3019,'1491923',1552,,394,87,,,0
3019,'1491924',1907,,395,87,,,0
3019,'1491927',622,,398,30,,,0
3019,'1491928',2007,,399,87,,,0
3019,'1492021',722,,400,87,,,0
3019,'1496989',807,,647,86,,,0
3019,'1496990',1704,,648,28,0,5,0
3019,'1496991',1507,,649,86,,,0
3019,'1496992',2204,,650,28,0,5,0
3019,'1496993',907,,651,86,,,0
3019,'1496994',1207,,652,86,,,0
3019,'1496995',2307,,653,86,,,0
3019,'1496996',1907,,654,86,,,0
3019,'1496997',1904,,655,28,0,5,0
3019,'1496998',1404,,656,28,0,5,0
3019,'1496999',1407,,657,86,,,0
3019,'1497000',2004,,658,28,0,5,0
3019,'1497001',2007,,659,86,,,0
3019,'1497002',2304,,660,28,0,5,0
3019,'1497003',1707,,661,86,,,0
3019,'1497004',1007,,662,86,,,0
3019,'1497005',1307,,663,86,,,0
3019,'1497006',1804,,664,28,0,5,0
3019,'1497007',704,,665,28,0,5,0
3019,'1497008',904,,666,28,0,5,0
3019,'1497009',2207,,667,86,,,0
3019,'1497010',1807,,668,86,,,0
3019,'1497011',1107,,669,86,,,0
3019,'1497012',1004,,670,28,0,5,0
3019,'1497013',1304,,671,28,0,5,0
3019,'1497014',1604,,672,28,0,5,0
3019,'1497015',1607,,673,86,,,0
3019,'1497016',1104,,674,28,0,5,0
3019,'1497017',1504,,675,28,0,5,0
3019,'1497018',2104,,676,28,0,5,0
3019,'1497019',804,,677,28,0,5,0
3019,'1497020',2107,,678,86,,,0
3019,'1497021',1204,,679,28,0,5,0
3019,'1497022',637,,680,30,,,0
3019,'1497024',707,,682,86,,,0
