2019,'1492023',2237,,191,33,,,0
2019,'1492024',1222,,192,33,,,0
2019,'1492025',1352,,193,33,,,0
2019,'1492027',2137,,194,33,,,0
2019,'1492028',1837,,195,33,,,0
2019,'1492032',1322,,196,33,,,0
2019,'1492034',1452,,197,33,,,0
2019,'1492036',952,,198,33,,,0
2019,'1492037',1522,,199,33,,,0
2019,'1492038',922,,200,33,,,0
2019,'1492040',1122,,201,33,,,0
2019,'1492042',852,,202,33,,,0
2019,'1492043',822,,203,33,,,0
2019,'1492045',1022,,204,33,,,0
2019,'1492048',1552,,205,33,,,0
2019,'1492053',2037,,206,33,,,0
2019,'1492055',722,,207,33,,,0
2019,'1492057',1722,,208,33,,,0
2019,'1492058',2335,,209,33,,,0
2019,'1492062',1422,,210,33,,,0
2019,'1492064',1052,,211,33,,,0
2019,'1492066',1152,,212,33,,,0
2019,'1492067',1622,,213,33,,,0
2019,'1492068',1752,,214,33,,,0
2019,'1492069',1652,,215,33,,,0
2019,'1492074',752,,216,33,,,0
2019,'1492075',1252,,217,33,,,0
2019,'1492077',652,,218,33,,,0
2019,'1492079',552,,220,11,,,0
2019,'1492080',1937,,221,33,,,0
2019,'1496953',1737,,611,33,,,0
2019,'1496954',2137,,612,33,,,0
2019,'1496955',1337,,613,33,,,0
2019,'1496957',1137,,614,33,,,0
2019,'1496958',1437,,615,33,,,0
2019,'1496961',2037,,616,33,,,0
2019,'1496962',737,,617,33,,,0
2019,'1496968',1237,,618,33,,,0
2019,'1496970',2237,,619,33,,,0
2019,'1496973',1537,,620,33,,,0
2019,'1496974',1837,,621,33,,,0
2019,'1496975',1037,,622,33,,,0
2019,'1496979',937,,623,33,,,0
2019,'1496981',837,,624,33,,,0
2019,'1496983',1637,,625,33,,,0
2019,'1496984',1937,,626,33,,,0
2019,'1496986',637,,627,33,,,0
2019,'1496987',607,,628,1,,,0
2019,'1496988',2336,,629,33,,,0
