1019,'1496918',1410,,576,76,,,0
1019,'1496921',2010,,577,76,,,0
1019,'1496922',810,,578,76,,,0
1019,'1496923',710,,579,76,,,0
1019,'1496924',2110,,580,76,,,0
1019,'1496928',1110,,581,76,,,0
1019,'1496930',1510,,582,76,,,0
1019,'1496933',1710,,583,76,,,0
1019,'1496935',1210,,584,76,,,0
1019,'1496938',2210,,585,76,,,0
1019,'1496940',1610,,586,76,,,0
1019,'1496941',1810,,587,76,,,0
1019,'1496945',1010,,588,76,,,0
1019,'1496946',910,,589,76,,,0
1019,'1496949',1310,,590,76,,,0
1019,'1496950',1910,,591,76,,,0
1019,'1496951',2400,,592,76,,,0
1019,'1496952',2310,,593,76,,,0
2029,'1492022',2110,,280,129,,,0
2029,'1492026',1010,,281,129,,,0
2029,'1492029',1510,,282,129,,,0
2029,'1492030',1310,,283,129,,,0
2029,'1492031',1910,,284,129,,,0
2029,'1492033',1340,,285,129,,,0
2029,'1492035',1640,,286,129,,,0
2029,'1492039',1040,,287,129,,,0
2029,'1492041',2310,,288,129,,,0
2029,'1492044',910,,289,129,,,0
2029,'1492046',1710,,290,129,,,0
2029,'1492047',1540,,291,129,,,0
2029,'1492049',2400,,292,129,,,0
2029,'1492050',1140,,293,129,,,0
2029,'1492051',810,,294,129,,,0
2029,'1492052',1410,,295,129,,,0
2029,'1492054',2010,,296,129,,,0
2029,'1492056',1740,,297,129,,,0
2029,'1492059',1610,,298,129,,,0
2029,'1492060',1440,,299,129,,,0
2029,'1492061',840,,300,129,,,0
2029,'1492063',1810,,301,129,,,0
2029,'1492065',1110,,302,129,,,0
2029,'1492070',940,,303,129,,,0
2029,'1492071',2210,,304,129,,,0
2029,'1492072',1240,,305,129,,,0
2029,'1492073',1210,,306,129,,,0
2029,'1492076',1840,,307,129,,,0
2029,'1492081',710,,308,93,,,0
2029,'1496956',1810,,630,130,,,0
2029,'1496959',1210,,631,130,,,0
2029,'1496960',2310,,632,130,,,0
2029,'1496963',2400,,633,130,,,0
2029,'1496964',1110,,634,130,,,0
2029,'1496965',2110,,635,130,,,0
2029,'1496966',1010,,636,130,,,0
2029,'1496967',1610,,637,130,,,0
2029,'1496969',2210,,638,130,,,0
2029,'1496971',1910,,639,130,,,0
2029,'1496972',1310,,640,130,,,0
2029,'1496976',1510,,641,130,,,0
2029,'1496977',910,,642,130,,,0
2029,'1496978',1410,,643,130,,,0
2029,'1496980',2010,,644,130,,,0
2029,'1496982',1710,,645,130,,,0
2029,'1496985',810,,646,130,,,0
3019,'1488507',940,,436,138,0,5,0
3019,'1488508',1140,,437,138,0,5,0
3019,'1488511',2210,,438,138,0,5,0
3019,'1488515',2310,,439,138,0,5,0
3019,'1488516',1210,,440,138,0,5,0
3019,'1488519',1740,,441,138,0,5,0
3019,'1488521',2400,,442,138,0,5,0
3019,'1488522',1540,,443,138,0,5,0
3019,'1488523',2010,,444,138,0,5,0
3019,'1488525',1310,,445,138,0,5,0
3019,'1488526',840,,446,138,0,5,0
3019,'1488529',2110,,447,138,0,5,0
3019,'1488531',810,,448,138,0,5,0
3019,'1488533',1840,,449,138,0,5,0
3019,'1488535',1410,,450,138,0,5,0
3019,'1488537',1910,,451,138,0,5,0
3019,'1488538',1110,,452,138,0,5,0
3019,'1488539',1340,,453,138,0,5,0
3019,'1488540',1440,,454,138,0,5,0
3019,'1488542',910,,455,138,0,5,0
3019,'1488546',1040,,456,138,0,5,0
3019,'1488547',1710,,457,138,0,5,0
3019,'1488548',1510,,458,138,0,5,0
3019,'1488550',1810,,459,138,0,5,0
3019,'1488551',1240,,460,138,0,5,0
3019,'1488552',1610,,461,138,0,5,0
3019,'1488553',640,,462,58,0,5,0
3019,'1488556',1640,,463,138,0,5,0
3019,'1488560',1010,,464,138,0,5,0
3019,'1488565',710,,465,105,0,5,0
3019,'1496990',1810,,648,135,0,5,0
3019,'1496992',2310,,650,135,0,5,0
3019,'1496997',2010,,655,135,0,5,0
3019,'1496998',1510,,656,135,0,5,0
3019,'1497000',2110,,658,135,0,5,0
3019,'1497002',2400,,660,135,0,5,0
3019,'1497006',1910,,664,135,0,5,0
3019,'1497007',810,,665,135,0,5,0
3019,'1497008',1010,,666,135,0,5,0
3019,'1497012',1110,,670,135,0,5,0
3019,'1497013',1410,,671,135,0,5,0
3019,'1497014',1710,,672,135,0,5,0
3019,'1497016',1210,,674,135,0,5,0
3019,'1497017',1610,,675,135,0,5,0
3019,'1497018',2210,,676,135,0,5,0
3019,'1497019',910,,677,135,0,5,0
3019,'1497021',1310,,679,135,0,5,0
3019,'1497025',640,,683,57,0,5,0
