1029,'1496065',1437,,792,34,,,0
1029,'1496066',1537,,793,34,,,0
1029,'1496068',1637,,794,34,,,0
1029,'1496070',737,,795,34,,,0
1029,'1496073',1037,,796,34,,,0
1029,'1496077',907,,797,34,,,0
1029,'1496078',1707,,798,34,,,0
1029,'1496079',1607,,799,34,,,0
1029,'1496081',1207,,800,34,,,0
1029,'1496082',1237,,801,34,,,0
1029,'1496083',1407,,802,34,,,0
1029,'1496084',1007,,803,34,,,0
1029,'1496086',707,,804,34,,,0
1029,'1496088',1737,,805,34,,,0
1029,'1496092',1337,,806,34,,,0
1029,'1496094',937,,807,34,,,0
1029,'1496096',1137,,808,34,,,0
1029,'1496098',837,,809,34,,,0
1029,'1496101',807,,810,34,,,0
1029,'1496105',1507,,811,34,,,0
1029,'1496106',1307,,812,34,,,0
1029,'1496108',1107,,813,34,,,0
1029,'1496294',1437,,815,34,,,0
1029,'1496295',1537,,816,34,,,0
1029,'1496297',1637,,817,34,,,0
1029,'1496299',737,,818,34,,,0
1029,'1496300',2107,,819,34,,,0
1029,'1496304',1037,,820,34,,,0
1029,'1496309',2007,,821,34,,,0
1029,'1496310',907,,822,34,,,0
1029,'1496311',1707,,823,34,,,0
1029,'1496312',1607,,824,34,,,0
1029,'1496316',1807,,825,34,,,0
1029,'1496317',1207,,826,34,,,0
1029,'1496318',1237,,827,34,,,0
1029,'1496319',1407,,828,34,,,0
1029,'1496320',1007,,829,34,,,0
1029,'1496322',707,,830,34,,,0
1029,'1496324',1837,,831,34,,,0
1029,'1496325',1737,,832,34,,,0
1029,'1496329',1337,,833,34,,,0
1029,'1496332',937,,834,34,,,0
1029,'1496333',2207,,835,34,,,0
1029,'1496335',1137,,836,34,,,0
1029,'1496337',2307,,837,34,,,0
1029,'1496339',837,,838,34,,,0
1029,'1496342',807,,839,34,,,0
1029,'1496346',1507,,840,34,,,0
1029,'1496347',1307,,841,34,,,0
1029,'1496349',1107,,842,34,,,0
1029,'1496354',1907,,844,34,,,0
1029,'1496527',1907,,845,34,,,0
1029,'1496528',2107,,846,34,,,0
1029,'1496533',1807,,847,34,,,0
1029,'1496534',2207,,848,34,,,0
1029,'1496535',1307,,849,34,,,0
1029,'1496537',1107,,850,34,,,0
1029,'1496539',1007,,851,34,,,0
1029,'1496540',2007,,852,34,,,0
1029,'1496542',707,,853,34,,,0
1029,'1496544',2307,,854,34,,,0
1029,'1496545',1507,,855,34,,,0
1029,'1496547',1607,,856,34,,,0
1029,'1496550',807,,857,34,,,0
1029,'1496551',1207,,858,34,,,0
1029,'1496552',907,,859,34,,,0
1029,'1496555',1707,,860,34,,,0
1029,'1496556',1407,,861,34,,,0
1029,'1496562',1907,,862,34,,,0
1029,'1496563',2107,,863,34,,,0
1029,'1496567',1807,,864,34,,,0
1029,'1496568',2207,,865,34,,,0
1029,'1496569',1307,,866,34,,,0
1029,'1496571',1107,,867,34,,,0
1029,'1496573',1007,,868,34,,,0
1029,'1496574',2007,,869,34,,,0
1029,'1496577',2307,,870,34,,,0
1029,'1496578',1507,,871,34,,,0
1029,'1496580',1607,,872,34,,,0
1029,'1496583',807,,873,34,,,0
1029,'1496584',1207,,874,34,,,0
1029,'1496585',907,,875,34,,,0
1029,'1496588',1707,,876,34,,,0
1029,'1496589',1407,,877,34,,,0
