3019,'1491899',1617,,370,81,,,0
3019,'1491900',1747,,371,81,,,0
3019,'1491901',2102,,372,81,,,0
3019,'1491902',917,,373,81,,,0
3019,'1491903',747,,374,81,,,0
3019,'1491904',1647,,375,81,,,0
3019,'1491905',1217,,376,81,,,0
3019,'1491906',1147,,377,81,,,0
3019,'1491907',817,,378,81,,,0
3019,'1491908',947,,379,81,,,0
3019,'1491909',2302,,380,81,,,0
3019,'1491910',1417,,381,81,,,0
3019,'1491911',1347,,382,81,,,0
3019,'1491912',1517,,383,81,,,0
3019,'1491913',1317,,384,81,,,0
3019,'1491914',2202,,385,81,,,0
3019,'1491915',847,,386,81,,,0
3019,'1491916',1817,,387,81,,,0
3019,'1491917',1447,,388,81,,,0
3019,'1491918',1047,,389,81,,,0
3019,'1491919',1117,,390,81,,,0
3019,'1491920',1247,,391,81,,,0
3019,'1491921',1717,,392,81,,,0
3019,'1491922',1017,,393,81,,,0
3019,'1491923',1547,,394,81,,,0
3019,'1491924',1902,,395,81,,,0
3019,'1491927',617,,398,24,,,0
3019,'1491928',2002,,399,81,,,0
3019,'1492021',717,,400,81,,,0
3019,'1496989',802,,647,80,,,0
3019,'1496991',1502,,649,80,,,0
3019,'1496993',902,,651,80,,,0
3019,'1496994',1202,,652,80,,,0
3019,'1496995',2302,,653,80,,,0
3019,'1496996',1902,,654,80,,,0
3019,'1496999',1402,,657,80,,,0
3019,'1497001',2002,,659,80,,,0
3019,'1497003',1702,,661,80,,,0
3019,'1497004',1002,,662,80,,,0
3019,'1497005',1302,,663,80,,,0
3019,'1497009',2202,,667,80,,,0
3019,'1497010',1802,,668,80,,,0
3019,'1497011',1102,,669,80,,,0
3019,'1497015',1602,,673,80,,,0
3019,'1497020',2102,,678,80,,,0
3019,'1497022',632,,680,24,,,0
3019,'1497024',702,,682,80,,,0
