3019,'1496126',920,,1057,95,0,5,0
3019,'1496127',1120,,1058,95,0,5,0
3019,'1496132',1150,,1063,95,0,5,0
3019,'1496135',1720,,1066,95,0,5,0
3019,'1496137',1520,,1068,95,0,5,0
3019,'1496139',1250,,1070,95,0,5,0
3019,'1496140',820,,1071,95,0,5,0
3019,'1496143',750,,1074,95,0,5,0
3019,'1496145',1820,,1076,95,0,5,0
3019,'1496147',1350,,1078,95,0,5,0
3019,'1496148',1050,,1079,95,0,5,0
3019,'1496149',1320,,1080,95,0,5,0
3019,'1496150',1420,,1081,95,0,5,0
3019,'1496152',850,,1083,95,0,5,0
3019,'1496156',1020,,1087,95,0,5,0
3019,'1496157',1650,,1088,95,0,5,0
3019,'1496158',1450,,1089,95,0,5,0
3019,'1496160',1750,,1091,95,0,5,0
3019,'1496161',1220,,1092,95,0,5,0
3019,'1496162',1550,,1093,95,0,5,0
3019,'1496163',620,,1094,17,0,5,0
3019,'1496166',1620,,1097,95,0,5,0
3019,'1496169',950,,1100,95,0,5,0
3019,'1496172',650,,1103,64,0,5,0
3019,'1496375',920,,1106,95,0,5,0
3019,'1496376',1120,,1107,95,0,5,0
3019,'1496379',2150,,1110,95,0,5,0
3019,'1496383',2250,,1114,95,0,5,0
3019,'1496384',1150,,1115,95,0,5,0
3019,'1496387',1720,,1118,95,0,5,0
3019,'1496389',2341,,1120,95,0,5,0
3019,'1496390',1520,,1121,95,0,5,0
3019,'1496391',1950,,1122,95,0,5,0
3019,'1496393',1250,,1124,95,0,5,0
3019,'1496394',820,,1125,95,0,5,0
3019,'1496397',2050,,1128,95,0,5,0
3019,'1496399',750,,1130,95,0,5,0
3019,'1496401',1820,,1132,95,0,5,0
3019,'1496403',1350,,1134,95,0,5,0
3019,'1496405',1850,,1136,95,0,5,0
3019,'1496406',1050,,1137,95,0,5,0
3019,'1496407',1320,,1138,95,0,5,0
3019,'1496408',1420,,1139,95,0,5,0
3019,'1496410',850,,1141,95,0,5,0
3019,'1496414',1020,,1145,95,0,5,0
3019,'1496415',1650,,1146,95,0,5,0
3019,'1496416',1450,,1147,95,0,5,0
3019,'1496418',1750,,1149,95,0,5,0
3019,'1496419',1220,,1150,95,0,5,0
3019,'1496420',1550,,1151,95,0,5,0
3019,'1496421',620,,1152,17,0,5,0
3019,'1496424',1620,,1155,95,0,5,0
3019,'1496428',950,,1159,95,0,5,0
3019,'1496433',650,,1164,64,0,5,0
3019,'1496454',1750,,1167,95,0,5,0
3019,'1496456',2250,,1169,95,0,5,0
3019,'1496461',1950,,1174,95,0,5,0
3019,'1496462',1450,,1175,95,0,5,0
3019,'1496464',2050,,1177,95,0,5,0
3019,'1496466',2341,,1179,95,0,5,0
3019,'1496470',1850,,1183,95,0,5,0
3019,'1496471',750,,1184,95,0,5,0
3019,'1496472',950,,1185,95,0,5,0
3019,'1496476',1050,,1189,95,0,5,0
3019,'1496477',1350,,1190,95,0,5,0
3019,'1496478',1650,,1191,95,0,5,0
3019,'1496480',1150,,1193,95,0,5,0
3019,'1496481',1550,,1194,95,0,5,0
3019,'1496482',2150,,1195,95,0,5,0
3019,'1496483',850,,1196,95,0,5,0
3019,'1496485',1250,,1198,95,0,5,0
3019,'1496489',622,,1202,17,0,5,0
3019,'1496628',1750,,1204,95,0,5,0
3019,'1496630',2250,,1206,95,0,5,0
3019,'1496634',1950,,1210,95,0,5,0
3019,'1496635',1450,,1211,95,0,5,0
3019,'1496637',2050,,1213,95,0,5,0
3019,'1496639',2341,,1215,95,0,5,0
3019,'1496643',1850,,1219,95,0,5,0
3019,'1496644',950,,1220,95,0,5,0
3019,'1496648',1050,,1224,95,0,5,0
3019,'1496649',1350,,1225,95,0,5,0
3019,'1496650',1650,,1226,95,0,5,0
3019,'1496652',1150,,1228,95,0,5,0
3019,'1496653',1550,,1229,95,0,5,0
3019,'1496654',2150,,1230,95,0,5,0
3019,'1496655',850,,1231,95,0,5,0
3019,'1496657',1250,,1233,95,0,5,0
3019,'1496660',720,,1236,17,0,5,0
