2029,'1496956',1657,,630,18,,,0
2029,'1496959',1057,,631,18,,,0
2029,'1496960',2157,,632,18,,,0
2029,'1496963',2253,,633,18,,,0
2029,'1496964',957,,634,18,,,0
2029,'1496965',1957,,635,18,,,0
2029,'1496966',857,,636,18,,,0
2029,'1496967',1457,,637,18,,,0
2029,'1496969',2057,,638,18,,,0
2029,'1496971',1757,,639,18,,,0
2029,'1496972',1157,,640,18,,,0
2029,'1496976',1357,,641,18,,,0
2029,'1496977',757,,642,18,,,0
2029,'1496978',1257,,643,18,,,0
2029,'1496980',1857,,644,18,,,0
2029,'1496982',1557,,645,18,,,0
2029,'1496985',657,,646,18,,,0
