8019,'1492009',1730,,556,1,,,0,95,,556,21,4,,0
8019,'1492010',1030,,557,1,,,0,95,,557,21,4,,0
8019,'1492011',1330,,558,1,,,0,95,,558,21,4,,0
8019,'1492012',930,,559,1,,,0,95,,559,21,4,,0
8019,'1492013',1430,,560,1,,,0,95,,560,21,4,,0
8019,'1492014',730,,561,1,,,0,95,,561,21,4,,0
8019,'1492015',1630,,562,1,,,0,95,,562,21,4,,0
8019,'1492016',830,,563,1,,,0,95,,563,21,4,,0
8019,'1492017',630,,564,1,,,0,95,,564,21,4,,0
8019,'1492018',1530,,565,1,,,0,95,,565,21,4,,0
8019,'1492019',1230,,566,1,,,0,95,,566,21,4,,0
8019,'1492020',1130,,567,1,,,0,95,,567,21,4,,0
