2029,'1492022',2009,,280,38,,,0
2029,'1492026',909,,281,38,,,0
2029,'1492029',1409,,282,38,,,0
2029,'1492030',1209,,283,38,,,0
2029,'1492031',1809,,284,38,,,0
2029,'1492033',1239,,285,38,,,0
2029,'1492035',1539,,286,38,,,0
2029,'1492039',939,,287,38,,,0
2029,'1492041',2209,,288,38,,,0
2029,'1492044',809,,289,38,,,0
2029,'1492046',1609,,290,38,,,0
2029,'1492047',1439,,291,38,,,0
2029,'1492049',2308,,292,38,,,0
2029,'1492050',1039,,293,38,,,0
2029,'1492051',709,,294,38,,,0
2029,'1492052',1309,,295,38,,,0
2029,'1492054',1909,,296,38,,,0
2029,'1492056',1639,,297,38,,,0
2029,'1492059',1509,,298,38,,,0
2029,'1492060',1339,,299,38,,,0
2029,'1492061',739,,300,38,,,0
2029,'1492063',1709,,301,38,,,0
2029,'1492065',1009,,302,38,,,0
2029,'1492070',839,,303,38,,,0
2029,'1492071',2109,,304,38,,,0
2029,'1492072',1139,,305,38,,,0
2029,'1492073',1109,,306,38,,,0
2029,'1492076',1739,,307,38,,,0
2029,'1492081',609,,308,2,,,0
2029,'1496956',1710,,630,39,,,0
2029,'1496959',1110,,631,39,,,0
2029,'1496960',2210,,632,39,,,0
2029,'1496963',2308,,633,39,,,0
2029,'1496964',1010,,634,39,,,0
2029,'1496965',2010,,635,39,,,0
2029,'1496966',910,,636,39,,,0
2029,'1496967',1510,,637,39,,,0
2029,'1496969',2110,,638,39,,,0
2029,'1496971',1810,,639,39,,,0
2029,'1496972',1210,,640,39,,,0
2029,'1496976',1410,,641,39,,,0
2029,'1496977',810,,642,39,,,0
2029,'1496978',1310,,643,39,,,0
2029,'1496980',1910,,644,39,,,0
2029,'1496982',1610,,645,39,,,0
2029,'1496985',710,,646,39,,,0
