1029,'1491948',1446,,124,43,,,0
1029,'1491949',1546,,125,43,,,0
1029,'1491951',1646,,126,43,,,0
1029,'1491953',746,,127,43,,,0
1029,'1491954',2116,,128,43,,,0
1029,'1491958',1046,,129,43,,,0
1029,'1491963',2016,,130,43,,,0
1029,'1491964',916,,131,43,,,0
1029,'1491965',1716,,132,43,,,0
1029,'1491966',1616,,133,43,,,0
1029,'1491970',1816,,134,43,,,0
1029,'1491971',1216,,135,43,,,0
1029,'1491972',1246,,136,43,,,0
1029,'1491973',1416,,137,43,,,0
1029,'1491974',1016,,138,43,,,0
1029,'1491976',716,,139,43,,,0
1029,'1491978',1846,,140,43,,,0
1029,'1491979',1746,,141,43,,,0
1029,'1491983',1346,,142,43,,,0
1029,'1491986',946,,143,43,,,0
1029,'1491987',2216,,144,43,,,0
1029,'1491989',1146,,145,43,,,0
1029,'1491991',2316,,146,43,,,0
1029,'1491993',846,,147,43,,,0
1029,'1491996',816,,148,43,,,0
1029,'1492000',1516,,149,43,,,0
1029,'1492001',1316,,150,43,,,0
1029,'1492003',1116,,151,43,,,0
1029,'1492008',1916,,153,43,,,0
1029,'1496919',1914,,594,43,,,0
1029,'1496920',2114,,595,43,,,0
1029,'1496925',1814,,596,43,,,0
1029,'1496926',2214,,597,43,,,0
1029,'1496927',1314,,598,43,,,0
1029,'1496929',1114,,599,43,,,0
1029,'1496931',1014,,600,43,,,0
1029,'1496932',2014,,601,43,,,0
1029,'1496934',714,,602,43,,,0
1029,'1496936',2314,,603,43,,,0
1029,'1496937',1514,,604,43,,,0
1029,'1496939',1614,,605,43,,,0
1029,'1496942',814,,606,43,,,0
1029,'1496943',1214,,607,43,,,0
1029,'1496944',914,,608,43,,,0
1029,'1496947',1714,,609,43,,,0
1029,'1496948',1414,,610,43,,,0
4019,'1491929',719,,525,68,,,0
4019,'1491930',2354,,526,68,,,0
4019,'1491931',1119,,527,68,,,0
4019,'1491932',919,,528,68,,,0
4019,'1491933',2104,,529,68,,,0
4019,'1491934',1719,,530,68,,,0
4019,'1491935',1919,,531,68,,,0
4019,'1491936',2204,,532,68,,,0
4019,'1491937',1019,,533,68,,,0
4019,'1491938',1219,,534,68,,,0
4019,'1491939',2004,,535,68,,,0
4019,'1491940',819,,536,68,,,0
4019,'1491941',1619,,537,68,,,0
4019,'1491942',1819,,538,68,,,0
4019,'1491943',1419,,539,68,,,0
4019,'1491944',1519,,540,68,,,0
4019,'1491945',2304,,541,68,,,0
4019,'1491946',1319,,542,68,,,0
4019,'1491947',619,,543,34,,,0
4019,'1497026',904,,684,72,,,0
4019,'1497027',804,,685,72,,,0
4019,'1497028',1704,,686,72,,,0
4019,'1497029',2304,,687,72,,,0
4019,'1497030',1804,,688,72,,,0
4019,'1497031',1504,,689,72,,,0
4019,'1497032',2204,,690,72,,,0
4019,'1497033',1104,,691,72,,,0
4019,'1497034',2004,,692,72,,,0
4019,'1497035',1604,,693,72,,,0
4019,'1497036',1004,,694,72,,,0
4019,'1497037',1904,,695,72,,,0
4019,'1497038',1404,,696,72,,,0
4019,'1497039',704,,697,72,,,0
4019,'1497040',2104,,698,72,,,0
4019,'1497041',1204,,699,72,,,0
4019,'1497042',1304,,700,72,,,0
4019,'1497043',2354,,701,72,,,0
