3019,'1496126',928,,1057,110,0,5,0
3019,'1496127',1128,,1058,110,0,5,0
3019,'1496132',1158,,1063,110,0,5,0
3019,'1496135',1728,,1066,110,0,5,0
3019,'1496137',1528,,1068,110,0,5,0
3019,'1496139',1258,,1070,110,0,5,0
3019,'1496140',828,,1071,110,0,5,0
3019,'1496143',758,,1074,110,0,5,0
3019,'1496145',1828,,1076,110,0,5,0
3019,'1496147',1358,,1078,110,0,5,0
3019,'1496148',1058,,1079,110,0,5,0
3019,'1496149',1328,,1080,110,0,5,0
3019,'1496150',1428,,1081,110,0,5,0
3019,'1496152',858,,1083,110,0,5,0
3019,'1496156',1028,,1087,110,0,5,0
3019,'1496157',1658,,1088,110,0,5,0
3019,'1496158',1458,,1089,110,0,5,0
3019,'1496160',1758,,1091,110,0,5,0
3019,'1496161',1228,,1092,110,0,5,0
3019,'1496162',1558,,1093,110,0,5,0
3019,'1496163',628,,1094,32,0,5,0
3019,'1496166',1628,,1097,110,0,5,0
3019,'1496169',958,,1100,110,0,5,0
3019,'1496172',658,,1103,79,0,5,0
3019,'1496375',928,,1106,110,0,5,0
3019,'1496376',1128,,1107,110,0,5,0
3019,'1496379',2158,,1110,110,0,5,0
3019,'1496383',2258,,1114,110,0,5,0
3019,'1496384',1158,,1115,110,0,5,0
3019,'1496387',1728,,1118,110,0,5,0
3019,'1496389',2348,,1120,110,0,5,0
3019,'1496390',1528,,1121,110,0,5,0
3019,'1496391',1958,,1122,110,0,5,0
3019,'1496393',1258,,1124,110,0,5,0
3019,'1496394',828,,1125,110,0,5,0
3019,'1496397',2058,,1128,110,0,5,0
3019,'1496399',758,,1130,110,0,5,0
3019,'1496401',1828,,1132,110,0,5,0
3019,'1496403',1358,,1134,110,0,5,0
3019,'1496405',1858,,1136,110,0,5,0
3019,'1496406',1058,,1137,110,0,5,0
3019,'1496407',1328,,1138,110,0,5,0
3019,'1496408',1428,,1139,110,0,5,0
3019,'1496410',858,,1141,110,0,5,0
3019,'1496414',1028,,1145,110,0,5,0
3019,'1496415',1658,,1146,110,0,5,0
3019,'1496416',1458,,1147,110,0,5,0
3019,'1496418',1758,,1149,110,0,5,0
3019,'1496419',1228,,1150,110,0,5,0
3019,'1496420',1558,,1151,110,0,5,0
3019,'1496421',628,,1152,32,0,5,0
3019,'1496424',1628,,1155,110,0,5,0
3019,'1496428',958,,1159,110,0,5,0
3019,'1496433',658,,1164,79,0,5,0
3019,'1496454',1758,,1167,110,0,5,0
3019,'1496456',2258,,1169,110,0,5,0
3019,'1496461',1958,,1174,110,0,5,0
3019,'1496462',1458,,1175,110,0,5,0
3019,'1496464',2058,,1177,110,0,5,0
3019,'1496466',2348,,1179,110,0,5,0
3019,'1496470',1858,,1183,110,0,5,0
3019,'1496471',758,,1184,110,0,5,0
3019,'1496472',958,,1185,110,0,5,0
3019,'1496476',1058,,1189,110,0,5,0
3019,'1496477',1358,,1190,110,0,5,0
3019,'1496478',1658,,1191,110,0,5,0
3019,'1496480',1158,,1193,110,0,5,0
3019,'1496481',1558,,1194,110,0,5,0
3019,'1496482',2158,,1195,110,0,5,0
3019,'1496483',858,,1196,110,0,5,0
3019,'1496485',1258,,1198,110,0,5,0
3019,'1496489',628,,1202,32,0,5,0
3019,'1496628',1758,,1204,110,0,5,0
3019,'1496630',2258,,1206,110,0,5,0
3019,'1496634',1958,,1210,110,0,5,0
3019,'1496635',1458,,1211,110,0,5,0
3019,'1496637',2058,,1213,110,0,5,0
3019,'1496639',2348,,1215,110,0,5,0
3019,'1496643',1858,,1219,110,0,5,0
3019,'1496644',958,,1220,110,0,5,0
3019,'1496648',1058,,1224,110,0,5,0
3019,'1496649',1358,,1225,110,0,5,0
3019,'1496650',1658,,1226,110,0,5,0
3019,'1496652',1158,,1228,110,0,5,0
3019,'1496653',1558,,1229,110,0,5,0
3019,'1496654',2158,,1230,110,0,5,0
3019,'1496655',858,,1231,110,0,5,0
3019,'1496657',1258,,1233,110,0,5,0
3019,'1496660',728,,1236,32,0,5,0
