3019,'1496125',1647,,1056,115,,,0
3019,'1496128',1817,,1059,115,,,0
3019,'1496129',947,,1060,115,,,0
3019,'1496130',817,,1061,115,,,0
3019,'1496131',1717,,1062,115,,,0
3019,'1496133',1247,,1064,115,,,0
3019,'1496134',1217,,1065,115,,,0
3019,'1496136',847,,1067,115,,,0
3019,'1496138',1017,,1069,115,,,0
3019,'1496141',1447,,1072,115,,,0
3019,'1496142',1417,,1073,115,,,0
3019,'1496144',1547,,1075,115,,,0
3019,'1496146',1347,,1077,115,,,0
3019,'1496151',917,,1082,115,,,0
3019,'1496153',1847,,1084,115,,,0
3019,'1496154',1517,,1085,115,,,0
3019,'1496155',1117,,1086,115,,,0
3019,'1496159',1147,,1090,115,,,0
3019,'1496164',1317,,1095,115,,,0
3019,'1496165',1747,,1096,115,,,0
3019,'1496167',1047,,1098,115,,,0
3019,'1496168',1617,,1099,115,,,0
3019,'1496170',617,,1101,25,,,0
3019,'1496171',647,,1102,59,,,0
3019,'1496173',747,,1104,115,,,0
3019,'1496374',1647,,1105,115,,,0
3019,'1496377',1817,,1108,115,,,0
3019,'1496378',2132,,1109,115,,,0
3019,'1496380',947,,1111,115,,,0
3019,'1496381',817,,1112,115,,,0
3019,'1496382',1717,,1113,115,,,0
3019,'1496385',1247,,1116,115,,,0
3019,'1496386',1217,,1117,115,,,0
3019,'1496388',847,,1119,115,,,0
3019,'1496392',1017,,1123,115,,,0
3019,'1496395',2332,,1126,115,,,0
3019,'1496396',1447,,1127,115,,,0
3019,'1496398',1417,,1129,115,,,0
3019,'1496400',1547,,1131,115,,,0
3019,'1496402',1347,,1133,115,,,0
3019,'1496404',2232,,1135,115,,,0
3019,'1496409',917,,1140,115,,,0
3019,'1496411',1847,,1142,115,,,0
3019,'1496412',1517,,1143,115,,,0
3019,'1496413',1117,,1144,115,,,0
3019,'1496417',1147,,1148,115,,,0
3019,'1496422',1317,,1153,115,,,0
3019,'1496423',1747,,1154,115,,,0
3019,'1496425',1047,,1156,115,,,0
3019,'1496426',1617,,1157,115,,,0
3019,'1496427',1932,,1158,115,,,0
3019,'1496430',617,,1161,25,,,0
3019,'1496431',647,,1162,59,,,0
3019,'1496432',2032,,1163,115,,,0
3019,'1496434',747,,1165,115,,,0
3019,'1496453',832,,1166,115,,,0
3019,'1496455',1532,,1168,115,,,0
3019,'1496457',932,,1170,115,,,0
3019,'1496458',1232,,1171,115,,,0
3019,'1496459',2332,,1172,115,,,0
3019,'1496460',1932,,1173,115,,,0
3019,'1496463',1432,,1176,115,,,0
3019,'1496465',2032,,1178,115,,,0
3019,'1496467',1732,,1180,115,,,0
3019,'1496468',1032,,1181,115,,,0
3019,'1496469',1332,,1182,115,,,0
3019,'1496473',2232,,1186,115,,,0
3019,'1496474',1832,,1187,115,,,0
3019,'1496475',1132,,1188,115,,,0
3019,'1496479',1632,,1192,115,,,0
3019,'1496484',2132,,1197,115,,,0
3019,'1496486',702,,1199,59,,,0
3019,'1496488',732,,1201,115,,,0
3019,'1496627',832,,1203,115,,,0
3019,'1496629',1532,,1205,115,,,0
3019,'1496631',932,,1207,115,,,0
3019,'1496632',1232,,1208,115,,,0
3019,'1496633',1932,,1209,115,,,0
3019,'1496636',1432,,1212,115,,,0
3019,'1496638',2032,,1214,115,,,0
3019,'1496640',1732,,1216,115,,,0
3019,'1496641',1032,,1217,115,,,0
3019,'1496642',1332,,1218,115,,,0
3019,'1496645',2232,,1221,115,,,0
3019,'1496646',1832,,1222,115,,,0
3019,'1496647',1132,,1223,115,,,0
3019,'1496651',1632,,1227,115,,,0
3019,'1496656',2132,,1232,115,,,0
3019,'1496658',802,,1234,59,,,0
