2019,'1492023',2310,,191,77,,,0
2019,'1492024',1255,,192,77,,,0
2019,'1492025',1425,,193,77,,,0
2019,'1492027',2210,,194,77,,,0
2019,'1492028',1910,,195,77,,,0
2019,'1492032',1355,,196,77,,,0
2019,'1492034',1525,,197,77,,,0
2019,'1492036',1025,,198,77,,,0
2019,'1492037',1555,,199,77,,,0
2019,'1492038',955,,200,77,,,0
2019,'1492040',1155,,201,77,,,0
2019,'1492042',925,,202,77,,,0
2019,'1492043',855,,203,77,,,0
2019,'1492045',1055,,204,77,,,0
2019,'1492048',1625,,205,77,,,0
2019,'1492053',2110,,206,77,,,0
2019,'1492055',755,,207,77,,,0
2019,'1492057',1755,,208,77,,,0
2019,'1492062',1455,,210,77,,,0
2019,'1492064',1125,,211,77,,,0
2019,'1492066',1225,,212,77,,,0
2019,'1492067',1655,,213,77,,,0
2019,'1492068',1825,,214,77,,,0
2019,'1492069',1725,,215,77,,,0
2019,'1492074',825,,216,77,,,0
2019,'1492075',1325,,217,77,,,0
2019,'1492077',725,,218,77,,,0
2019,'1492079',625,,220,55,,,0
2019,'1492080',2010,,221,77,,,0
2019,'1496953',1810,,611,78,,,0
2019,'1496954',2210,,612,78,,,0
2019,'1496955',1410,,613,78,,,0
2019,'1496957',1210,,614,78,,,0
2019,'1496958',1510,,615,78,,,0
2019,'1496961',2110,,616,78,,,0
2019,'1496962',810,,617,78,,,0
2019,'1496968',1310,,618,78,,,0
2019,'1496970',2310,,619,78,,,0
2019,'1496973',1610,,620,78,,,0
2019,'1496974',1910,,621,78,,,0
2019,'1496975',1110,,622,78,,,0
2019,'1496979',1010,,623,78,,,0
2019,'1496981',910,,624,78,,,0
2019,'1496983',1710,,625,78,,,0
2019,'1496984',2010,,626,78,,,0
2019,'1496986',710,,627,78,,,0
2019,'1496987',640,,628,46,,,0
