2019,'1492023',2225,,191,13,,,0
2019,'1492024',1210,,192,13,,,0
2019,'1492025',1340,,193,13,,,0
2019,'1492027',2125,,194,13,,,0
2019,'1492028',1825,,195,13,,,0
2019,'1492032',1310,,196,13,,,0
2019,'1492034',1440,,197,13,,,0
2019,'1492036',940,,198,13,,,0
2019,'1492037',1510,,199,13,,,0
2019,'1492038',910,,200,13,,,0
2019,'1492040',1110,,201,13,,,0
2019,'1492042',840,,202,13,,,0
2019,'1492043',810,,203,13,,,0
2019,'1492045',1010,,204,13,,,0
2019,'1492048',1540,,205,13,,,0
2019,'1492053',2025,,206,13,,,0
2019,'1492055',710,,207,13,,,0
2019,'1492057',1710,,208,13,,,0
2019,'1492058',2323,,209,13,,,0
2019,'1492062',1410,,210,13,,,0
2019,'1492064',1040,,211,13,,,0
2019,'1492066',1140,,212,13,,,0
2019,'1492067',1610,,213,13,,,0
2019,'1492068',1740,,214,13,,,0
2019,'1492069',1640,,215,13,,,0
2019,'1492074',740,,216,13,,,0
2019,'1492075',1240,,217,13,,,0
2019,'1492077',640,,218,13,,,0
2019,'1492080',1925,,221,13,,,0
2019,'1496953',1725,,611,13,,,0
2019,'1496954',2125,,612,13,,,0
2019,'1496955',1325,,613,13,,,0
2019,'1496957',1125,,614,13,,,0
2019,'1496958',1425,,615,13,,,0
2019,'1496961',2025,,616,13,,,0
2019,'1496962',725,,617,13,,,0
2019,'1496968',1225,,618,13,,,0
2019,'1496970',2225,,619,13,,,0
2019,'1496973',1525,,620,13,,,0
2019,'1496974',1825,,621,13,,,0
2019,'1496975',1025,,622,13,,,0
2019,'1496979',925,,623,13,,,0
2019,'1496981',825,,624,13,,,0
2019,'1496983',1625,,625,13,,,0
2019,'1496984',1925,,626,13,,,0
2019,'1496986',625,,627,13,,,0
2019,'1496988',2323,,629,13,,,0
