3019,'1488507',847,,436,45,0,5,0
3019,'1488508',1047,,437,45,0,5,0
3019,'1488511',2117,,438,45,0,5,0
3019,'1488515',2217,,439,45,0,5,0
3019,'1488516',1117,,440,45,0,5,0
3019,'1488519',1647,,441,45,0,5,0
3019,'1488521',2313,,442,45,0,5,0
3019,'1488522',1447,,443,45,0,5,0
3019,'1488523',1917,,444,45,0,5,0
3019,'1488525',1217,,445,45,0,5,0
3019,'1488526',747,,446,45,0,5,0
3019,'1488529',2017,,447,45,0,5,0
3019,'1488531',717,,448,45,0,5,0
3019,'1488533',1747,,449,45,0,5,0
3019,'1488535',1317,,450,45,0,5,0
3019,'1488537',1817,,451,45,0,5,0
3019,'1488538',1017,,452,45,0,5,0
3019,'1488539',1247,,453,45,0,5,0
3019,'1488540',1347,,454,45,0,5,0
3019,'1488542',817,,455,45,0,5,0
3019,'1488546',947,,456,45,0,5,0
3019,'1488547',1617,,457,45,0,5,0
3019,'1488548',1417,,458,45,0,5,0
3019,'1488550',1717,,459,45,0,5,0
3019,'1488551',1147,,460,45,0,5,0
3019,'1488552',1517,,461,45,0,5,0
3019,'1488556',1547,,463,45,0,5,0
3019,'1488560',917,,464,45,0,5,0
3019,'1488565',617,,465,12,0,5,0
3019,'1496990',1717,,648,43,0,5,0
3019,'1496992',2217,,650,43,0,5,0
3019,'1496997',1917,,655,43,0,5,0
3019,'1496998',1417,,656,43,0,5,0
3019,'1497000',2017,,658,43,0,5,0
3019,'1497002',2314,,660,43,0,5,0
3019,'1497006',1817,,664,43,0,5,0
3019,'1497007',717,,665,43,0,5,0
3019,'1497008',917,,666,43,0,5,0
3019,'1497012',1017,,670,43,0,5,0
3019,'1497013',1317,,671,43,0,5,0
3019,'1497014',1617,,672,43,0,5,0
3019,'1497016',1117,,674,43,0,5,0
3019,'1497017',1517,,675,43,0,5,0
3019,'1497018',2117,,676,43,0,5,0
3019,'1497019',817,,677,43,0,5,0
3019,'1497021',1217,,679,43,0,5,0
