3019,'1496989',825,,647,106,,,0
3019,'1496991',1525,,649,106,,,0
3019,'1496993',925,,651,106,,,0
3019,'1496994',1225,,652,106,,,0
3019,'1496995',2325,,653,106,,,0
3019,'1496996',1925,,654,106,,,0
3019,'1496999',1425,,657,106,,,0
3019,'1497001',2025,,659,106,,,0
3019,'1497003',1725,,661,106,,,0
3019,'1497004',1025,,662,106,,,0
3019,'1497005',1325,,663,106,,,0
3019,'1497009',2225,,667,106,,,0
3019,'1497010',1825,,668,106,,,0
3019,'1497011',1125,,669,106,,,0
3019,'1497015',1625,,673,106,,,0
3019,'1497020',2125,,678,106,,,0
3019,'1497022',655,,680,50,,,0
3019,'1497024',725,,682,106,,,0
