1029,'1491948',1418,,124,4,,,0
1029,'1491949',1518,,125,4,,,0
1029,'1491951',1618,,126,4,,,0
1029,'1491953',718,,127,4,,,0
1029,'1491954',2048,,128,4,,,0
1029,'1491958',1018,,129,4,,,0
1029,'1491963',1948,,130,4,,,0
1029,'1491964',848,,131,4,,,0
1029,'1491965',1648,,132,4,,,0
1029,'1491966',1548,,133,4,,,0
1029,'1491970',1748,,134,4,,,0
1029,'1491971',1148,,135,4,,,0
1029,'1491972',1218,,136,4,,,0
1029,'1491973',1348,,137,4,,,0
1029,'1491974',948,,138,4,,,0
1029,'1491976',648,,139,4,,,0
1029,'1491978',1818,,140,4,,,0
1029,'1491979',1718,,141,4,,,0
1029,'1491983',1318,,142,4,,,0
1029,'1491986',918,,143,4,,,0
1029,'1491987',2148,,144,4,,,0
1029,'1491989',1118,,145,4,,,0
1029,'1491991',2248,,146,4,,,0
1029,'1491993',818,,147,4,,,0
1029,'1491996',748,,148,4,,,0
1029,'1492000',1448,,149,4,,,0
1029,'1492001',1248,,150,4,,,0
1029,'1492003',1048,,151,4,,,0
1029,'1492008',1848,,153,4,,,0
1029,'1496919',1848,,594,4,,,0
1029,'1496920',2048,,595,4,,,0
1029,'1496925',1748,,596,4,,,0
1029,'1496926',2148,,597,4,,,0
1029,'1496927',1248,,598,4,,,0
1029,'1496929',1048,,599,4,,,0
1029,'1496931',948,,600,4,,,0
1029,'1496932',1948,,601,4,,,0
1029,'1496934',648,,602,4,,,0
1029,'1496936',2248,,603,4,,,0
1029,'1496937',1448,,604,4,,,0
1029,'1496939',1548,,605,4,,,0
1029,'1496942',748,,606,4,,,0
1029,'1496943',1148,,607,4,,,0
1029,'1496944',848,,608,4,,,0
1029,'1496947',1648,,609,4,,,0
1029,'1496948',1348,,610,4,,,0
3019,'1488507',819,,436,8,0,5,0
3019,'1488508',1019,,437,8,0,5,0
3019,'1488511',2049,,438,8,0,5,0
3019,'1488515',2149,,439,8,0,5,0
3019,'1488516',1049,,440,8,0,5,0
3019,'1488519',1619,,441,8,0,5,0
3019,'1488521',2249,,442,8,0,5,0
3019,'1488522',1419,,443,8,0,5,0
3019,'1488523',1849,,444,8,0,5,0
3019,'1488525',1149,,445,8,0,5,0
3019,'1488526',719,,446,8,0,5,0
3019,'1488529',1949,,447,8,0,5,0
3019,'1488531',649,,448,8,0,5,0
3019,'1488533',1719,,449,8,0,5,0
3019,'1488535',1249,,450,8,0,5,0
3019,'1488537',1749,,451,8,0,5,0
3019,'1488538',949,,452,8,0,5,0
3019,'1488539',1219,,453,8,0,5,0
3019,'1488540',1319,,454,8,0,5,0
3019,'1488542',749,,455,8,0,5,0
3019,'1488546',919,,456,8,0,5,0
3019,'1488547',1549,,457,8,0,5,0
3019,'1488548',1349,,458,8,0,5,0
3019,'1488550',1649,,459,8,0,5,0
3019,'1488551',1119,,460,8,0,5,0
3019,'1488552',1449,,461,8,0,5,0
3019,'1488556',1519,,463,8,0,5,0
3019,'1488560',849,,464,8,0,5,0
3019,'1496990',1649,,648,8,0,5,0
3019,'1496992',2149,,650,8,0,5,0
3019,'1496997',1849,,655,8,0,5,0
3019,'1496998',1349,,656,8,0,5,0
3019,'1497000',1949,,658,8,0,5,0
3019,'1497002',2249,,660,8,0,5,0
3019,'1497006',1749,,664,8,0,5,0
3019,'1497007',649,,665,8,0,5,0
3019,'1497008',849,,666,8,0,5,0
3019,'1497012',949,,670,8,0,5,0
3019,'1497013',1249,,671,8,0,5,0
3019,'1497014',1549,,672,8,0,5,0
3019,'1497016',1049,,674,8,0,5,0
3019,'1497017',1449,,675,8,0,5,0
3019,'1497018',2049,,676,8,0,5,0
3019,'1497019',749,,677,8,0,5,0
3019,'1497021',1149,,679,8,0,5,0
