1019,'1491950',711,,37,16,,,0
1019,'1491952',811,,38,16,,,0
1019,'1491955',1541,,39,16,,,0
1019,'1491956',2126,,40,16,,,0
1019,'1491957',1641,,41,16,,,0
1019,'1491959',741,,42,16,,,0
1019,'1491960',1441,,43,16,,,0
1019,'1491961',1241,,44,16,,,0
1019,'1491962',1811,,45,16,,,0
1019,'1491967',1341,,46,16,,,0
1019,'1491968',1926,,47,16,,,0
1019,'1491969',2026,,48,16,,,0
1019,'1491975',1041,,49,16,,,0
1019,'1491977',1311,,50,16,,,0
1019,'1491980',841,,51,16,,,0
1019,'1491981',1141,,52,16,,,0
1019,'1491982',941,,53,16,,,0
1019,'1491984',2326,,54,16,,,0
1019,'1491985',1741,,55,16,,,0
1019,'1491988',1011,,56,16,,,0
1019,'1491990',911,,57,16,,,0
1019,'1491992',2226,,58,16,,,0
1019,'1491994',1411,,59,16,,,0
1019,'1491995',1511,,60,16,,,0
1019,'1491997',641,,61,16,,,0
1019,'1491998',1211,,62,16,,,0
1019,'1491999',1111,,63,16,,,0
1019,'1492002',1711,,64,16,,,0
1019,'1492004',1611,,65,16,,,0
1019,'1492007',1841,,67,16,,,0
1019,'1496918',1326,,576,17,,,0
1019,'1496921',1926,,577,17,,,0
1019,'1496922',726,,578,17,,,0
1019,'1496923',626,,579,17,,,0
1019,'1496924',2026,,580,17,,,0
1019,'1496928',1026,,581,17,,,0
1019,'1496930',1426,,582,17,,,0
1019,'1496933',1626,,583,17,,,0
1019,'1496935',1126,,584,17,,,0
1019,'1496938',2126,,585,17,,,0
1019,'1496940',1526,,586,17,,,0
1019,'1496941',1726,,587,17,,,0
1019,'1496945',926,,588,17,,,0
1019,'1496946',826,,589,17,,,0
1019,'1496949',1226,,590,17,,,0
1019,'1496950',1826,,591,17,,,0
1019,'1496951',2326,,592,17,,,0
1019,'1496952',2226,,593,17,,,0
