3019,'1491899',1543,,370,27,,,0
3019,'1491900',1713,,371,27,,,0
3019,'1491901',2028,,372,27,,,0
3019,'1491902',843,,373,27,,,0
3019,'1491903',713,,374,27,,,0
3019,'1491904',1613,,375,27,,,0
3019,'1491905',1143,,376,27,,,0
3019,'1491906',1113,,377,27,,,0
3019,'1491907',743,,378,27,,,0
3019,'1491908',913,,379,27,,,0
3019,'1491909',2228,,380,27,,,0
3019,'1491910',1343,,381,27,,,0
3019,'1491911',1313,,382,27,,,0
3019,'1491912',1443,,383,27,,,0
3019,'1491913',1243,,384,27,,,0
3019,'1491914',2128,,385,27,,,0
3019,'1491915',813,,386,27,,,0
3019,'1491916',1743,,387,27,,,0
3019,'1491917',1413,,388,27,,,0
3019,'1491918',1013,,389,27,,,0
3019,'1491919',1043,,390,27,,,0
3019,'1491920',1213,,391,27,,,0
3019,'1491921',1643,,392,27,,,0
3019,'1491922',943,,393,27,,,0
3019,'1491923',1513,,394,27,,,0
3019,'1491924',1828,,395,27,,,0
3019,'1491925',2326,,396,27,,,0
3019,'1491928',1928,,399,27,,,0
3019,'1492021',643,,400,27,,,0
3019,'1496989',728,,647,26,,,0
3019,'1496991',1428,,649,26,,,0
3019,'1496993',828,,651,26,,,0
3019,'1496994',1128,,652,26,,,0
3019,'1496995',2228,,653,26,,,0
3019,'1496996',1828,,654,26,,,0
3019,'1496999',1328,,657,26,,,0
3019,'1497001',1928,,659,26,,,0
3019,'1497003',1628,,661,26,,,0
3019,'1497004',928,,662,26,,,0
3019,'1497005',1228,,663,26,,,0
3019,'1497009',2128,,667,26,,,0
3019,'1497010',1728,,668,26,,,0
3019,'1497011',1028,,669,26,,,0
3019,'1497015',1528,,673,26,,,0
3019,'1497020',2028,,678,26,,,0
3019,'1497023',2326,,681,26,,,0
3019,'1497024',628,,682,26,,,0
