3019,'1488507',846,,436,44,0,5,0
3019,'1488508',1046,,437,44,0,5,0
3019,'1488511',2116,,438,44,0,5,0
3019,'1488515',2216,,439,44,0,5,0
3019,'1488516',1116,,440,44,0,5,0
3019,'1488519',1646,,441,44,0,5,0
3019,'1488521',2312,,442,44,0,5,0
3019,'1488522',1446,,443,44,0,5,0
3019,'1488523',1916,,444,44,0,5,0
3019,'1488525',1216,,445,44,0,5,0
3019,'1488526',746,,446,44,0,5,0
3019,'1488529',2016,,447,44,0,5,0
3019,'1488531',716,,448,44,0,5,0
3019,'1488533',1746,,449,44,0,5,0
3019,'1488535',1316,,450,44,0,5,0
3019,'1488537',1816,,451,44,0,5,0
3019,'1488538',1016,,452,44,0,5,0
3019,'1488539',1246,,453,44,0,5,0
3019,'1488540',1346,,454,44,0,5,0
3019,'1488542',816,,455,44,0,5,0
3019,'1488546',946,,456,44,0,5,0
3019,'1488547',1616,,457,44,0,5,0
3019,'1488548',1416,,458,44,0,5,0
3019,'1488550',1716,,459,44,0,5,0
3019,'1488551',1146,,460,44,0,5,0
3019,'1488552',1516,,461,44,0,5,0
3019,'1488556',1546,,463,44,0,5,0
3019,'1488560',916,,464,44,0,5,0
3019,'1488565',616,,465,11,0,5,0
3019,'1496990',1716,,648,42,0,5,0
3019,'1496992',2216,,650,42,0,5,0
3019,'1496997',1916,,655,42,0,5,0
3019,'1496998',1416,,656,42,0,5,0
3019,'1497000',2016,,658,42,0,5,0
3019,'1497002',2314,,660,42,0,5,0
3019,'1497006',1816,,664,42,0,5,0
3019,'1497007',716,,665,42,0,5,0
3019,'1497008',916,,666,42,0,5,0
3019,'1497012',1016,,670,42,0,5,0
3019,'1497013',1316,,671,42,0,5,0
3019,'1497014',1616,,672,42,0,5,0
3019,'1497016',1116,,674,42,0,5,0
3019,'1497017',1516,,675,42,0,5,0
3019,'1497018',2116,,676,42,0,5,0
3019,'1497019',816,,677,42,0,5,0
3019,'1497021',1216,,679,42,0,5,0
