2019,'1492023',2308,,191,73,,,0
2019,'1492024',1253,,192,73,,,0
2019,'1492025',1423,,193,73,,,0
2019,'1492027',2208,,194,73,,,0
2019,'1492028',1908,,195,73,,,0
2019,'1492032',1353,,196,73,,,0
2019,'1492034',1523,,197,73,,,0
2019,'1492036',1023,,198,73,,,0
2019,'1492037',1553,,199,73,,,0
2019,'1492038',953,,200,73,,,0
2019,'1492040',1153,,201,73,,,0
2019,'1492042',923,,202,73,,,0
2019,'1492043',853,,203,73,,,0
2019,'1492045',1053,,204,73,,,0
2019,'1492048',1623,,205,73,,,0
2019,'1492053',2108,,206,73,,,0
2019,'1492055',753,,207,73,,,0
2019,'1492057',1753,,208,73,,,0
2019,'1492062',1453,,210,73,,,0
2019,'1492064',1123,,211,73,,,0
2019,'1492066',1223,,212,73,,,0
2019,'1492067',1653,,213,73,,,0
2019,'1492068',1823,,214,73,,,0
2019,'1492069',1723,,215,73,,,0
2019,'1492074',823,,216,73,,,0
2019,'1492075',1323,,217,73,,,0
2019,'1492077',723,,218,73,,,0
2019,'1492079',623,,220,51,,,0
2019,'1492080',2008,,221,73,,,0
2019,'1496953',1807,,611,74,,,0
2019,'1496954',2207,,612,74,,,0
2019,'1496955',1407,,613,74,,,0
2019,'1496957',1207,,614,74,,,0
2019,'1496958',1507,,615,74,,,0
2019,'1496961',2107,,616,74,,,0
2019,'1496962',807,,617,74,,,0
2019,'1496968',1307,,618,74,,,0
2019,'1496970',2307,,619,74,,,0
2019,'1496973',1607,,620,74,,,0
2019,'1496974',1907,,621,74,,,0
2019,'1496975',1107,,622,74,,,0
2019,'1496979',1007,,623,74,,,0
2019,'1496981',907,,624,74,,,0
2019,'1496983',1707,,625,74,,,0
2019,'1496984',2007,,626,74,,,0
2019,'1496986',707,,627,74,,,0
2019,'1496987',637,,628,42,,,0
