3019,'1491899',1635,,370,102,,,0
3019,'1491900',1805,,371,102,,,0
3019,'1491901',2120,,372,102,,,0
3019,'1491902',935,,373,102,,,0
3019,'1491903',805,,374,102,,,0
3019,'1491904',1705,,375,102,,,0
3019,'1491905',1235,,376,102,,,0
3019,'1491906',1205,,377,102,,,0
3019,'1491907',835,,378,102,,,0
3019,'1491908',1005,,379,102,,,0
3019,'1491909',2320,,380,102,,,0
3019,'1491910',1435,,381,102,,,0
3019,'1491911',1405,,382,102,,,0
3019,'1491912',1535,,383,102,,,0
3019,'1491913',1335,,384,102,,,0
3019,'1491914',2220,,385,102,,,0
3019,'1491915',905,,386,102,,,0
3019,'1491916',1835,,387,102,,,0
3019,'1491917',1505,,388,102,,,0
3019,'1491918',1105,,389,102,,,0
3019,'1491919',1135,,390,102,,,0
3019,'1491920',1305,,391,102,,,0
3019,'1491921',1735,,392,102,,,0
3019,'1491922',1035,,393,102,,,0
3019,'1491923',1605,,394,102,,,0
3019,'1491924',1920,,395,102,,,0
3019,'1491926',605,,397,11,,,0
3019,'1491927',635,,398,45,,,0
3019,'1491928',2020,,399,102,,,0
3019,'1492021',735,,400,102,,,0
3019,'1496989',820,,647,101,,,0
3019,'1496991',1520,,649,101,,,0
3019,'1496993',920,,651,101,,,0
3019,'1496994',1220,,652,101,,,0
3019,'1496995',2320,,653,101,,,0
3019,'1496996',1920,,654,101,,,0
3019,'1496999',1420,,657,101,,,0
3019,'1497001',2020,,659,101,,,0
3019,'1497003',1720,,661,101,,,0
3019,'1497004',1020,,662,101,,,0
3019,'1497005',1320,,663,101,,,0
3019,'1497009',2220,,667,101,,,0
3019,'1497010',1820,,668,101,,,0
3019,'1497011',1120,,669,101,,,0
3019,'1497015',1620,,673,101,,,0
3019,'1497020',2120,,678,101,,,0
3019,'1497022',650,,680,45,,,0
3019,'1497024',720,,682,101,,,0
