3019,'1488507',839,,436,37,0,5,0
3019,'1488508',1039,,437,37,0,5,0
3019,'1488511',2109,,438,37,0,5,0
3019,'1488515',2209,,439,37,0,5,0
3019,'1488516',1109,,440,37,0,5,0
3019,'1488519',1639,,441,37,0,5,0
3019,'1488521',2307,,442,37,0,5,0
3019,'1488522',1439,,443,37,0,5,0
3019,'1488523',1909,,444,37,0,5,0
3019,'1488525',1209,,445,37,0,5,0
3019,'1488526',739,,446,37,0,5,0
3019,'1488529',2009,,447,37,0,5,0
3019,'1488531',709,,448,37,0,5,0
3019,'1488533',1739,,449,37,0,5,0
3019,'1488535',1309,,450,37,0,5,0
3019,'1488537',1809,,451,37,0,5,0
3019,'1488538',1009,,452,37,0,5,0
3019,'1488539',1239,,453,37,0,5,0
3019,'1488540',1339,,454,37,0,5,0
3019,'1488542',809,,455,37,0,5,0
3019,'1488546',939,,456,37,0,5,0
3019,'1488547',1609,,457,37,0,5,0
3019,'1488548',1409,,458,37,0,5,0
3019,'1488550',1709,,459,37,0,5,0
3019,'1488551',1139,,460,37,0,5,0
3019,'1488552',1509,,461,37,0,5,0
3019,'1488556',1539,,463,37,0,5,0
3019,'1488560',909,,464,37,0,5,0
3019,'1488565',608,,465,4,0,5,0
3019,'1491899',1627,,370,95,,,0
3019,'1491900',1757,,371,95,,,0
3019,'1491901',2112,,372,95,,,0
3019,'1491902',927,,373,95,,,0
3019,'1491903',757,,374,95,,,0
3019,'1491904',1657,,375,95,,,0
3019,'1491905',1227,,376,95,,,0
3019,'1491906',1157,,377,95,,,0
3019,'1491907',827,,378,95,,,0
3019,'1491908',957,,379,95,,,0
3019,'1491909',2312,,380,95,,,0
3019,'1491910',1427,,381,95,,,0
3019,'1491911',1357,,382,95,,,0
3019,'1491912',1527,,383,95,,,0
3019,'1491913',1327,,384,95,,,0
3019,'1491914',2212,,385,95,,,0
3019,'1491915',857,,386,95,,,0
3019,'1491916',1827,,387,95,,,0
3019,'1491917',1457,,388,95,,,0
3019,'1491918',1057,,389,95,,,0
3019,'1491919',1127,,390,95,,,0
3019,'1491920',1257,,391,95,,,0
3019,'1491921',1727,,392,95,,,0
3019,'1491922',1027,,393,95,,,0
3019,'1491923',1557,,394,95,,,0
3019,'1491924',1912,,395,95,,,0
3019,'1491926',557,,397,4,,,0
3019,'1491927',627,,398,38,,,0
3019,'1491928',2012,,399,95,,,0
3019,'1492021',727,,400,95,,,0
3019,'1496989',812,,647,94,,,0
3019,'1496990',1709,,648,35,0,5,0
3019,'1496991',1512,,649,94,,,0
3019,'1496992',2209,,650,35,0,5,0
3019,'1496993',912,,651,94,,,0
3019,'1496994',1212,,652,94,,,0
3019,'1496995',2312,,653,94,,,0
3019,'1496996',1912,,654,94,,,0
3019,'1496997',1909,,655,35,0,5,0
3019,'1496998',1409,,656,35,0,5,0
3019,'1496999',1412,,657,94,,,0
3019,'1497000',2009,,658,35,0,5,0
3019,'1497001',2012,,659,94,,,0
3019,'1497002',2307,,660,35,0,5,0
3019,'1497003',1712,,661,94,,,0
3019,'1497004',1012,,662,94,,,0
3019,'1497005',1312,,663,94,,,0
3019,'1497006',1809,,664,35,0,5,0
3019,'1497007',709,,665,35,0,5,0
3019,'1497008',909,,666,35,0,5,0
3019,'1497009',2212,,667,94,,,0
3019,'1497010',1812,,668,94,,,0
3019,'1497011',1112,,669,94,,,0
3019,'1497012',1009,,670,35,0,5,0
3019,'1497013',1309,,671,35,0,5,0
3019,'1497014',1609,,672,35,0,5,0
3019,'1497015',1612,,673,94,,,0
3019,'1497016',1109,,674,35,0,5,0
3019,'1497017',1509,,675,35,0,5,0
3019,'1497018',2109,,676,35,0,5,0
3019,'1497019',809,,677,35,0,5,0
3019,'1497020',2112,,678,94,,,0
3019,'1497021',1209,,679,35,0,5,0
3019,'1497022',642,,680,38,,,0
3019,'1497024',712,,682,94,,,0
