3019,'1491899',1540,,370,20,,,0
3019,'1491900',1710,,371,20,,,0
3019,'1491901',2025,,372,20,,,0
3019,'1491902',840,,373,20,,,0
3019,'1491903',710,,374,20,,,0
3019,'1491904',1610,,375,20,,,0
3019,'1491905',1140,,376,20,,,0
3019,'1491906',1110,,377,20,,,0
3019,'1491907',740,,378,20,,,0
3019,'1491908',910,,379,20,,,0
3019,'1491909',2225,,380,20,,,0
3019,'1491910',1340,,381,20,,,0
3019,'1491911',1310,,382,20,,,0
3019,'1491912',1440,,383,20,,,0
3019,'1491913',1240,,384,20,,,0
3019,'1491914',2125,,385,20,,,0
3019,'1491915',810,,386,20,,,0
3019,'1491916',1740,,387,20,,,0
3019,'1491917',1410,,388,20,,,0
3019,'1491918',1010,,389,20,,,0
3019,'1491919',1040,,390,20,,,0
3019,'1491920',1210,,391,20,,,0
3019,'1491921',1640,,392,20,,,0
3019,'1491922',940,,393,20,,,0
3019,'1491923',1510,,394,20,,,0
3019,'1491924',1825,,395,20,,,0
3019,'1491925',2323,,396,20,,,0
3019,'1491928',1925,,399,20,,,0
3019,'1492021',640,,400,20,,,0
3019,'1496989',725,,647,19,,,0
3019,'1496991',1425,,649,19,,,0
3019,'1496993',825,,651,19,,,0
3019,'1496994',1125,,652,19,,,0
3019,'1496995',2225,,653,19,,,0
3019,'1496996',1825,,654,19,,,0
3019,'1496999',1325,,657,19,,,0
3019,'1497001',1925,,659,19,,,0
3019,'1497003',1625,,661,19,,,0
3019,'1497004',925,,662,19,,,0
3019,'1497005',1225,,663,19,,,0
3019,'1497009',2125,,667,19,,,0
3019,'1497010',1725,,668,19,,,0
3019,'1497011',1025,,669,19,,,0
3019,'1497015',1525,,673,19,,,0
3019,'1497020',2025,,678,19,,,0
3019,'1497023',2323,,681,19,,,0
3019,'1497024',625,,682,19,,,0
