1019,'1496067',729,,702,35,,,0
1019,'1496069',829,,703,35,,,0
1019,'1496071',1559,,704,35,,,0
1019,'1496072',1659,,705,35,,,0
1019,'1496074',759,,706,35,,,0
1019,'1496075',1459,,707,35,,,0
1019,'1496076',1259,,708,35,,,0
1019,'1496080',1359,,709,35,,,0
1019,'1496085',1059,,710,35,,,0
1019,'1496087',1329,,711,35,,,0
1019,'1496089',859,,712,35,,,0
1019,'1496090',1159,,713,35,,,0
1019,'1496091',959,,714,35,,,0
1019,'1496093',1759,,715,35,,,0
1019,'1496095',1029,,716,35,,,0
1019,'1496097',929,,717,35,,,0
1019,'1496099',1429,,718,35,,,0
1019,'1496100',1529,,719,35,,,0
1019,'1496102',659,,720,35,,,0
1019,'1496103',1229,,721,35,,,0
1019,'1496104',1129,,722,35,,,0
1019,'1496107',1729,,723,35,,,0
1019,'1496109',1629,,724,35,,,0
1019,'1496110',559,,725,4,,,0
1019,'1496296',729,,726,35,,,0
1019,'1496298',829,,727,35,,,0
1019,'1496301',1559,,728,35,,,0
1019,'1496302',2144,,729,35,,,0
1019,'1496303',1659,,730,35,,,0
1019,'1496305',759,,731,35,,,0
1019,'1496306',1459,,732,35,,,0
1019,'1496307',1259,,733,35,,,0
1019,'1496308',1829,,734,35,,,0
1019,'1496313',1359,,735,35,,,0
1019,'1496314',1944,,736,35,,,0
1019,'1496315',2044,,737,35,,,0
1019,'1496321',1059,,738,35,,,0
1019,'1496323',1329,,739,35,,,0
1019,'1496326',859,,740,35,,,0
1019,'1496327',1159,,741,35,,,0
1019,'1496328',959,,742,35,,,0
1019,'1496330',2340,,743,35,,,0
1019,'1496331',1759,,744,35,,,0
1019,'1496334',1029,,745,35,,,0
1019,'1496336',929,,746,35,,,0
1019,'1496338',2244,,747,35,,,0
1019,'1496340',1429,,748,35,,,0
1019,'1496341',1529,,749,35,,,0
1019,'1496343',659,,750,35,,,0
1019,'1496344',1229,,751,35,,,0
1019,'1496345',1129,,752,35,,,0
1019,'1496348',1729,,753,35,,,0
1019,'1496350',1629,,754,35,,,0
1019,'1496351',559,,755,4,,,0
1019,'1496353',1859,,756,35,,,0
1019,'1496526',1344,,757,35,,,0
1019,'1496529',1944,,758,35,,,0
1019,'1496530',744,,759,35,,,0
1019,'1496531',644,,760,35,,,0
1019,'1496532',2044,,761,35,,,0
1019,'1496536',1044,,762,35,,,0
1019,'1496538',1444,,763,35,,,0
1019,'1496541',1644,,764,35,,,0
1019,'1496543',1144,,765,35,,,0
1019,'1496546',2144,,766,35,,,0
1019,'1496548',1544,,767,35,,,0
1019,'1496549',1744,,768,35,,,0
1019,'1496553',944,,769,35,,,0
1019,'1496554',844,,770,35,,,0
1019,'1496557',1244,,771,35,,,0
1019,'1496558',1844,,772,35,,,0
1019,'1496559',2340,,773,35,,,0
1019,'1496560',2244,,774,35,,,0
1019,'1496561',1344,,775,35,,,0
1019,'1496564',1944,,776,35,,,0
1019,'1496565',744,,777,35,,,0
1019,'1496566',2044,,778,35,,,0
1019,'1496570',1044,,779,35,,,0
1019,'1496572',1444,,780,35,,,0
1019,'1496575',1644,,781,35,,,0
1019,'1496576',1144,,782,35,,,0
1019,'1496579',2144,,783,35,,,0
1019,'1496581',1544,,784,35,,,0
1019,'1496582',1744,,785,35,,,0
1019,'1496586',944,,786,35,,,0
1019,'1496587',844,,787,35,,,0
1019,'1496590',1244,,788,35,,,0
1019,'1496591',1844,,789,35,,,0
1019,'1496592',2340,,790,35,,,0
1019,'1496593',2244,,791,35,,,0
