4019,'1491929',709,,525,58,,,0
4019,'1491930',2345,,526,58,,,0
4019,'1491931',1109,,527,58,,,0
4019,'1491932',909,,528,58,,,0
4019,'1491933',2054,,529,58,,,0
4019,'1491934',1709,,530,58,,,0
4019,'1491935',1909,,531,58,,,0
4019,'1491936',2154,,532,58,,,0
4019,'1491937',1009,,533,58,,,0
4019,'1491938',1209,,534,58,,,0
4019,'1491939',1954,,535,58,,,0
4019,'1491940',809,,536,58,,,0
4019,'1491941',1609,,537,58,,,0
4019,'1491942',1809,,538,58,,,0
4019,'1491943',1409,,539,58,,,0
4019,'1491944',1509,,540,58,,,0
4019,'1491945',2254,,541,58,,,0
4019,'1491946',1309,,542,58,,,0
4019,'1491947',609,,543,24,,,0
