3019,'1491899',1534,,370,7,,,0
3019,'1491900',1704,,371,7,,,0
3019,'1491901',2019,,372,7,,,0
3019,'1491902',834,,373,7,,,0
3019,'1491903',704,,374,7,,,0
3019,'1491904',1604,,375,7,,,0
3019,'1491905',1134,,376,7,,,0
3019,'1491906',1104,,377,7,,,0
3019,'1491907',734,,378,7,,,0
3019,'1491908',904,,379,7,,,0
3019,'1491909',2219,,380,7,,,0
3019,'1491910',1334,,381,7,,,0
3019,'1491911',1304,,382,7,,,0
3019,'1491912',1434,,383,7,,,0
3019,'1491913',1234,,384,7,,,0
3019,'1491914',2119,,385,7,,,0
3019,'1491915',804,,386,7,,,0
3019,'1491916',1734,,387,7,,,0
3019,'1491917',1404,,388,7,,,0
3019,'1491918',1004,,389,7,,,0
3019,'1491919',1034,,390,7,,,0
3019,'1491920',1204,,391,7,,,0
3019,'1491921',1634,,392,7,,,0
3019,'1491922',934,,393,7,,,0
3019,'1491923',1504,,394,7,,,0
3019,'1491924',1819,,395,7,,,0
3019,'1491925',2319,,396,7,,,0
3019,'1491928',1919,,399,7,,,0
3019,'1492021',634,,400,7,,,0
3019,'1496989',719,,647,7,,,0
3019,'1496991',1419,,649,7,,,0
3019,'1496993',819,,651,7,,,0
3019,'1496994',1119,,652,7,,,0
3019,'1496995',2219,,653,7,,,0
3019,'1496996',1819,,654,7,,,0
3019,'1496999',1319,,657,7,,,0
3019,'1497001',1919,,659,7,,,0
3019,'1497003',1619,,661,7,,,0
3019,'1497004',919,,662,7,,,0
3019,'1497005',1219,,663,7,,,0
3019,'1497009',2119,,667,7,,,0
3019,'1497010',1719,,668,7,,,0
3019,'1497011',1019,,669,7,,,0
3019,'1497015',1519,,673,7,,,0
3019,'1497020',2019,,678,7,,,0
3019,'1497023',2319,,681,7,,,0
3019,'1497024',619,,682,7,,,0
