2029,'1492022',2103,,280,120,,,0
2029,'1492026',1003,,281,120,,,0
2029,'1492029',1503,,282,120,,,0
2029,'1492030',1303,,283,120,,,0
2029,'1492031',1903,,284,120,,,0
2029,'1492033',1333,,285,120,,,0
2029,'1492035',1633,,286,120,,,0
2029,'1492039',1033,,287,120,,,0
2029,'1492041',2303,,288,120,,,0
2029,'1492044',903,,289,120,,,0
2029,'1492046',1703,,290,120,,,0
2029,'1492047',1533,,291,120,,,0
2029,'1492049',2354,,292,120,,,0
2029,'1492050',1133,,293,120,,,0
2029,'1492051',803,,294,120,,,0
2029,'1492052',1403,,295,120,,,0
2029,'1492054',2003,,296,120,,,0
2029,'1492056',1733,,297,120,,,0
2029,'1492059',1603,,298,120,,,0
2029,'1492060',1433,,299,120,,,0
2029,'1492061',833,,300,120,,,0
2029,'1492063',1803,,301,120,,,0
2029,'1492065',1103,,302,120,,,0
2029,'1492070',933,,303,120,,,0
2029,'1492071',2203,,304,120,,,0
2029,'1492072',1233,,305,120,,,0
2029,'1492073',1203,,306,120,,,0
2029,'1492076',1833,,307,120,,,0
2029,'1492081',703,,308,84,,,0
2029,'1496956',1803,,630,121,,,0
2029,'1496959',1203,,631,121,,,0
2029,'1496960',2303,,632,121,,,0
2029,'1496963',2354,,633,121,,,0
2029,'1496964',1103,,634,121,,,0
2029,'1496965',2103,,635,121,,,0
2029,'1496966',1003,,636,121,,,0
2029,'1496967',1603,,637,121,,,0
2029,'1496969',2203,,638,121,,,0
2029,'1496971',1903,,639,121,,,0
2029,'1496972',1303,,640,121,,,0
2029,'1496976',1503,,641,121,,,0
2029,'1496977',903,,642,121,,,0
2029,'1496978',1403,,643,121,,,0
2029,'1496980',2003,,644,121,,,0
2029,'1496982',1703,,645,121,,,0
2029,'1496985',803,,646,121,,,0
