3019,'1496125',1630,,1056,96,,,0
3019,'1496126',841,,1057,37,0,5,0
3019,'1496127',1041,,1058,37,0,5,0
3019,'1496128',1800,,1059,96,,,0
3019,'1496129',930,,1060,96,,,0
3019,'1496130',800,,1061,96,,,0
3019,'1496131',1700,,1062,96,,,0
3019,'1496132',1111,,1063,37,0,5,0
3019,'1496133',1230,,1064,96,,,0
3019,'1496134',1200,,1065,96,,,0
3019,'1496135',1641,,1066,37,0,5,0
3019,'1496136',830,,1067,96,,,0
3019,'1496137',1441,,1068,37,0,5,0
3019,'1496138',1000,,1069,96,,,0
3019,'1496139',1211,,1070,37,0,5,0
3019,'1496140',741,,1071,37,0,5,0
3019,'1496141',1430,,1072,96,,,0
3019,'1496142',1400,,1073,96,,,0
3019,'1496143',711,,1074,37,0,5,0
3019,'1496144',1530,,1075,96,,,0
3019,'1496145',1741,,1076,37,0,5,0
3019,'1496146',1330,,1077,96,,,0
3019,'1496147',1311,,1078,37,0,5,0
3019,'1496148',1011,,1079,37,0,5,0
3019,'1496149',1241,,1080,37,0,5,0
3019,'1496150',1341,,1081,37,0,5,0
3019,'1496151',900,,1082,96,,,0
3019,'1496152',811,,1083,37,0,5,0
3019,'1496153',1830,,1084,96,,,0
3019,'1496154',1500,,1085,96,,,0
3019,'1496155',1100,,1086,96,,,0
3019,'1496156',941,,1087,37,0,5,0
3019,'1496157',1611,,1088,37,0,5,0
3019,'1496158',1411,,1089,37,0,5,0
3019,'1496159',1130,,1090,96,,,0
3019,'1496160',1711,,1091,37,0,5,0
3019,'1496161',1141,,1092,37,0,5,0
3019,'1496162',1511,,1093,37,0,5,0
3019,'1496164',1300,,1095,96,,,0
3019,'1496165',1730,,1096,96,,,0
3019,'1496166',1541,,1097,37,0,5,0
3019,'1496167',1030,,1098,96,,,0
3019,'1496168',1600,,1099,96,,,0
3019,'1496169',911,,1100,37,0,5,0
3019,'1496170',600,,1101,6,,,0
3019,'1496171',630,,1102,40,,,0
3019,'1496172',611,,1103,6,0,5,0
3019,'1496173',730,,1104,96,,,0
3019,'1496374',1630,,1105,96,,,0
3019,'1496375',841,,1106,37,0,5,0
3019,'1496376',1041,,1107,37,0,5,0
3019,'1496377',1800,,1108,96,,,0
3019,'1496378',2115,,1109,96,,,0
3019,'1496379',2111,,1110,37,0,5,0
3019,'1496380',930,,1111,96,,,0
3019,'1496381',800,,1112,96,,,0
3019,'1496382',1700,,1113,96,,,0
3019,'1496383',2211,,1114,37,0,5,0
3019,'1496384',1111,,1115,37,0,5,0
3019,'1496385',1230,,1116,96,,,0
3019,'1496386',1200,,1117,96,,,0
3019,'1496387',1641,,1118,37,0,5,0
3019,'1496388',830,,1119,96,,,0
3019,'1496389',2309,,1120,37,0,5,0
3019,'1496390',1441,,1121,37,0,5,0
3019,'1496391',1911,,1122,37,0,5,0
3019,'1496392',1000,,1123,96,,,0
3019,'1496393',1211,,1124,37,0,5,0
3019,'1496394',741,,1125,37,0,5,0
3019,'1496395',2315,,1126,96,,,0
3019,'1496396',1430,,1127,96,,,0
3019,'1496397',2011,,1128,37,0,5,0
3019,'1496398',1400,,1129,96,,,0
3019,'1496399',711,,1130,37,0,5,0
3019,'1496400',1530,,1131,96,,,0
3019,'1496401',1741,,1132,37,0,5,0
3019,'1496402',1330,,1133,96,,,0
3019,'1496403',1311,,1134,37,0,5,0
3019,'1496404',2215,,1135,96,,,0
3019,'1496405',1811,,1136,37,0,5,0
3019,'1496406',1011,,1137,37,0,5,0
3019,'1496407',1241,,1138,37,0,5,0
3019,'1496408',1341,,1139,37,0,5,0
3019,'1496409',900,,1140,96,,,0
3019,'1496410',811,,1141,37,0,5,0
3019,'1496411',1830,,1142,96,,,0
3019,'1496412',1500,,1143,96,,,0
3019,'1496413',1100,,1144,96,,,0
3019,'1496414',941,,1145,37,0,5,0
3019,'1496415',1611,,1146,37,0,5,0
3019,'1496416',1411,,1147,37,0,5,0
3019,'1496417',1130,,1148,96,,,0
3019,'1496418',1711,,1149,37,0,5,0
3019,'1496419',1141,,1150,37,0,5,0
3019,'1496420',1511,,1151,37,0,5,0
3019,'1496422',1300,,1153,96,,,0
3019,'1496423',1730,,1154,96,,,0
3019,'1496424',1541,,1155,37,0,5,0
3019,'1496425',1030,,1156,96,,,0
3019,'1496426',1600,,1157,96,,,0
3019,'1496427',1915,,1158,96,,,0
3019,'1496428',911,,1159,37,0,5,0
3019,'1496430',600,,1161,6,,,0
3019,'1496431',630,,1162,40,,,0
3019,'1496432',2015,,1163,96,,,0
3019,'1496433',611,,1164,6,0,5,0
3019,'1496434',730,,1165,96,,,0
3019,'1496453',815,,1166,96,,,0
3019,'1496454',1711,,1167,37,0,5,0
3019,'1496455',1515,,1168,96,,,0
3019,'1496456',2211,,1169,37,0,5,0
3019,'1496457',915,,1170,96,,,0
3019,'1496458',1215,,1171,96,,,0
3019,'1496459',2315,,1172,96,,,0
3019,'1496460',1915,,1173,96,,,0
3019,'1496461',1911,,1174,37,0,5,0
3019,'1496462',1411,,1175,37,0,5,0
3019,'1496463',1415,,1176,96,,,0
3019,'1496464',2011,,1177,37,0,5,0
3019,'1496465',2015,,1178,96,,,0
3019,'1496466',2309,,1179,37,0,5,0
3019,'1496467',1715,,1180,96,,,0
3019,'1496468',1015,,1181,96,,,0
3019,'1496469',1315,,1182,96,,,0
3019,'1496470',1811,,1183,37,0,5,0
3019,'1496471',711,,1184,37,0,5,0
3019,'1496472',911,,1185,37,0,5,0
3019,'1496473',2215,,1186,96,,,0
3019,'1496474',1815,,1187,96,,,0
3019,'1496475',1115,,1188,96,,,0
3019,'1496476',1011,,1189,37,0,5,0
3019,'1496477',1311,,1190,37,0,5,0
3019,'1496478',1611,,1191,37,0,5,0
3019,'1496479',1615,,1192,96,,,0
3019,'1496480',1111,,1193,37,0,5,0
3019,'1496481',1511,,1194,37,0,5,0
3019,'1496482',2111,,1195,37,0,5,0
3019,'1496483',811,,1196,37,0,5,0
3019,'1496484',2115,,1197,96,,,0
3019,'1496485',1211,,1198,37,0,5,0
3019,'1496486',645,,1199,40,,,0
3019,'1496488',715,,1201,96,,,0
3019,'1496627',815,,1203,96,,,0
3019,'1496628',1711,,1204,37,0,5,0
3019,'1496629',1515,,1205,96,,,0
3019,'1496630',2211,,1206,37,0,5,0
3019,'1496631',915,,1207,96,,,0
3019,'1496632',1215,,1208,96,,,0
3019,'1496633',1915,,1209,96,,,0
3019,'1496634',1911,,1210,37,0,5,0
3019,'1496635',1411,,1211,37,0,5,0
3019,'1496636',1415,,1212,96,,,0
3019,'1496637',2011,,1213,37,0,5,0
3019,'1496638',2015,,1214,96,,,0
3019,'1496639',2309,,1215,37,0,5,0
3019,'1496640',1715,,1216,96,,,0
3019,'1496641',1015,,1217,96,,,0
3019,'1496642',1315,,1218,96,,,0
3019,'1496643',1811,,1219,37,0,5,0
3019,'1496644',911,,1220,37,0,5,0
3019,'1496645',2215,,1221,96,,,0
3019,'1496646',1815,,1222,96,,,0
3019,'1496647',1115,,1223,96,,,0
3019,'1496648',1011,,1224,37,0,5,0
3019,'1496649',1311,,1225,37,0,5,0
3019,'1496650',1611,,1226,37,0,5,0
3019,'1496651',1615,,1227,96,,,0
3019,'1496652',1111,,1228,37,0,5,0
3019,'1496653',1511,,1229,37,0,5,0
3019,'1496654',2111,,1230,37,0,5,0
3019,'1496655',811,,1231,37,0,5,0
3019,'1496656',2115,,1232,96,,,0
3019,'1496657',1211,,1233,37,0,5,0
3019,'1496658',745,,1234,40,,,0
