3019,'1488507',840,,436,38,0,5,0
3019,'1488508',1040,,437,38,0,5,0
3019,'1488511',2110,,438,38,0,5,0
3019,'1488515',2210,,439,38,0,5,0
3019,'1488516',1110,,440,38,0,5,0
3019,'1488519',1640,,441,38,0,5,0
3019,'1488521',2308,,442,38,0,5,0
3019,'1488522',1440,,443,38,0,5,0
3019,'1488523',1910,,444,38,0,5,0
3019,'1488525',1210,,445,38,0,5,0
3019,'1488526',740,,446,38,0,5,0
3019,'1488529',2010,,447,38,0,5,0
3019,'1488531',710,,448,38,0,5,0
3019,'1488533',1740,,449,38,0,5,0
3019,'1488535',1310,,450,38,0,5,0
3019,'1488537',1810,,451,38,0,5,0
3019,'1488538',1010,,452,38,0,5,0
3019,'1488539',1240,,453,38,0,5,0
3019,'1488540',1340,,454,38,0,5,0
3019,'1488542',810,,455,38,0,5,0
3019,'1488546',940,,456,38,0,5,0
3019,'1488547',1610,,457,38,0,5,0
3019,'1488548',1410,,458,38,0,5,0
3019,'1488550',1710,,459,38,0,5,0
3019,'1488551',1140,,460,38,0,5,0
3019,'1488552',1510,,461,38,0,5,0
3019,'1488556',1540,,463,38,0,5,0
3019,'1488560',910,,464,38,0,5,0
3019,'1488565',610,,465,5,0,5,0
3019,'1491899',1629,,370,96,,,0
3019,'1491900',1759,,371,96,,,0
3019,'1491901',2114,,372,96,,,0
3019,'1491902',929,,373,96,,,0
3019,'1491903',759,,374,96,,,0
3019,'1491904',1659,,375,96,,,0
3019,'1491905',1229,,376,96,,,0
3019,'1491906',1159,,377,96,,,0
3019,'1491907',829,,378,96,,,0
3019,'1491908',959,,379,96,,,0
3019,'1491909',2314,,380,96,,,0
3019,'1491910',1429,,381,96,,,0
3019,'1491911',1359,,382,96,,,0
3019,'1491912',1529,,383,96,,,0
3019,'1491913',1329,,384,96,,,0
3019,'1491914',2214,,385,96,,,0
3019,'1491915',859,,386,96,,,0
3019,'1491916',1829,,387,96,,,0
3019,'1491917',1459,,388,96,,,0
3019,'1491918',1059,,389,96,,,0
3019,'1491919',1129,,390,96,,,0
3019,'1491920',1259,,391,96,,,0
3019,'1491921',1729,,392,96,,,0
3019,'1491922',1029,,393,96,,,0
3019,'1491923',1559,,394,96,,,0
3019,'1491924',1914,,395,96,,,0
3019,'1491926',559,,397,5,,,0
3019,'1491927',629,,398,39,,,0
3019,'1491928',2014,,399,96,,,0
3019,'1492021',729,,400,96,,,0
3019,'1496989',814,,647,95,,,0
3019,'1496990',1710,,648,36,0,5,0
3019,'1496991',1514,,649,95,,,0
3019,'1496992',2210,,650,36,0,5,0
3019,'1496993',914,,651,95,,,0
3019,'1496994',1214,,652,95,,,0
3019,'1496995',2314,,653,95,,,0
3019,'1496996',1914,,654,95,,,0
3019,'1496997',1910,,655,36,0,5,0
3019,'1496998',1410,,656,36,0,5,0
3019,'1496999',1414,,657,95,,,0
3019,'1497000',2010,,658,36,0,5,0
3019,'1497001',2014,,659,95,,,0
3019,'1497002',2308,,660,36,0,5,0
3019,'1497003',1714,,661,95,,,0
3019,'1497004',1014,,662,95,,,0
3019,'1497005',1314,,663,95,,,0
3019,'1497006',1810,,664,36,0,5,0
3019,'1497007',710,,665,36,0,5,0
3019,'1497008',910,,666,36,0,5,0
3019,'1497009',2214,,667,95,,,0
3019,'1497010',1814,,668,95,,,0
3019,'1497011',1114,,669,95,,,0
3019,'1497012',1010,,670,36,0,5,0
3019,'1497013',1310,,671,36,0,5,0
3019,'1497014',1610,,672,36,0,5,0
3019,'1497015',1614,,673,95,,,0
3019,'1497016',1110,,674,36,0,5,0
3019,'1497017',1510,,675,36,0,5,0
3019,'1497018',2110,,676,36,0,5,0
3019,'1497019',810,,677,36,0,5,0
3019,'1497020',2114,,678,95,,,0
3019,'1497021',1210,,679,36,0,5,0
3019,'1497022',644,,680,39,,,0
3019,'1497024',714,,682,95,,,0
