2019,'1492023',2303,,191,66,,,0
2019,'1492024',1248,,192,66,,,0
2019,'1492025',1418,,193,66,,,0
2019,'1492027',2203,,194,66,,,0
2019,'1492028',1903,,195,66,,,0
2019,'1492032',1348,,196,66,,,0
2019,'1492034',1518,,197,66,,,0
2019,'1492036',1018,,198,66,,,0
2019,'1492037',1548,,199,66,,,0
2019,'1492038',948,,200,66,,,0
2019,'1492040',1148,,201,66,,,0
2019,'1492042',918,,202,66,,,0
2019,'1492043',848,,203,66,,,0
2019,'1492045',1048,,204,66,,,0
2019,'1492048',1618,,205,66,,,0
2019,'1492053',2103,,206,66,,,0
2019,'1492055',748,,207,66,,,0
2019,'1492057',1748,,208,66,,,0
2019,'1492062',1448,,210,66,,,0
2019,'1492064',1118,,211,66,,,0
2019,'1492066',1218,,212,66,,,0
2019,'1492067',1648,,213,66,,,0
2019,'1492068',1818,,214,66,,,0
2019,'1492069',1718,,215,66,,,0
2019,'1492074',818,,216,66,,,0
2019,'1492075',1318,,217,66,,,0
2019,'1492077',718,,218,66,,,0
2019,'1492079',618,,220,44,,,0
2019,'1492080',2003,,221,66,,,0
2019,'1496953',1802,,611,67,,,0
2019,'1496954',2202,,612,67,,,0
2019,'1496955',1402,,613,67,,,0
2019,'1496957',1202,,614,67,,,0
2019,'1496958',1502,,615,67,,,0
2019,'1496961',2102,,616,67,,,0
2019,'1496962',802,,617,67,,,0
2019,'1496968',1302,,618,67,,,0
2019,'1496970',2302,,619,67,,,0
2019,'1496973',1602,,620,67,,,0
2019,'1496974',1902,,621,67,,,0
2019,'1496975',1102,,622,67,,,0
2019,'1496979',1002,,623,67,,,0
2019,'1496981',902,,624,67,,,0
2019,'1496983',1702,,625,67,,,0
2019,'1496984',2002,,626,67,,,0
2019,'1496986',702,,627,67,,,0
2019,'1496987',632,,628,35,,,0
