4019,'1496112',632,,1237,4,,,0
4019,'1496113',1032,,1238,4,,,0
4019,'1496114',832,,1239,4,,,0
4019,'1496115',1632,,1240,4,,,0
4019,'1496116',932,,1241,4,,,0
4019,'1496117',1132,,1242,4,,,0
4019,'1496118',732,,1243,4,,,0
4019,'1496119',1532,,1244,4,,,0
4019,'1496120',1732,,1245,4,,,0
4019,'1496121',1332,,1246,4,,,0
4019,'1496122',1432,,1247,4,,,0
4019,'1496123',1232,,1248,4,,,0
4019,'1496355',632,,1250,4,,,0
4019,'1496356',2317,,1251,4,,,0
4019,'1496357',1032,,1252,4,,,0
4019,'1496358',832,,1253,4,,,0
4019,'1496359',2017,,1254,4,,,0
4019,'1496360',1632,,1255,4,,,0
4019,'1496361',1832,,1256,4,,,0
4019,'1496362',2117,,1257,4,,,0
4019,'1496363',932,,1258,4,,,0
4019,'1496364',1132,,1259,4,,,0
4019,'1496365',1917,,1260,4,,,0
4019,'1496366',732,,1261,4,,,0
4019,'1496367',1532,,1262,4,,,0
4019,'1496368',1732,,1263,4,,,0
4019,'1496369',1332,,1264,4,,,0
4019,'1496370',1432,,1265,4,,,0
4019,'1496371',2217,,1266,4,,,0
4019,'1496372',1232,,1267,4,,,0
4019,'1496435',817,,1269,4,,,0
4019,'1496436',717,,1270,4,,,0
4019,'1496437',1617,,1271,4,,,0
4019,'1496438',2217,,1272,4,,,0
4019,'1496439',1717,,1273,4,,,0
4019,'1496440',1417,,1274,4,,,0
4019,'1496441',2117,,1275,4,,,0
4019,'1496442',1017,,1276,4,,,0
4019,'1496443',1917,,1277,4,,,0
4019,'1496444',1517,,1278,4,,,0
4019,'1496445',917,,1279,4,,,0
4019,'1496446',1817,,1280,4,,,0
4019,'1496447',1317,,1281,4,,,0
4019,'1496448',617,,1282,4,,,0
4019,'1496449',2017,,1283,4,,,0
4019,'1496450',1117,,1284,4,,,0
4019,'1496451',1217,,1285,4,,,0
4019,'1496452',2317,,1286,4,,,0
4019,'1496661',817,,1287,4,,,0
4019,'1496662',717,,1288,4,,,0
4019,'1496663',1617,,1289,4,,,0
4019,'1496664',2217,,1290,4,,,0
4019,'1496665',1717,,1291,4,,,0
4019,'1496666',1417,,1292,4,,,0
4019,'1496667',2117,,1293,4,,,0
4019,'1496668',1017,,1294,4,,,0
4019,'1496669',1917,,1295,4,,,0
4019,'1496670',1517,,1296,4,,,0
4019,'1496671',917,,1297,4,,,0
4019,'1496672',1817,,1298,4,,,0
4019,'1496673',1317,,1299,4,,,0
4019,'1496674',2017,,1300,4,,,0
4019,'1496675',1117,,1301,4,,,0
4019,'1496676',1217,,1302,4,,,0
4019,'1496677',2317,,1303,4,,,0
