8019,'1496053',1800,,1304,13,,,0
8019,'1496054',1100,,1305,13,,,0
8019,'1496055',1400,,1306,13,,,0
8019,'1496056',1000,,1307,13,,,0
8019,'1496057',1500,,1308,13,,,0
8019,'1496058',800,,1309,13,,,0
8019,'1496059',1700,,1310,13,,,0
8019,'1496060',900,,1311,13,,,0
8019,'1496061',700,,1312,13,,,0
8019,'1496062',1600,,1313,13,,,0
8019,'1496063',1300,,1314,13,,,0
8019,'1496064',1200,,1315,13,,,0
8019,'1496282',1800,,1316,13,,,0
8019,'1496283',1100,,1317,13,,,0
8019,'1496284',1400,,1318,13,,,0
8019,'1496285',1000,,1319,13,,,0
8019,'1496286',1500,,1320,13,,,0
8019,'1496287',800,,1321,13,,,0
8019,'1496288',1700,,1322,13,,,0
8019,'1496289',900,,1323,13,,,0
8019,'1496290',700,,1324,13,,,0
8019,'1496291',1600,,1325,13,,,0
8019,'1496292',1300,,1326,13,,,0
8019,'1496293',1200,,1327,13,,,0
