3019,'1488507',934,,436,128,0,5,0
3019,'1488508',1134,,437,128,0,5,0
3019,'1488511',2204,,438,128,0,5,0
3019,'1488515',2304,,439,128,0,5,0
3019,'1488516',1204,,440,128,0,5,0
3019,'1488519',1734,,441,128,0,5,0
3019,'1488521',2354,,442,128,0,5,0
3019,'1488522',1534,,443,128,0,5,0
3019,'1488523',2004,,444,128,0,5,0
3019,'1488525',1304,,445,128,0,5,0
3019,'1488526',834,,446,128,0,5,0
3019,'1488529',2104,,447,128,0,5,0
3019,'1488531',804,,448,128,0,5,0
3019,'1488533',1834,,449,128,0,5,0
3019,'1488535',1404,,450,128,0,5,0
3019,'1488537',1904,,451,128,0,5,0
3019,'1488538',1104,,452,128,0,5,0
3019,'1488539',1334,,453,128,0,5,0
3019,'1488540',1434,,454,128,0,5,0
3019,'1488542',904,,455,128,0,5,0
3019,'1488546',1034,,456,128,0,5,0
3019,'1488547',1704,,457,128,0,5,0
3019,'1488548',1504,,458,128,0,5,0
3019,'1488550',1804,,459,128,0,5,0
3019,'1488551',1234,,460,128,0,5,0
3019,'1488552',1604,,461,128,0,5,0
3019,'1488553',634,,462,48,0,5,0
3019,'1488556',1634,,463,128,0,5,0
3019,'1488560',1004,,464,128,0,5,0
3019,'1488565',704,,465,95,0,5,0
3019,'1496990',1804,,648,125,0,5,0
3019,'1496992',2304,,650,125,0,5,0
3019,'1496997',2004,,655,125,0,5,0
3019,'1496998',1504,,656,125,0,5,0
3019,'1497000',2104,,658,125,0,5,0
3019,'1497002',2354,,660,125,0,5,0
3019,'1497006',1904,,664,125,0,5,0
3019,'1497007',804,,665,125,0,5,0
3019,'1497008',1004,,666,125,0,5,0
3019,'1497012',1104,,670,125,0,5,0
3019,'1497013',1404,,671,125,0,5,0
3019,'1497014',1704,,672,125,0,5,0
3019,'1497016',1204,,674,125,0,5,0
3019,'1497017',1604,,675,125,0,5,0
3019,'1497018',2204,,676,125,0,5,0
3019,'1497019',904,,677,125,0,5,0
3019,'1497021',1304,,679,125,0,5,0
3019,'1497025',634,,683,47,0,5,0
