3019,'1488507',913,,436,87,0,5,0
3019,'1488508',1113,,437,87,0,5,0
3019,'1488511',2143,,438,87,0,5,0
3019,'1488515',2243,,439,87,0,5,0
3019,'1488516',1143,,440,87,0,5,0
3019,'1488519',1713,,441,87,0,5,0
3019,'1488521',2335,,442,87,0,5,0
3019,'1488522',1513,,443,87,0,5,0
3019,'1488523',1943,,444,87,0,5,0
3019,'1488525',1243,,445,87,0,5,0
3019,'1488526',813,,446,87,0,5,0
3019,'1488529',2043,,447,87,0,5,0
3019,'1488531',743,,448,87,0,5,0
3019,'1488533',1813,,449,87,0,5,0
3019,'1488535',1343,,450,87,0,5,0
3019,'1488537',1843,,451,87,0,5,0
3019,'1488538',1043,,452,87,0,5,0
3019,'1488539',1313,,453,87,0,5,0
3019,'1488540',1413,,454,87,0,5,0
3019,'1488542',843,,455,87,0,5,0
3019,'1488546',1013,,456,87,0,5,0
3019,'1488547',1643,,457,87,0,5,0
3019,'1488548',1443,,458,87,0,5,0
3019,'1488550',1743,,459,87,0,5,0
3019,'1488551',1213,,460,87,0,5,0
3019,'1488552',1543,,461,87,0,5,0
3019,'1488553',613,,462,7,0,5,0
3019,'1488556',1613,,463,87,0,5,0
3019,'1488560',943,,464,87,0,5,0
3019,'1488565',643,,465,54,0,5,0
3019,'1496990',1743,,648,85,0,5,0
3019,'1496992',2243,,650,85,0,5,0
3019,'1496997',1943,,655,85,0,5,0
3019,'1496998',1443,,656,85,0,5,0
3019,'1497000',2043,,658,85,0,5,0
3019,'1497002',2335,,660,85,0,5,0
3019,'1497006',1843,,664,85,0,5,0
3019,'1497007',743,,665,85,0,5,0
3019,'1497008',943,,666,85,0,5,0
3019,'1497012',1043,,670,85,0,5,0
3019,'1497013',1343,,671,85,0,5,0
3019,'1497014',1643,,672,85,0,5,0
3019,'1497016',1143,,674,85,0,5,0
3019,'1497017',1543,,675,85,0,5,0
3019,'1497018',2143,,676,85,0,5,0
3019,'1497019',843,,677,85,0,5,0
3019,'1497021',1243,,679,85,0,5,0
3019,'1497025',617,,683,7,0,5,0
