1019,'1491950',754,,37,70,,,0
1019,'1491952',854,,38,70,,,0
1019,'1491955',1624,,39,70,,,0
1019,'1491956',2209,,40,70,,,0
1019,'1491957',1724,,41,70,,,0
1019,'1491959',824,,42,70,,,0
1019,'1491960',1524,,43,70,,,0
1019,'1491961',1324,,44,70,,,0
1019,'1491962',1854,,45,70,,,0
1019,'1491967',1424,,46,70,,,0
1019,'1491968',2009,,47,70,,,0
1019,'1491969',2109,,48,70,,,0
1019,'1491975',1124,,49,70,,,0
1019,'1491977',1354,,50,70,,,0
1019,'1491980',924,,51,70,,,0
1019,'1491981',1224,,52,70,,,0
1019,'1491982',1024,,53,70,,,0
1019,'1491984',2359,,54,70,,,0
1019,'1491985',1824,,55,70,,,0
1019,'1491988',1054,,56,70,,,0
1019,'1491990',954,,57,70,,,0
1019,'1491992',2309,,58,70,,,0
1019,'1491994',1454,,59,70,,,0
1019,'1491995',1554,,60,70,,,0
1019,'1491997',724,,61,70,,,0
1019,'1491998',1254,,62,70,,,0
1019,'1491999',1154,,63,70,,,0
1019,'1492002',1754,,64,70,,,0
1019,'1492004',1654,,65,70,,,0
1019,'1492005',624,,66,40,,,0
1019,'1492007',1924,,67,70,,,0
2019,'1492023',2339,,191,126,,,0
2019,'1492024',1324,,192,126,,,0
2019,'1492025',1454,,193,126,,,0
2019,'1492027',2239,,194,126,,,0
2019,'1492028',1939,,195,126,,,0
2019,'1492032',1424,,196,126,,,0
2019,'1492034',1554,,197,126,,,0
2019,'1492036',1054,,198,126,,,0
2019,'1492037',1624,,199,126,,,0
2019,'1492038',1024,,200,126,,,0
2019,'1492040',1224,,201,126,,,0
2019,'1492042',954,,202,126,,,0
2019,'1492043',924,,203,126,,,0
2019,'1492045',1124,,204,126,,,0
2019,'1492048',1654,,205,126,,,0
2019,'1492053',2139,,206,126,,,0
2019,'1492055',824,,207,126,,,0
2019,'1492057',1824,,208,126,,,0
2019,'1492062',1524,,210,126,,,0
2019,'1492064',1154,,211,126,,,0
2019,'1492066',1254,,212,126,,,0
2019,'1492067',1724,,213,126,,,0
2019,'1492068',1854,,214,126,,,0
2019,'1492069',1754,,215,126,,,0
2019,'1492074',854,,216,126,,,0
2019,'1492075',1354,,217,126,,,0
2019,'1492077',754,,218,126,,,0
2019,'1492078',624,,219,41,,,0
2019,'1492079',654,,220,104,,,0
2019,'1492080',2039,,221,126,,,0
2019,'1496953',1839,,611,127,,,0
2019,'1496954',2239,,612,127,,,0
2019,'1496955',1439,,613,127,,,0
2019,'1496957',1239,,614,127,,,0
2019,'1496958',1539,,615,127,,,0
2019,'1496961',2139,,616,127,,,0
2019,'1496962',839,,617,127,,,0
2019,'1496968',1339,,618,127,,,0
2019,'1496970',2339,,619,127,,,0
2019,'1496973',1639,,620,127,,,0
2019,'1496974',1939,,621,127,,,0
2019,'1496975',1139,,622,127,,,0
2019,'1496979',1039,,623,127,,,0
2019,'1496981',939,,624,127,,,0
2019,'1496983',1739,,625,127,,,0
2019,'1496984',2039,,626,127,,,0
2019,'1496986',739,,627,127,,,0
2019,'1496987',709,,628,95,,,0
3019,'1491899',1654,,370,129,,,0
3019,'1491900',1824,,371,129,,,0
3019,'1491901',2139,,372,129,,,0
3019,'1491902',954,,373,129,,,0
3019,'1491903',824,,374,129,,,0
3019,'1491904',1724,,375,129,,,0
3019,'1491905',1254,,376,129,,,0
3019,'1491906',1224,,377,129,,,0
3019,'1491907',854,,378,129,,,0
3019,'1491908',1024,,379,129,,,0
3019,'1491909',2339,,380,129,,,0
3019,'1491910',1454,,381,129,,,0
3019,'1491911',1424,,382,129,,,0
3019,'1491912',1554,,383,129,,,0
3019,'1491913',1354,,384,129,,,0
3019,'1491914',2239,,385,129,,,0
3019,'1491915',924,,386,129,,,0
3019,'1491916',1854,,387,129,,,0
3019,'1491917',1524,,388,129,,,0
3019,'1491918',1124,,389,129,,,0
3019,'1491919',1154,,390,129,,,0
3019,'1491920',1324,,391,129,,,0
3019,'1491921',1754,,392,129,,,0
3019,'1491922',1054,,393,129,,,0
3019,'1491923',1624,,394,129,,,0
3019,'1491924',1939,,395,129,,,0
3019,'1491926',624,,397,38,,,0
3019,'1491927',654,,398,72,,,0
3019,'1491928',2039,,399,129,,,0
3019,'1492021',754,,400,129,,,0
3019,'1496989',839,,647,129,,,0
3019,'1496991',1539,,649,129,,,0
3019,'1496993',939,,651,129,,,0
3019,'1496994',1239,,652,129,,,0
3019,'1496995',2339,,653,129,,,0
3019,'1496996',1939,,654,129,,,0
3019,'1496999',1439,,657,129,,,0
3019,'1497001',2039,,659,129,,,0
3019,'1497003',1739,,661,129,,,0
3019,'1497004',1039,,662,129,,,0
3019,'1497005',1339,,663,129,,,0
3019,'1497009',2239,,667,129,,,0
3019,'1497010',1839,,668,129,,,0
3019,'1497011',1139,,669,129,,,0
3019,'1497015',1639,,673,129,,,0
3019,'1497020',2139,,678,129,,,0
3019,'1497022',709,,680,73,,,0
3019,'1497024',739,,682,129,,,0
