4019,'1491929',707,,525,53,,,0
4019,'1491930',2344,,526,53,,,0
4019,'1491931',1107,,527,53,,,0
4019,'1491932',907,,528,53,,,0
4019,'1491933',2052,,529,53,,,0
4019,'1491934',1707,,530,53,,,0
4019,'1491935',1907,,531,53,,,0
4019,'1491936',2152,,532,53,,,0
4019,'1491937',1007,,533,53,,,0
4019,'1491938',1207,,534,53,,,0
4019,'1491939',1952,,535,53,,,0
4019,'1491940',807,,536,53,,,0
4019,'1491941',1607,,537,53,,,0
4019,'1491942',1807,,538,53,,,0
4019,'1491943',1407,,539,53,,,0
4019,'1491944',1507,,540,53,,,0
4019,'1491945',2252,,541,53,,,0
4019,'1491946',1307,,542,53,,,0
4019,'1491947',607,,543,19,,,0
4019,'1497026',849,,684,53,,,0
4019,'1497027',749,,685,53,,,0
4019,'1497028',1649,,686,53,,,0
4019,'1497029',2249,,687,53,,,0
4019,'1497030',1749,,688,53,,,0
4019,'1497031',1449,,689,53,,,0
4019,'1497032',2149,,690,53,,,0
4019,'1497033',1049,,691,53,,,0
4019,'1497034',1949,,692,53,,,0
4019,'1497035',1549,,693,53,,,0
4019,'1497036',949,,694,53,,,0
4019,'1497037',1849,,695,53,,,0
4019,'1497038',1349,,696,53,,,0
4019,'1497039',649,,697,53,,,0
4019,'1497040',2049,,698,53,,,0
4019,'1497041',1149,,699,53,,,0
4019,'1497042',1249,,700,53,,,0
4019,'1497043',2344,,701,53,,,0
