2029,'1492022',2014,,280,50,,,0
2029,'1492026',914,,281,50,,,0
2029,'1492029',1414,,282,50,,,0
2029,'1492030',1214,,283,50,,,0
2029,'1492031',1814,,284,50,,,0
2029,'1492033',1244,,285,50,,,0
2029,'1492035',1544,,286,50,,,0
2029,'1492039',944,,287,50,,,0
2029,'1492041',2214,,288,50,,,0
2029,'1492044',814,,289,50,,,0
2029,'1492046',1614,,290,50,,,0
2029,'1492047',1444,,291,50,,,0
2029,'1492049',2311,,292,50,,,0
2029,'1492050',1044,,293,50,,,0
2029,'1492051',714,,294,50,,,0
2029,'1492052',1314,,295,50,,,0
2029,'1492054',1914,,296,50,,,0
2029,'1492056',1644,,297,50,,,0
2029,'1492059',1514,,298,50,,,0
2029,'1492060',1344,,299,50,,,0
2029,'1492061',744,,300,50,,,0
2029,'1492063',1714,,301,50,,,0
2029,'1492065',1014,,302,50,,,0
2029,'1492070',844,,303,50,,,0
2029,'1492071',2114,,304,50,,,0
2029,'1492072',1144,,305,50,,,0
2029,'1492073',1114,,306,50,,,0
2029,'1492076',1744,,307,50,,,0
2029,'1492081',614,,308,14,,,0
2029,'1496956',1714,,630,51,,,0
2029,'1496959',1114,,631,51,,,0
2029,'1496960',2214,,632,51,,,0
2029,'1496963',2311,,633,51,,,0
2029,'1496964',1014,,634,51,,,0
2029,'1496965',2014,,635,51,,,0
2029,'1496966',914,,636,51,,,0
2029,'1496967',1514,,637,51,,,0
2029,'1496969',2114,,638,51,,,0
2029,'1496971',1814,,639,51,,,0
2029,'1496972',1214,,640,51,,,0
2029,'1496976',1414,,641,51,,,0
2029,'1496977',814,,642,51,,,0
2029,'1496978',1314,,643,51,,,0
2029,'1496980',1914,,644,51,,,0
2029,'1496982',1614,,645,51,,,0
2029,'1496985',714,,646,51,,,0
