1019,'1496918',1323,,576,14,,,0
1019,'1496921',1923,,577,14,,,0
1019,'1496922',723,,578,14,,,0
1019,'1496923',623,,579,14,,,0
1019,'1496924',2023,,580,14,,,0
1019,'1496928',1023,,581,14,,,0
1019,'1496930',1423,,582,14,,,0
1019,'1496933',1623,,583,14,,,0
1019,'1496935',1123,,584,14,,,0
1019,'1496938',2123,,585,14,,,0
1019,'1496940',1523,,586,14,,,0
1019,'1496941',1723,,587,14,,,0
1019,'1496945',923,,588,14,,,0
1019,'1496946',823,,589,14,,,0
1019,'1496949',1223,,590,14,,,0
1019,'1496950',1823,,591,14,,,0
1019,'1496951',2323,,592,14,,,0
1019,'1496952',2223,,593,14,,,0
