2029,'1496221',611,,971,10,,,0
2029,'1496281',611,,972,10,,,0
2029,'1497044',912,,973,47,,,0
2029,'1497045',1412,,974,47,,,0
2029,'1497046',1212,,975,47,,,0
2029,'1497047',1242,,976,47,,,0
2029,'1497048',1542,,977,47,,,0
2029,'1497049',942,,978,47,,,0
2029,'1497050',812,,979,47,,,0
2029,'1497051',1612,,980,47,,,0
2029,'1497052',1442,,981,47,,,0
2029,'1497053',1042,,982,47,,,0
2029,'1497054',712,,983,47,,,0
2029,'1497055',1312,,984,47,,,0
2029,'1497056',1642,,985,47,,,0
2029,'1497057',1512,,986,47,,,0
2029,'1497058',1342,,987,47,,,0
2029,'1497059',742,,988,47,,,0
2029,'1497060',1712,,989,47,,,0
2029,'1497061',1012,,990,47,,,0
2029,'1497062',842,,991,47,,,0
2029,'1497063',1142,,992,47,,,0
2029,'1497064',1112,,993,47,,,0
2029,'1497065',1742,,994,47,,,0
2029,'1497066',2012,,995,47,,,0
2029,'1497067',912,,996,47,,,0
2029,'1497068',1412,,997,47,,,0
2029,'1497069',1212,,998,47,,,0
2029,'1497070',1812,,999,47,,,0
2029,'1497071',1242,,1000,47,,,0
2029,'1497072',1542,,1001,47,,,0
2029,'1497073',942,,1002,47,,,0
2029,'1497074',2212,,1003,47,,,0
2029,'1497075',812,,1004,47,,,0
2029,'1497076',1612,,1005,47,,,0
2029,'1497077',1442,,1006,47,,,0
2029,'1497078',2310,,1007,47,,,0
2029,'1497079',1042,,1008,47,,,0
2029,'1497080',712,,1009,47,,,0
2029,'1497081',1312,,1010,47,,,0
2029,'1497082',1912,,1011,47,,,0
2029,'1497083',1642,,1012,47,,,0
2029,'1497084',1512,,1013,47,,,0
2029,'1497085',1342,,1014,47,,,0
2029,'1497086',742,,1015,47,,,0
2029,'1497087',1712,,1016,47,,,0
2029,'1497088',1012,,1017,47,,,0
2029,'1497089',842,,1018,47,,,0
2029,'1497090',2112,,1019,47,,,0
2029,'1497091',1142,,1020,47,,,0
2029,'1497092',1112,,1021,47,,,0
2029,'1497093',1742,,1022,47,,,0
2029,'1497094',1712,,1023,47,,,0
2029,'1497095',1112,,1024,47,,,0
2029,'1497096',2212,,1025,47,,,0
2029,'1497097',2310,,1026,47,,,0
2029,'1497098',1012,,1027,47,,,0
2029,'1497099',2012,,1028,47,,,0
2029,'1497100',912,,1029,47,,,0
2029,'1497101',1512,,1030,47,,,0
2029,'1497102',2112,,1031,47,,,0
2029,'1497103',1812,,1032,47,,,0
2029,'1497104',1212,,1033,47,,,0
2029,'1497105',1412,,1034,47,,,0
2029,'1497106',812,,1035,47,,,0
2029,'1497107',1312,,1036,47,,,0
2029,'1497108',1912,,1037,47,,,0
2029,'1497109',1612,,1038,47,,,0
2029,'1497110',712,,1039,47,,,0
2029,'1497111',1712,,1040,47,,,0
2029,'1497112',1112,,1041,47,,,0
2029,'1497113',2212,,1042,47,,,0
2029,'1497114',2310,,1043,47,,,0
2029,'1497115',1012,,1044,47,,,0
2029,'1497116',2012,,1045,47,,,0
2029,'1497117',912,,1046,47,,,0
2029,'1497118',1512,,1047,47,,,0
2029,'1497119',2112,,1048,47,,,0
2029,'1497120',1812,,1049,47,,,0
2029,'1497121',1212,,1050,47,,,0
2029,'1497122',1412,,1051,47,,,0
2029,'1497123',812,,1052,47,,,0
2029,'1497124',1312,,1053,47,,,0
2029,'1497125',1912,,1054,47,,,0
2029,'1497126',1612,,1055,47,,,0
