8019,'1488718',1750,,544,11,,,0
8019,'1488719',1050,,545,11,,,0
8019,'1488720',1350,,546,11,,,0
8019,'1488721',950,,547,11,,,0
8019,'1488722',1450,,548,11,,,0
8019,'1488723',750,,549,11,,,0
8019,'1488724',1650,,550,11,,,0
8019,'1488725',850,,551,11,,,0
8019,'1488726',650,,552,11,,,0
8019,'1488727',1550,,553,11,,,0
8019,'1488728',1250,,554,11,,,0
8019,'1488729',1150,,555,11,,,0
8019,'1492009',1750,,556,11,,,0
8019,'1492010',1050,,557,11,,,0
8019,'1492011',1350,,558,11,,,0
8019,'1492012',950,,559,11,,,0
8019,'1492013',1450,,560,11,,,0
8019,'1492014',750,,561,11,,,0
8019,'1492015',1650,,562,11,,,0
8019,'1492016',850,,563,11,,,0
8019,'1492017',650,,564,11,,,0
8019,'1492018',1550,,565,11,,,0
8019,'1492019',1250,,566,11,,,0
8019,'1492020',1150,,567,11,,,0
