2029,'1492022',2051,,280,104,,,0
2029,'1492026',951,,281,104,,,0
2029,'1492029',1451,,282,104,,,0
2029,'1492030',1251,,283,104,,,0
2029,'1492031',1851,,284,104,,,0
2029,'1492033',1321,,285,104,,,0
2029,'1492035',1621,,286,104,,,0
2029,'1492039',1021,,287,104,,,0
2029,'1492041',2251,,288,104,,,0
2029,'1492044',851,,289,104,,,0
2029,'1492046',1651,,290,104,,,0
2029,'1492047',1521,,291,104,,,0
2029,'1492049',2345,,292,104,,,0
2029,'1492050',1121,,293,104,,,0
2029,'1492051',751,,294,104,,,0
2029,'1492052',1351,,295,104,,,0
2029,'1492054',1951,,296,104,,,0
2029,'1492056',1721,,297,104,,,0
2029,'1492059',1551,,298,104,,,0
2029,'1492060',1421,,299,104,,,0
2029,'1492061',821,,300,104,,,0
2029,'1492063',1751,,301,104,,,0
2029,'1492065',1051,,302,104,,,0
2029,'1492070',921,,303,104,,,0
2029,'1492071',2151,,304,104,,,0
2029,'1492072',1221,,305,104,,,0
2029,'1492073',1151,,306,104,,,0
2029,'1492076',1821,,307,104,,,0
2029,'1492081',651,,308,68,,,0
2029,'1496956',1751,,630,105,,,0
2029,'1496959',1151,,631,105,,,0
2029,'1496960',2251,,632,105,,,0
2029,'1496963',2345,,633,105,,,0
2029,'1496964',1051,,634,105,,,0
2029,'1496965',2051,,635,105,,,0
2029,'1496966',951,,636,105,,,0
2029,'1496967',1551,,637,105,,,0
2029,'1496969',2151,,638,105,,,0
2029,'1496971',1851,,639,105,,,0
2029,'1496972',1251,,640,105,,,0
2029,'1496976',1451,,641,105,,,0
2029,'1496977',851,,642,105,,,0
2029,'1496978',1351,,643,105,,,0
2029,'1496980',1951,,644,105,,,0
2029,'1496982',1651,,645,105,,,0
2029,'1496985',751,,646,105,,,0
