3019,'1491899',1604,,370,64,,,0
3019,'1491900',1734,,371,64,,,0
3019,'1491901',2049,,372,64,,,0
3019,'1491902',904,,373,64,,,0
3019,'1491903',734,,374,64,,,0
3019,'1491904',1634,,375,64,,,0
3019,'1491905',1204,,376,64,,,0
3019,'1491906',1134,,377,64,,,0
3019,'1491907',804,,378,64,,,0
3019,'1491908',934,,379,64,,,0
3019,'1491909',2249,,380,64,,,0
3019,'1491910',1404,,381,64,,,0
3019,'1491911',1334,,382,64,,,0
3019,'1491912',1504,,383,64,,,0
3019,'1491913',1304,,384,64,,,0
3019,'1491914',2149,,385,64,,,0
3019,'1491915',834,,386,64,,,0
3019,'1491916',1804,,387,64,,,0
3019,'1491917',1434,,388,64,,,0
3019,'1491918',1034,,389,64,,,0
3019,'1491919',1104,,390,64,,,0
3019,'1491920',1234,,391,64,,,0
3019,'1491921',1704,,392,64,,,0
3019,'1491922',1004,,393,64,,,0
3019,'1491923',1534,,394,64,,,0
3019,'1491924',1849,,395,64,,,0
3019,'1491925',2344,,396,64,,,0
3019,'1491927',604,,398,7,,,0
3019,'1491928',1949,,399,64,,,0
3019,'1492021',704,,400,64,,,0
3019,'1496989',749,,647,63,,,0
3019,'1496991',1449,,649,63,,,0
3019,'1496993',849,,651,63,,,0
3019,'1496994',1149,,652,63,,,0
3019,'1496995',2249,,653,63,,,0
3019,'1496996',1849,,654,63,,,0
3019,'1496999',1349,,657,63,,,0
3019,'1497001',1949,,659,63,,,0
3019,'1497003',1649,,661,63,,,0
3019,'1497004',949,,662,63,,,0
3019,'1497005',1249,,663,63,,,0
3019,'1497009',2149,,667,63,,,0
3019,'1497010',1749,,668,63,,,0
3019,'1497011',1049,,669,63,,,0
3019,'1497015',1549,,673,63,,,0
3019,'1497020',2049,,678,63,,,0
3019,'1497022',619,,680,7,,,0
3019,'1497023',2344,,681,63,,,0
3019,'1497024',649,,682,63,,,0
