3019,'1491899',1539,,370,19,,,0
3019,'1491900',1709,,371,19,,,0
3019,'1491901',2024,,372,19,,,0
3019,'1491902',839,,373,19,,,0
3019,'1491903',709,,374,19,,,0
3019,'1491904',1609,,375,19,,,0
3019,'1491905',1139,,376,19,,,0
3019,'1491906',1109,,377,19,,,0
3019,'1491907',739,,378,19,,,0
3019,'1491908',909,,379,19,,,0
3019,'1491909',2224,,380,19,,,0
3019,'1491910',1339,,381,19,,,0
3019,'1491911',1309,,382,19,,,0
3019,'1491912',1439,,383,19,,,0
3019,'1491913',1239,,384,19,,,0
3019,'1491914',2124,,385,19,,,0
3019,'1491915',809,,386,19,,,0
3019,'1491916',1739,,387,19,,,0
3019,'1491917',1409,,388,19,,,0
3019,'1491918',1009,,389,19,,,0
3019,'1491919',1039,,390,19,,,0
3019,'1491920',1209,,391,19,,,0
3019,'1491921',1639,,392,19,,,0
3019,'1491922',939,,393,19,,,0
3019,'1491923',1509,,394,19,,,0
3019,'1491924',1824,,395,19,,,0
3019,'1491925',2323,,396,19,,,0
3019,'1491928',1924,,399,19,,,0
3019,'1492021',639,,400,19,,,0
3019,'1496989',724,,647,18,,,0
3019,'1496991',1424,,649,18,,,0
3019,'1496993',824,,651,18,,,0
3019,'1496994',1124,,652,18,,,0
3019,'1496995',2224,,653,18,,,0
3019,'1496996',1824,,654,18,,,0
3019,'1496999',1324,,657,18,,,0
3019,'1497001',1924,,659,18,,,0
3019,'1497003',1624,,661,18,,,0
3019,'1497004',924,,662,18,,,0
3019,'1497005',1224,,663,18,,,0
3019,'1497009',2124,,667,18,,,0
3019,'1497010',1724,,668,18,,,0
3019,'1497011',1024,,669,18,,,0
3019,'1497015',1524,,673,18,,,0
3019,'1497020',2024,,678,18,,,0
3019,'1497023',2323,,681,18,,,0
3019,'1497024',624,,682,18,,,0
