2029,'1497044',852,,973,10,,,0
2029,'1497045',1352,,974,10,,,0
2029,'1497046',1152,,975,10,,,0
2029,'1497047',1222,,976,10,,,0
2029,'1497048',1522,,977,10,,,0
2029,'1497049',922,,978,10,,,0
2029,'1497050',752,,979,10,,,0
2029,'1497051',1552,,980,10,,,0
2029,'1497052',1422,,981,10,,,0
2029,'1497053',1022,,982,10,,,0
2029,'1497054',652,,983,10,,,0
2029,'1497055',1252,,984,10,,,0
2029,'1497056',1622,,985,10,,,0
2029,'1497057',1452,,986,10,,,0
2029,'1497058',1322,,987,10,,,0
2029,'1497059',722,,988,10,,,0
2029,'1497060',1652,,989,10,,,0
2029,'1497061',952,,990,10,,,0
2029,'1497062',822,,991,10,,,0
2029,'1497063',1122,,992,10,,,0
2029,'1497064',1052,,993,10,,,0
2029,'1497065',1722,,994,10,,,0
2029,'1497066',1952,,995,10,,,0
2029,'1497067',852,,996,10,,,0
2029,'1497068',1352,,997,10,,,0
2029,'1497069',1152,,998,10,,,0
2029,'1497070',1752,,999,10,,,0
2029,'1497071',1222,,1000,10,,,0
2029,'1497072',1522,,1001,10,,,0
2029,'1497073',922,,1002,10,,,0
2029,'1497074',2152,,1003,10,,,0
2029,'1497075',752,,1004,10,,,0
2029,'1497076',1552,,1005,10,,,0
2029,'1497077',1422,,1006,10,,,0
2029,'1497078',2250,,1007,10,,,0
2029,'1497079',1022,,1008,10,,,0
2029,'1497080',652,,1009,10,,,0
2029,'1497081',1252,,1010,10,,,0
2029,'1497082',1852,,1011,10,,,0
2029,'1497083',1622,,1012,10,,,0
2029,'1497084',1452,,1013,10,,,0
2029,'1497085',1322,,1014,10,,,0
2029,'1497086',722,,1015,10,,,0
2029,'1497087',1652,,1016,10,,,0
2029,'1497088',952,,1017,10,,,0
2029,'1497089',822,,1018,10,,,0
2029,'1497090',2052,,1019,10,,,0
2029,'1497091',1122,,1020,10,,,0
2029,'1497092',1052,,1021,10,,,0
2029,'1497093',1722,,1022,10,,,0
2029,'1497094',1652,,1023,10,,,0
2029,'1497095',1052,,1024,10,,,0
2029,'1497096',2152,,1025,10,,,0
2029,'1497097',2249,,1026,10,,,0
2029,'1497098',952,,1027,10,,,0
2029,'1497099',1952,,1028,10,,,0
2029,'1497100',852,,1029,10,,,0
2029,'1497101',1452,,1030,10,,,0
2029,'1497102',2052,,1031,10,,,0
2029,'1497103',1752,,1032,10,,,0
2029,'1497104',1152,,1033,10,,,0
2029,'1497105',1352,,1034,10,,,0
2029,'1497106',752,,1035,10,,,0
2029,'1497107',1252,,1036,10,,,0
2029,'1497108',1852,,1037,10,,,0
2029,'1497109',1552,,1038,10,,,0
2029,'1497110',652,,1039,10,,,0
2029,'1497111',1652,,1040,10,,,0
2029,'1497112',1052,,1041,10,,,0
2029,'1497113',2152,,1042,10,,,0
2029,'1497114',2249,,1043,10,,,0
2029,'1497115',952,,1044,10,,,0
2029,'1497116',1952,,1045,10,,,0
2029,'1497117',852,,1046,10,,,0
2029,'1497118',1452,,1047,10,,,0
2029,'1497119',2052,,1048,10,,,0
2029,'1497120',1752,,1049,10,,,0
2029,'1497121',1152,,1050,10,,,0
2029,'1497122',1352,,1051,10,,,0
2029,'1497123',752,,1052,10,,,0
2029,'1497124',1252,,1053,10,,,0
2029,'1497125',1852,,1054,10,,,0
2029,'1497126',1552,,1055,10,,,0
