2029,'1492022',2109,,280,128,,,0
2029,'1492026',1009,,281,128,,,0
2029,'1492029',1509,,282,128,,,0
2029,'1492030',1309,,283,128,,,0
2029,'1492031',1909,,284,128,,,0
2029,'1492033',1339,,285,128,,,0
2029,'1492035',1639,,286,128,,,0
2029,'1492039',1039,,287,128,,,0
2029,'1492041',2309,,288,128,,,0
2029,'1492044',909,,289,128,,,0
2029,'1492046',1709,,290,128,,,0
2029,'1492047',1539,,291,128,,,0
2029,'1492049',2359,,292,128,,,0
2029,'1492050',1139,,293,128,,,0
2029,'1492051',809,,294,128,,,0
2029,'1492052',1409,,295,128,,,0
2029,'1492054',2009,,296,128,,,0
2029,'1492056',1739,,297,128,,,0
2029,'1492059',1609,,298,128,,,0
2029,'1492060',1439,,299,128,,,0
2029,'1492061',839,,300,128,,,0
2029,'1492063',1809,,301,128,,,0
2029,'1492065',1109,,302,128,,,0
2029,'1492070',939,,303,128,,,0
2029,'1492071',2209,,304,128,,,0
2029,'1492072',1239,,305,128,,,0
2029,'1492073',1209,,306,128,,,0
2029,'1492076',1839,,307,128,,,0
2029,'1492081',709,,308,92,,,0
2029,'1496956',1809,,630,129,,,0
2029,'1496959',1209,,631,129,,,0
2029,'1496960',2309,,632,129,,,0
2029,'1496963',2359,,633,129,,,0
2029,'1496964',1109,,634,129,,,0
2029,'1496965',2109,,635,129,,,0
2029,'1496966',1009,,636,129,,,0
2029,'1496967',1609,,637,129,,,0
2029,'1496969',2209,,638,129,,,0
2029,'1496971',1909,,639,129,,,0
2029,'1496972',1309,,640,129,,,0
2029,'1496976',1509,,641,129,,,0
2029,'1496977',909,,642,129,,,0
2029,'1496978',1409,,643,129,,,0
2029,'1496980',2009,,644,129,,,0
2029,'1496982',1709,,645,129,,,0
2029,'1496985',809,,646,129,,,0
3019,'1488507',817,,436,5,0,5,0
3019,'1488508',1017,,437,5,0,5,0
3019,'1488511',2047,,438,5,0,5,0
3019,'1488515',2147,,439,5,0,5,0
3019,'1488516',1047,,440,5,0,5,0
3019,'1488519',1617,,441,5,0,5,0
3019,'1488521',2247,,442,5,0,5,0
3019,'1488522',1417,,443,5,0,5,0
3019,'1488523',1847,,444,5,0,5,0
3019,'1488525',1147,,445,5,0,5,0
3019,'1488526',717,,446,5,0,5,0
3019,'1488529',1947,,447,5,0,5,0
3019,'1488531',647,,448,5,0,5,0
3019,'1488533',1717,,449,5,0,5,0
3019,'1488535',1247,,450,5,0,5,0
3019,'1488537',1747,,451,5,0,5,0
3019,'1488538',947,,452,5,0,5,0
3019,'1488539',1217,,453,5,0,5,0
3019,'1488540',1317,,454,5,0,5,0
3019,'1488542',747,,455,5,0,5,0
3019,'1488546',917,,456,5,0,5,0
3019,'1488547',1547,,457,5,0,5,0
3019,'1488548',1347,,458,5,0,5,0
3019,'1488550',1647,,459,5,0,5,0
3019,'1488551',1117,,460,5,0,5,0
3019,'1488552',1447,,461,5,0,5,0
3019,'1488556',1517,,463,5,0,5,0
3019,'1488560',847,,464,5,0,5,0
3019,'1496990',1647,,648,5,0,5,0
3019,'1496992',2147,,650,5,0,5,0
3019,'1496997',1847,,655,5,0,5,0
3019,'1496998',1347,,656,5,0,5,0
3019,'1497000',1947,,658,5,0,5,0
3019,'1497002',2247,,660,5,0,5,0
3019,'1497006',1747,,664,5,0,5,0
3019,'1497007',647,,665,5,0,5,0
3019,'1497008',847,,666,5,0,5,0
3019,'1497012',947,,670,5,0,5,0
3019,'1497013',1247,,671,5,0,5,0
3019,'1497014',1547,,672,5,0,5,0
3019,'1497016',1047,,674,5,0,5,0
3019,'1497017',1447,,675,5,0,5,0
3019,'1497018',2047,,676,5,0,5,0
3019,'1497019',747,,677,5,0,5,0
3019,'1497021',1147,,679,5,0,5,0
