1019,1,1,0,0
1019,612,2,0,0
1019,613,3,0,0
1019,615,4,0,0
1019,616,5,0,0
1019,617,6,0,0
1019,618,7,0,0
1019,619,8,0,0
1019,620,9,0,0
1019,622,10,0,0
1019,623,11,0,0
1019,624,12,0,0
1019,625,13,0,0
1019,852,14,0,0
1019,733,15,0,0
1019,642,16,0,0
1019,100643,17,0,0
1019,644,18,0,0
1019,95,19,0,0
1019,91,20,0,0
1019,514,21,0,0
1019,98,22,0,0
1019,99,23,0,0
1019,94,24,0,0
1019,456,25,0,0
1019,457,26,0,0
1019,458,27,0,0
1019,459,28,0,0
1019,460,29,0,0
1019,461,30,0,0
1019,462,31,0,0
1019,463,32,0,0
1019,464,33,0,0
1019,817,34,0,0
1019,818,35,0,0
1019,819,36,0,0
1019,820,37,0,0
1019,821,38,0,0
1019,822,39,0,0
1019,823,40,0,0
1019,376,41,0,0
1019,377,42,0,0
1019,378,43,0,0
1019,379,44,0,0
1019,824,45,0,0
1019,825,46,0,0
1019,335,47,0,0
1019,211,48,0,0
1019,336,49,0,0
1019,337,50,0,0
1019,339,51,0,0
1019,340,52,0,0
1019,341,53,0,0
1019,342,54,0,0
1019,343,55,0,0
1019,344,56,0,0
1019,345,57,0,0
1019,346,58,0,0
1019,347,59,0,0
1019,348,60,0,0
1019,349,61,0,0
1019,350,62,0,0
1019,352,63,0,0
1019,353,64,0,0
1019,354,65,0,0
1019,355,66,0,0
1019,356,67,0,0
1019,357,68,0,0
1019,358,69,0,0
1019,434,70,0,0
1019,435,71,0,0
1019,436,72,0,0
1019,437,73,0,0
1019,438,74,0,0
1019,439,75,0,0
1019,183,76,0,0
1019,184,77,0,0
1019,185,78,0,0
1019,188,79,0,0
1029,1,1,0,0
1029,190,2,0,0
1029,499,3,0,0
1029,500,4,0,0
1029,194,5,0,0
1029,195,6,0,0
1029,196,7,0,0
1029,197,8,0,0
1029,198,9,0,0
1029,199,10,0,0
1029,200,11,0,0
1029,201,12,0,0
1029,202,13,0,0
1029,203,14,0,0
1029,204,15,0,0
1029,205,16,0,0
1029,206,17,0,0
1029,207,18,0,0
1029,208,19,0,0
1029,209,20,0,0
1029,210,21,0,0
1029,211,22,0,0
1029,212,23,0,0
1029,826,24,0,0
1029,827,25,0,0
1029,828,26,0,0
1029,421,27,0,0
1029,422,28,0,0
1029,423,29,0,0
1029,424,30,0,0
1029,470,31,0,0
1029,471,32,0,0
1029,472,33,0,0
1029,473,34,0,0
1029,474,35,0,0
1029,475,36,0,0
1029,476,37,0,0
1029,477,38,0,0
1029,479,39,0,0
1029,100478,40,0,0
1029,264,41,0,0
1029,265,42,0,0
1029,266,43,0,0
1029,267,44,0,0
1029,268,45,0,0
1029,269,46,0,0
1029,510,47,0,0
1029,511,48,0,0
1029,512,49,0,0
1029,95,50,0,0
1029,91,51,0,0
1029,514,52,0,0
1029,98,53,0,0
1029,99,54,0,0
1029,94,55,0,0
1029,627,56,0,0
1029,628,57,0,0
1029,629,58,0,0
1029,630,59,0,0
1029,631,60,0,0
1029,632,61,0,0
1029,652,62,0,0
1029,633,63,0,0
1029,634,64,0,0
1029,635,65,0,0
1029,636,66,0,0
1029,637,67,0,0
1029,638,68,0,0
1029,639,69,0,0
1029,640,70,0,0
1029,496,71,0,0
1029,498,72,0,0
2019,1,1,0,0
2019,2,2,0,0
2019,187,3,0,0
2019,532,4,0,0
2019,533,5,0,0
2019,534,6,0,0
2019,535,7,0,0
2019,536,8,0,0
2019,537,9,0,0
2019,838,10,0,0
2019,542,11,0,0
2019,543,12,0,0
2019,839,13,0,0
2019,544,14,0,0
2019,545,15,0,0
2019,546,16,0,0
2019,547,17,0,0
2019,548,18,0,0
2019,75,19,0,0
2019,76,20,0,0
2019,77,21,0,0
2019,78,22,0,0
2019,558,23,0,0
2019,559,24,0,0
2019,560,25,0,0
2019,561,26,0,0
2019,562,27,0,0
2019,791,28,0,0
2019,792,29,0,0
2019,793,30,0,0
2019,794,31,0,0
2019,795,32,0,0
2019,796,33,0,0
2019,853,34,0,0
2019,797,35,0,0
2019,798,36,0,0
2019,799,37,0,0
2019,800,38,0,0
2019,801,39,0,0
2019,522,40,0,0
2019,523,41,0,0
2019,524,42,0,0
2019,525,43,0,0
2019,526,44,0,0
2019,277,45,0,0
2019,112,46,0,0
2019,113,47,0,0
2019,114,48,0,0
2019,115,49,0,0
2019,116,50,0,0
2019,94,51,0,0
2019,95,52,0,0
2019,91,53,0,0
2019,120,54,0,0
2019,663,55,0,0
2019,288,56,0,0
2019,289,57,0,0
2019,290,58,0,0
2019,291,59,0,0
2019,292,60,0,0
2019,293,61,0,0
2019,294,62,0,0
2019,295,63,0,0
2019,754,64,0,0
2019,296,65,0,0
2019,297,66,0,0
2019,298,67,0,0
2019,299,68,0,0
2019,300,69,0,0
2019,301,70,0,0
2019,302,71,0,0
2019,303,72,0,0
2019,304,73,0,0
2019,305,74,0,0
2019,802,75,0,0
2019,803,76,0,0
2019,804,77,0,0
2019,805,78,0,0
2019,806,79,0,0
2019,807,80,0,0
2019,808,81,0,0
2019,809,82,0,0
2019,810,83,0,0
2019,811,84,0,0
2019,812,85,0,0
2019,813,86,0,0
2019,814,87,0,0
2019,815,88,0,0
2019,816,89,0,0
2019,321,90,0,0
2019,322,91,0,0
2019,323,92,0,0
2019,324,93,0,0
2019,325,94,0,0
2019,326,95,0,0
2019,327,96,0,0
2019,328,97,0,0
2019,329,98,0,0
2019,330,99,0,0
2019,331,100,0,0
2019,332,101,0,0
2019,333,102,0,0
2019,334,103,0,0
2019,335,104,0,0
2019,211,105,0,0
2019,336,106,0,0
2019,337,107,0,0
2019,467,108,0,0
2019,468,109,0,0
2019,469,110,0,0
2019,425,111,0,0
2019,426,112,0,0
2019,427,113,0,0
2019,428,114,0,0
2019,429,115,0,0
2019,430,116,0,0
2019,431,117,0,0
2019,432,118,0,0
2019,433,119,0,0
2019,350,120,0,0
2019,352,121,0,0
2019,353,122,0,0
2019,354,123,0,0
2019,355,124,0,0
2019,356,125,0,0
2019,357,126,0,0
2019,358,127,0,0
2029,1,1,0,0
2029,359,2,0,0
2029,360,3,0,0
2029,361,4,0,0
2029,362,5,0,0
2029,363,6,0,0
2029,364,7,0,0
2029,503,8,0,0
2029,368,9,0,0
2029,751,10,0,0
2029,369,11,0,0
2029,370,12,0,0
2029,371,13,0,0
2029,372,14,0,0
2029,465,15,0,0
2029,466,16,0,0
2029,206,17,0,0
2029,207,18,0,0
2029,208,19,0,0
2029,373,20,0,0
2029,374,21,0,0
2029,375,22,0,0
2029,843,23,0,0
2029,844,24,0,0
2029,209,25,0,0
2029,210,26,0,0
2029,211,27,0,0
2029,212,28,0,0
2029,213,29,0,0
2029,214,30,0,0
2029,215,31,0,0
2029,216,32,0,0
2029,217,33,0,0
2029,218,34,0,0
2029,219,35,0,0
2029,220,36,0,0
2029,221,37,0,0
2029,222,38,0,0
2029,223,39,0,0
2029,224,40,0,0
2029,225,41,0,0
2029,226,42,0,0
2029,227,43,0,0
2029,228,44,0,0
2029,753,45,0,0
2029,408,46,0,0
2029,409,47,0,0
2029,410,48,0,0
2029,411,49,0,0
2029,412,50,0,0
2029,413,51,0,0
2029,414,52,0,0
2029,415,53,0,0
2029,416,54,0,0
2029,417,55,0,0
2029,385,56,0,0
2029,386,57,0,0
2029,387,58,0,0
2029,388,59,0,0
2029,389,60,0,0
2029,390,61,0,0
2029,253,62,0,0
2029,254,63,0,0
2029,255,64,0,0
2029,256,65,0,0
2029,257,66,0,0
2029,258,67,0,0
2029,259,68,0,0
2029,260,69,0,0
2029,261,70,0,0
2029,262,71,0,0
2029,263,72,0,0
2029,100479,73,0,0
2029,480,74,0,0
2029,481,75,0,0
2029,482,76,0,0
2029,651,77,0,0
2029,829,78,0,0
2029,91,79,0,0
2029,120,80,0,0
2029,121,81,0,0
2029,783,82,0,0
2029,830,83,0,0
2029,101,84,0,0
2029,102,85,0,0
2029,104,86,0,0
2029,277,87,0,0
2029,112,88,0,0
2029,113,89,0,0
2029,105,90,0,0
2029,515,91,0,0
2029,516,92,0,0
2029,517,93,0,0
2029,518,94,0,0
2029,519,95,0,0
2029,520,96,0,0
2029,784,97,0,0
2029,785,98,0,0
2029,786,99,0,0
2029,787,100,0,0
2029,570,101,0,0
2029,571,102,0,0
2029,572,103,0,0
2029,573,104,0,0
2029,574,105,0,0
2029,575,106,0,0
2029,576,107,0,0
2029,577,108,0,0
2029,578,109,0,0
2029,579,110,0,0
2029,580,111,0,0
2029,581,112,0,0
2029,582,113,0,0
2029,128,114,0,0
2029,129,115,0,0
2029,130,116,0,0
2029,131,117,0,0
2029,132,118,0,0
2029,594,119,0,0
2029,595,120,0,0
2029,596,121,0,0
2029,597,122,0,0
2029,598,123,0,0
2029,600,124,0,0
2029,789,125,0,0
2029,606,126,0,0
2029,607,127,0,0
2029,608,128,0,0
2029,609,129,0,0
2029,610,130,0,0
2029,611,131,0,0
2029,186,132,0,0
2029,189,133,0,0
2029,188,134,0,0
3019,1,1,0,0
3019,2,2,0,0
3019,187,3,0,0
3019,186,4,0,0
3019,189,5,0,0
3019,190,6,0,0
3019,499,7,0,0
3019,500,8,0,0
3019,194,9,0,0
3019,195,10,0,0
3019,366,11,0,0
3019,367,12,0,0
3019,504,13,0,0
3019,505,14,0,0
3019,506,15,0,0
3019,507,16,0,0
3019,508,17,0,0
3019,509,18,0,0
3019,268,19,0,0
3019,269,20,0,0
3019,510,21,0,0
3019,511,22,0,0
3019,512,23,0,0
3019,95,24,0,0
3019,3,25,0,0
3019,4,26,0,0
3019,5,27,0,0
3019,6,28,0,0
3019,7,29,0,0
3019,8,30,0,0
3019,9,31,0,0
3019,10,32,0,0
3019,11,33,0,0
3019,12,34,0,0
3019,13,35,0,0
3019,14,36,0,0
3019,15,37,0,0
3019,16,38,0,0
3019,17,39,0,0
3019,18,40,0,0
3019,19,41,0,0
3019,20,42,0,0
3019,21,43,0,0
3019,22,44,0,0
3019,23,45,0,0
3019,24,46,0,0
3019,25,47,0,0
3019,26,48,0,0
3019,27,49,0,0
3019,28,50,0,0
3019,29,51,0,0
3019,30,52,0,0
3019,31,53,0,0
3019,32,54,0,0
3019,33,55,0,0
3019,34,56,0,0
3019,35,57,0,0
3019,36,58,0,0
3019,37,59,0,0
3019,38,60,0,0
3019,39,61,0,0
3019,40,62,0,0
3019,41,63,0,0
3019,42,64,0,0
3019,43,65,0,0
3019,831,66,0,0
3019,54,67,0,0
3019,55,68,0,0
3019,56,69,0,0
3019,772,70,0,0
3019,773,71,0,0
3019,774,72,0,0
3019,775,73,0,0
3019,776,74,0,0
3019,777,75,0,0
3019,778,76,0,0
3019,779,77,0,0
3019,842,78,0,0
3019,780,79,0,0
3019,70,80,0,0
3019,71,81,0,0
3019,72,82,0,0
3019,73,83,0,0
3019,549,84,0,0
3019,550,85,0,0
3019,551,86,0,0
3019,552,87,0,0
3019,553,88,0,0
3019,554,89,0,0
3019,555,90,0,0
3019,556,91,0,0
3019,557,92,0,0
3019,77,93,0,0
3019,78,94,0,0
3019,79,95,0,0
3019,80,96,0,0
3019,81,97,0,0
3019,82,98,0,0
3019,83,99,0,0
3019,781,100,0,0
3019,782,101,0,0
3019,88,102,0,0
3019,89,103,0,0
3019,90,104,0,0
3019,626,105,0,0
3019,92,106,0,0
3019,93,107,0,0
3019,99,108,0,0
3019,830,109,0,0
3019,101,110,0,0
3019,102,111,0,0
3019,104,112,0,0
3019,105,113,0,0
3019,106,114,0,0
3019,107,115,0,0
3019,665,116,0,0
3019,109,117,0,0
3019,110,118,0,0
3019,111,119,0,0
3019,112,120,0,0
3019,113,121,0,0
3019,283,122,0,0
3019,284,123,0,0
3019,285,124,0,0
3019,286,125,0,0
3019,287,126,0,0
3019,118,127,0,0
3019,119,128,0,0
3019,854,129,0,0
3019,91,130,0,0
3019,120,131,0,0
3019,663,132,0,0
3019,288,133,0,0
3019,289,134,0,0
3019,290,135,0,0
3019,291,136,0,0
3019,491,137,0,0
3019,527,138,0,0
3019,528,139,0,0
3019,529,140,0,0
3019,530,141,0,0
3019,531,142,0,0
3019,432,143,0,0
3019,433,144,0,0
3019,350,145,0,0
3019,352,146,0,0
3019,353,147,0,0
3019,354,148,0,0
3019,355,149,0,0
3019,356,150,0,0
3019,357,151,0,0
3019,358,152,0,0
3019,514,153,0,0
3019,98,154,0,0
3019,100,155,0,0
3019,278,156,0,0
3019,279,157,0,0
3019,280,158,0,0
3019,281,159,0,0
3019,282,160,0,0
3019,114,161,0,0
3019,115,162,0,0
3019,116,163,0,0
3019,122,164,0,0
3019,123,165,0,0
3019,124,166,0,0
3019,654,167,0,0
3019,765,168,0,0
3019,766,169,0,0
3019,767,170,0,0
3019,768,171,0,0
3019,126,172,0,0
3019,127,173,0,0
3019,128,174,0,0
3019,129,175,0,0
3019,130,176,0,0
3019,583,177,0,0
3019,584,178,0,0
3019,585,179,0,0
3019,586,180,0,0
3019,587,181,0,0
3019,588,182,0,0
3019,589,183,0,0
3019,590,184,0,0
3019,591,185,0,0
3019,592,186,0,0
3019,593,187,0,0
3019,133,188,0,0
3019,134,189,0,0
3019,135,190,0,0
3019,136,191,0,0
3019,137,192,0,0
3019,138,193,0,0
3019,60,194,0,0
3019,61,195,0,0
3019,62,196,0,0
3019,63,197,0,0
3019,64,198,0,0
3019,65,199,0,0
3019,66,200,0,0
3019,67,201,0,0
3019,68,202,0,0
3019,69,203,0,0
3019,139,204,0,0
3019,140,205,0,0
3019,141,206,0,0
3019,769,207,0,0
3019,770,208,0,0
3019,150,209,0,0
3019,151,210,0,0
3019,152,211,0,0
3019,153,212,0,0
3019,154,213,0,0
3019,155,214,0,0
3019,157,215,0,0
3019,158,216,0,0
3019,159,217,0,0
3019,160,218,0,0
3019,161,219,0,0
3019,162,220,0,0
3019,163,221,0,0
3019,164,222,0,0
3019,165,223,0,0
3019,166,224,0,0
3019,167,225,0,0
3019,168,226,0,0
3019,169,227,0,0
3019,170,228,0,0
3019,171,229,0,0
3019,172,230,0,0
3019,173,231,0,0
3019,174,232,0,0
3019,175,233,0,0
3019,176,234,0,0
3019,177,235,0,0
3019,178,236,0,0
3019,179,237,0,0
3019,180,238,0,0
3019,181,239,0,0
3019,182,240,0,0
3019,183,241,0,0
3019,184,242,0,0
3019,185,243,0,0
3019,188,244,0,0
4019,1,1,0,0
4019,359,2,0,0
4019,100440,3,0,0
4019,441,4,0,0
4019,443,5,0,0
4019,444,6,0,0
4019,445,7,0,0
4019,446,8,0,0
4019,447,9,0,0
4019,448,10,0,0
4019,292,11,0,0
4019,449,12,0,0
4019,450,13,0,0
4019,451,14,0,0
4019,452,15,0,0
4019,272,16,0,0
4019,273,17,0,0
4019,453,18,0,0
4019,274,19,0,0
4019,91,20,0,0
4019,456,21,0,0
4019,457,22,0,0
4019,458,23,0,0
4019,459,24,0,0
4019,460,25,0,0
4019,754,26,0,0
4019,296,27,0,0
4019,297,28,0,0
4019,755,29,0,0
4019,756,30,0,0
4019,841,31,0,0
4019,307,32,0,0
4019,308,33,0,0
4019,309,34,0,0
4019,310,35,0,0
4019,232,36,0,0
4019,233,37,0,0
4019,234,38,0,0
4019,236,39,0,0
4019,237,40,0,0
4019,238,41,0,0
4019,239,42,0,0
4019,240,43,0,0
4019,241,44,0,0
4019,242,45,0,0
4019,243,46,0,0
4019,244,47,0,0
4019,245,48,0,0
4019,246,49,0,0
4019,247,50,0,0
4019,752,51,0,0
4019,250,52,0,0
4019,251,53,0,0
4019,252,54,0,0
4019,757,55,0,0
4019,758,56,0,0
4019,759,57,0,0
4019,760,58,0,0
4019,845,59,0,0
4019,846,60,0,0
4019,847,61,0,0
4019,848,62,0,0
4019,849,63,0,0
4019,850,64,0,0
4019,851,65,0,0
4019,761,66,0,0
4019,840,67,0,0
4019,762,68,0,0
4019,763,69,0,0
4019,261,70,0,0
4019,262,71,0,0
4019,263,72,0,0
4019,264,73,0,0
4019,265,74,0,0
4019,266,75,0,0
4019,267,76,0,0
4019,491,77,0,0
4019,492,78,0,0
4019,493,79,0,0
4019,494,80,0,0
4019,495,81,0,0
4019,496,82,0,0
4019,498,83,0,0
8019,97,1,0,0
8019,185,2,0,0
8019,670,3,0,0
8019,833,4,0,0
8019,671,5,0,0
8019,501,6,0,0
8019,834,7,0,0
8019,660,8,0,0
8019,836,9,0,0
8019,669,10,0,0
8019,646,11,0,0
8019,91,12,0,0
8019,667,13,0,0
8019,655,14,0,0
8019,673,15,0,0
8019,674,16,0,0
8019,668,17,0,0
8019,290,18,0,0
8019,659,19,0,0
8019,267,20,0,0
10019,676,1,0,0
10019,1,2,0,0
10019,465,3,0,0
10019,91,4,0,0
10019,677,5,0,0
