2019,'1492023',2314,,191,85,,,0
2019,'1492024',1259,,192,85,,,0
2019,'1492025',1429,,193,85,,,0
2019,'1492027',2214,,194,85,,,0
2019,'1492028',1914,,195,85,,,0
2019,'1492032',1359,,196,85,,,0
2019,'1492034',1529,,197,85,,,0
2019,'1492036',1029,,198,85,,,0
2019,'1492037',1559,,199,85,,,0
2019,'1492038',959,,200,85,,,0
2019,'1492040',1159,,201,85,,,0
2019,'1492042',929,,202,85,,,0
2019,'1492043',859,,203,85,,,0
2019,'1492045',1059,,204,85,,,0
2019,'1492048',1629,,205,85,,,0
2019,'1492053',2114,,206,85,,,0
2019,'1492055',759,,207,85,,,0
2019,'1492057',1759,,208,85,,,0
2019,'1492062',1459,,210,85,,,0
2019,'1492064',1129,,211,85,,,0
2019,'1492066',1229,,212,85,,,0
2019,'1492067',1659,,213,85,,,0
2019,'1492068',1829,,214,85,,,0
2019,'1492069',1729,,215,85,,,0
2019,'1492074',829,,216,85,,,0
2019,'1492075',1329,,217,85,,,0
2019,'1492077',729,,218,85,,,0
2019,'1492079',629,,220,63,,,0
2019,'1492080',2014,,221,85,,,0
2019,'1496953',1814,,611,86,,,0
2019,'1496954',2214,,612,86,,,0
2019,'1496955',1414,,613,86,,,0
2019,'1496957',1214,,614,86,,,0
2019,'1496958',1514,,615,86,,,0
2019,'1496961',2114,,616,86,,,0
2019,'1496962',814,,617,86,,,0
2019,'1496968',1314,,618,86,,,0
2019,'1496970',2314,,619,86,,,0
2019,'1496973',1614,,620,86,,,0
2019,'1496974',1914,,621,86,,,0
2019,'1496975',1114,,622,86,,,0
2019,'1496979',1014,,623,86,,,0
2019,'1496981',914,,624,86,,,0
2019,'1496983',1714,,625,86,,,0
2019,'1496984',2014,,626,86,,,0
2019,'1496986',714,,627,86,,,0
2019,'1496987',644,,628,54,,,0
