2019,'1492023',2321,,191,98,,,0
2019,'1492024',1306,,192,98,,,0
2019,'1492025',1436,,193,98,,,0
2019,'1492027',2221,,194,98,,,0
2019,'1492028',1921,,195,98,,,0
2019,'1492032',1406,,196,98,,,0
2019,'1492034',1536,,197,98,,,0
2019,'1492036',1036,,198,98,,,0
2019,'1492037',1606,,199,98,,,0
2019,'1492038',1006,,200,98,,,0
2019,'1492040',1206,,201,98,,,0
2019,'1492042',936,,202,98,,,0
2019,'1492043',906,,203,98,,,0
2019,'1492045',1106,,204,98,,,0
2019,'1492048',1636,,205,98,,,0
2019,'1492053',2121,,206,98,,,0
2019,'1492055',806,,207,98,,,0
2019,'1492057',1806,,208,98,,,0
2019,'1492062',1506,,210,98,,,0
2019,'1492064',1136,,211,98,,,0
2019,'1492066',1236,,212,98,,,0
2019,'1492067',1706,,213,98,,,0
2019,'1492068',1836,,214,98,,,0
2019,'1492069',1736,,215,98,,,0
2019,'1492074',836,,216,98,,,0
2019,'1492075',1336,,217,98,,,0
2019,'1492077',736,,218,98,,,0
2019,'1492078',606,,219,13,,,0
2019,'1492079',636,,220,76,,,0
2019,'1492080',2021,,221,98,,,0
2019,'1496953',1821,,611,99,,,0
2019,'1496954',2221,,612,99,,,0
2019,'1496955',1421,,613,99,,,0
2019,'1496957',1221,,614,99,,,0
2019,'1496958',1521,,615,99,,,0
2019,'1496961',2121,,616,99,,,0
2019,'1496962',821,,617,99,,,0
2019,'1496968',1321,,618,99,,,0
2019,'1496970',2321,,619,99,,,0
2019,'1496973',1621,,620,99,,,0
2019,'1496974',1921,,621,99,,,0
2019,'1496975',1121,,622,99,,,0
2019,'1496979',1021,,623,99,,,0
2019,'1496981',921,,624,99,,,0
2019,'1496983',1721,,625,99,,,0
2019,'1496984',2021,,626,99,,,0
2019,'1496986',721,,627,99,,,0
2019,'1496987',651,,628,67,,,0
