1029,'1491948',1443,,124,40,,,0
1029,'1491949',1543,,125,40,,,0
1029,'1491951',1643,,126,40,,,0
1029,'1491953',743,,127,40,,,0
1029,'1491954',2113,,128,40,,,0
1029,'1491958',1043,,129,40,,,0
1029,'1491963',2013,,130,40,,,0
1029,'1491964',913,,131,40,,,0
1029,'1491965',1713,,132,40,,,0
1029,'1491966',1613,,133,40,,,0
1029,'1491970',1813,,134,40,,,0
1029,'1491971',1213,,135,40,,,0
1029,'1491972',1243,,136,40,,,0
1029,'1491973',1413,,137,40,,,0
1029,'1491974',1013,,138,40,,,0
1029,'1491976',713,,139,40,,,0
1029,'1491978',1843,,140,40,,,0
1029,'1491979',1743,,141,40,,,0
1029,'1491983',1343,,142,40,,,0
1029,'1491986',943,,143,40,,,0
1029,'1491987',2213,,144,40,,,0
1029,'1491989',1143,,145,40,,,0
1029,'1491991',2313,,146,40,,,0
1029,'1491993',843,,147,40,,,0
1029,'1491996',813,,148,40,,,0
1029,'1492000',1513,,149,40,,,0
1029,'1492001',1313,,150,40,,,0
1029,'1492003',1113,,151,40,,,0
1029,'1492008',1913,,153,40,,,0
1029,'1496919',1911,,594,40,,,0
1029,'1496920',2111,,595,40,,,0
1029,'1496925',1811,,596,40,,,0
1029,'1496926',2211,,597,40,,,0
1029,'1496927',1311,,598,40,,,0
1029,'1496929',1111,,599,40,,,0
1029,'1496931',1011,,600,40,,,0
1029,'1496932',2011,,601,40,,,0
1029,'1496934',711,,602,40,,,0
1029,'1496936',2311,,603,40,,,0
1029,'1496937',1511,,604,40,,,0
1029,'1496939',1611,,605,40,,,0
1029,'1496942',811,,606,40,,,0
1029,'1496943',1211,,607,40,,,0
1029,'1496944',911,,608,40,,,0
1029,'1496947',1711,,609,40,,,0
1029,'1496948',1411,,610,40,,,0
