1019,'1491950',717,,37,21,,,0
1019,'1491952',817,,38,21,,,0
1019,'1491955',1547,,39,21,,,0
1019,'1491956',2132,,40,21,,,0
1019,'1491957',1647,,41,21,,,0
1019,'1491959',747,,42,21,,,0
1019,'1491960',1447,,43,21,,,0
1019,'1491961',1247,,44,21,,,0
1019,'1491962',1817,,45,21,,,0
1019,'1491967',1347,,46,21,,,0
1019,'1491968',1932,,47,21,,,0
1019,'1491969',2032,,48,21,,,0
1019,'1491975',1047,,49,21,,,0
1019,'1491977',1317,,50,21,,,0
1019,'1491980',847,,51,21,,,0
1019,'1491981',1147,,52,21,,,0
1019,'1491982',947,,53,21,,,0
1019,'1491984',2332,,54,21,,,0
1019,'1491985',1747,,55,21,,,0
1019,'1491988',1017,,56,21,,,0
1019,'1491990',917,,57,21,,,0
1019,'1491992',2232,,58,21,,,0
1019,'1491994',1417,,59,21,,,0
1019,'1491995',1517,,60,21,,,0
1019,'1491997',647,,61,21,,,0
1019,'1491998',1217,,62,21,,,0
1019,'1491999',1117,,63,21,,,0
1019,'1492002',1717,,64,21,,,0
1019,'1492004',1617,,65,21,,,0
1019,'1492007',1847,,67,21,,,0
1019,'1496918',1332,,576,22,,,0
1019,'1496921',1932,,577,22,,,0
1019,'1496922',732,,578,22,,,0
1019,'1496923',632,,579,22,,,0
1019,'1496924',2032,,580,22,,,0
1019,'1496928',1032,,581,22,,,0
1019,'1496930',1432,,582,22,,,0
1019,'1496933',1632,,583,22,,,0
1019,'1496935',1132,,584,22,,,0
1019,'1496938',2132,,585,22,,,0
1019,'1496940',1532,,586,22,,,0
1019,'1496941',1732,,587,22,,,0
1019,'1496945',932,,588,22,,,0
1019,'1496946',832,,589,22,,,0
1019,'1496949',1232,,590,22,,,0
1019,'1496950',1832,,591,22,,,0
1019,'1496951',2332,,592,22,,,0
1019,'1496952',2232,,593,22,,,0
1029,'1491948',1455,,124,53,,,0
1029,'1491949',1555,,125,53,,,0
1029,'1491951',1655,,126,53,,,0
1029,'1491953',755,,127,53,,,0
1029,'1491954',2125,,128,53,,,0
1029,'1491958',1055,,129,53,,,0
1029,'1491963',2025,,130,53,,,0
1029,'1491964',925,,131,53,,,0
1029,'1491965',1725,,132,53,,,0
1029,'1491966',1625,,133,53,,,0
1029,'1491970',1825,,134,53,,,0
1029,'1491971',1225,,135,53,,,0
1029,'1491972',1255,,136,53,,,0
1029,'1491973',1425,,137,53,,,0
1029,'1491974',1025,,138,53,,,0
1029,'1491976',725,,139,53,,,0
1029,'1491978',1855,,140,53,,,0
1029,'1491979',1755,,141,53,,,0
1029,'1491983',1355,,142,53,,,0
1029,'1491986',955,,143,53,,,0
1029,'1491987',2225,,144,53,,,0
1029,'1491989',1155,,145,53,,,0
1029,'1491991',2325,,146,53,,,0
1029,'1491993',855,,147,53,,,0
1029,'1491996',825,,148,53,,,0
1029,'1492000',1525,,149,53,,,0
1029,'1492001',1325,,150,53,,,0
1029,'1492003',1125,,151,53,,,0
1029,'1492006',625,,152,8,,,0
1029,'1492008',1925,,153,53,,,0
1029,'1496919',1923,,594,53,,,0
1029,'1496920',2123,,595,53,,,0
1029,'1496925',1823,,596,53,,,0
1029,'1496926',2223,,597,53,,,0
1029,'1496927',1323,,598,53,,,0
1029,'1496929',1123,,599,53,,,0
1029,'1496931',1023,,600,53,,,0
1029,'1496932',2023,,601,53,,,0
1029,'1496934',723,,602,53,,,0
1029,'1496936',2323,,603,53,,,0
1029,'1496937',1523,,604,53,,,0
1029,'1496939',1623,,605,53,,,0
1029,'1496942',823,,606,53,,,0
1029,'1496943',1223,,607,53,,,0
1029,'1496944',923,,608,53,,,0
1029,'1496947',1723,,609,53,,,0
1029,'1496948',1423,,610,53,,,0
3019,'1488507',832,,436,27,0,5,0
3019,'1488508',1032,,437,27,0,5,0
3019,'1488511',2102,,438,27,0,5,0
3019,'1488515',2202,,439,27,0,5,0
3019,'1488516',1102,,440,27,0,5,0
3019,'1488519',1632,,441,27,0,5,0
3019,'1488521',2302,,442,27,0,5,0
3019,'1488522',1432,,443,27,0,5,0
3019,'1488523',1902,,444,27,0,5,0
3019,'1488525',1202,,445,27,0,5,0
3019,'1488526',732,,446,27,0,5,0
3019,'1488529',2002,,447,27,0,5,0
3019,'1488531',702,,448,27,0,5,0
3019,'1488533',1732,,449,27,0,5,0
3019,'1488535',1302,,450,27,0,5,0
3019,'1488537',1802,,451,27,0,5,0
3019,'1488538',1002,,452,27,0,5,0
3019,'1488539',1232,,453,27,0,5,0
3019,'1488540',1332,,454,27,0,5,0
3019,'1488542',802,,455,27,0,5,0
3019,'1488546',932,,456,27,0,5,0
3019,'1488547',1602,,457,27,0,5,0
3019,'1488548',1402,,458,27,0,5,0
3019,'1488550',1702,,459,27,0,5,0
3019,'1488551',1132,,460,27,0,5,0
3019,'1488552',1502,,461,27,0,5,0
3019,'1488556',1532,,463,27,0,5,0
3019,'1488560',902,,464,27,0,5,0
3019,'1496990',1702,,648,26,0,5,0
3019,'1496992',2202,,650,26,0,5,0
3019,'1496997',1902,,655,26,0,5,0
3019,'1496998',1402,,656,26,0,5,0
3019,'1497000',2002,,658,26,0,5,0
3019,'1497002',2302,,660,26,0,5,0
3019,'1497006',1802,,664,26,0,5,0
3019,'1497007',702,,665,26,0,5,0
3019,'1497008',902,,666,26,0,5,0
3019,'1497012',1002,,670,26,0,5,0
3019,'1497013',1302,,671,26,0,5,0
3019,'1497014',1602,,672,26,0,5,0
3019,'1497016',1102,,674,26,0,5,0
3019,'1497017',1502,,675,26,0,5,0
3019,'1497018',2102,,676,26,0,5,0
3019,'1497019',802,,677,26,0,5,0
3019,'1497021',1202,,679,26,0,5,0
