3019,'1491899',1552,,370,44,,,0
3019,'1491900',1722,,371,44,,,0
3019,'1491901',2037,,372,44,,,0
3019,'1491902',852,,373,44,,,0
3019,'1491903',722,,374,44,,,0
3019,'1491904',1622,,375,44,,,0
3019,'1491905',1152,,376,44,,,0
3019,'1491906',1122,,377,44,,,0
3019,'1491907',752,,378,44,,,0
3019,'1491908',922,,379,44,,,0
3019,'1491909',2237,,380,44,,,0
3019,'1491910',1352,,381,44,,,0
3019,'1491911',1322,,382,44,,,0
3019,'1491912',1452,,383,44,,,0
3019,'1491913',1252,,384,44,,,0
3019,'1491914',2137,,385,44,,,0
3019,'1491915',822,,386,44,,,0
3019,'1491916',1752,,387,44,,,0
3019,'1491917',1422,,388,44,,,0
3019,'1491918',1022,,389,44,,,0
3019,'1491919',1052,,390,44,,,0
3019,'1491920',1222,,391,44,,,0
3019,'1491921',1652,,392,44,,,0
3019,'1491922',952,,393,44,,,0
3019,'1491923',1522,,394,44,,,0
3019,'1491924',1837,,395,44,,,0
3019,'1491925',2335,,396,44,,,0
3019,'1491928',1937,,399,44,,,0
3019,'1492021',652,,400,44,,,0
3019,'1496989',737,,647,43,,,0
3019,'1496991',1437,,649,43,,,0
3019,'1496993',837,,651,43,,,0
3019,'1496994',1137,,652,43,,,0
3019,'1496995',2237,,653,43,,,0
3019,'1496996',1837,,654,43,,,0
3019,'1496999',1337,,657,43,,,0
3019,'1497001',1937,,659,43,,,0
3019,'1497003',1637,,661,43,,,0
3019,'1497004',937,,662,43,,,0
3019,'1497005',1237,,663,43,,,0
3019,'1497009',2137,,667,43,,,0
3019,'1497010',1737,,668,43,,,0
3019,'1497011',1037,,669,43,,,0
3019,'1497015',1537,,673,43,,,0
3019,'1497020',2037,,678,43,,,0
3019,'1497023',2335,,681,43,,,0
3019,'1497024',637,,682,43,,,0
