2029,'1492022',2004,,280,30,,,0
2029,'1492026',904,,281,30,,,0
2029,'1492029',1404,,282,30,,,0
2029,'1492030',1204,,283,30,,,0
2029,'1492031',1804,,284,30,,,0
2029,'1492033',1234,,285,30,,,0
2029,'1492035',1534,,286,30,,,0
2029,'1492039',934,,287,30,,,0
2029,'1492041',2204,,288,30,,,0
2029,'1492044',804,,289,30,,,0
2029,'1492046',1604,,290,30,,,0
2029,'1492047',1434,,291,30,,,0
2029,'1492049',2303,,292,30,,,0
2029,'1492050',1034,,293,30,,,0
2029,'1492051',704,,294,30,,,0
2029,'1492052',1304,,295,30,,,0
2029,'1492054',1904,,296,30,,,0
2029,'1492056',1634,,297,30,,,0
2029,'1492059',1504,,298,30,,,0
2029,'1492060',1334,,299,30,,,0
2029,'1492061',734,,300,30,,,0
2029,'1492063',1704,,301,30,,,0
2029,'1492065',1004,,302,30,,,0
2029,'1492070',834,,303,30,,,0
2029,'1492071',2104,,304,30,,,0
2029,'1492072',1134,,305,30,,,0
2029,'1492073',1104,,306,30,,,0
2029,'1492076',1734,,307,30,,,0
2029,'1496956',1706,,630,31,,,0
2029,'1496959',1106,,631,31,,,0
2029,'1496960',2206,,632,31,,,0
2029,'1496963',2303,,633,31,,,0
2029,'1496964',1006,,634,31,,,0
2029,'1496965',2006,,635,31,,,0
2029,'1496966',906,,636,31,,,0
2029,'1496967',1506,,637,31,,,0
2029,'1496969',2106,,638,31,,,0
2029,'1496971',1806,,639,31,,,0
2029,'1496972',1206,,640,31,,,0
2029,'1496976',1406,,641,31,,,0
2029,'1496977',806,,642,31,,,0
2029,'1496978',1306,,643,31,,,0
2029,'1496980',1906,,644,31,,,0
2029,'1496982',1606,,645,31,,,0
2029,'1496985',706,,646,31,,,0
