4019,'1491929',713,,525,61,,,0
4019,'1491930',2349,,526,61,,,0
4019,'1491931',1113,,527,61,,,0
4019,'1491932',913,,528,61,,,0
4019,'1491933',2058,,529,61,,,0
4019,'1491934',1713,,530,61,,,0
4019,'1491935',1913,,531,61,,,0
4019,'1491936',2158,,532,61,,,0
4019,'1491937',1013,,533,61,,,0
4019,'1491938',1213,,534,61,,,0
4019,'1491939',1958,,535,61,,,0
4019,'1491940',813,,536,61,,,0
4019,'1491941',1613,,537,61,,,0
4019,'1491942',1813,,538,61,,,0
4019,'1491943',1413,,539,61,,,0
4019,'1491944',1513,,540,61,,,0
4019,'1491945',2258,,541,61,,,0
4019,'1491946',1313,,542,61,,,0
4019,'1491947',613,,543,27,,,0
