2019,'1492023',2235,,191,28,,,0
2019,'1492024',1220,,192,28,,,0
2019,'1492025',1350,,193,28,,,0
2019,'1492027',2135,,194,28,,,0
2019,'1492028',1835,,195,28,,,0
2019,'1492032',1320,,196,28,,,0
2019,'1492034',1450,,197,28,,,0
2019,'1492036',950,,198,28,,,0
2019,'1492037',1520,,199,28,,,0
2019,'1492038',920,,200,28,,,0
2019,'1492040',1120,,201,28,,,0
2019,'1492042',850,,202,28,,,0
2019,'1492043',820,,203,28,,,0
2019,'1492045',1020,,204,28,,,0
2019,'1492048',1550,,205,28,,,0
2019,'1492053',2035,,206,28,,,0
2019,'1492055',720,,207,28,,,0
2019,'1492057',1720,,208,28,,,0
2019,'1492058',2333,,209,28,,,0
2019,'1492062',1420,,210,28,,,0
2019,'1492064',1050,,211,28,,,0
2019,'1492066',1150,,212,28,,,0
2019,'1492067',1620,,213,28,,,0
2019,'1492068',1750,,214,28,,,0
2019,'1492069',1650,,215,28,,,0
2019,'1492074',750,,216,28,,,0
2019,'1492075',1250,,217,28,,,0
2019,'1492077',650,,218,28,,,0
2019,'1492079',550,,220,6,,,0
2019,'1492080',1935,,221,28,,,0
2019,'1496953',1735,,611,28,,,0
2019,'1496954',2135,,612,28,,,0
2019,'1496955',1335,,613,28,,,0
2019,'1496957',1135,,614,28,,,0
2019,'1496958',1435,,615,28,,,0
2019,'1496961',2035,,616,28,,,0
2019,'1496962',735,,617,28,,,0
2019,'1496968',1235,,618,28,,,0
2019,'1496970',2235,,619,28,,,0
2019,'1496973',1535,,620,28,,,0
2019,'1496974',1835,,621,28,,,0
2019,'1496975',1035,,622,28,,,0
2019,'1496979',935,,623,28,,,0
2019,'1496981',835,,624,28,,,0
2019,'1496983',1635,,625,28,,,0
2019,'1496984',1935,,626,28,,,0
2019,'1496986',635,,627,28,,,0
2019,'1496988',2333,,629,28,,,0
