2029,'1492022',2005,,280,31,,,0
2029,'1492026',905,,281,31,,,0
2029,'1492029',1405,,282,31,,,0
2029,'1492030',1205,,283,31,,,0
2029,'1492031',1805,,284,31,,,0
2029,'1492033',1235,,285,31,,,0
2029,'1492035',1535,,286,31,,,0
2029,'1492039',935,,287,31,,,0
2029,'1492041',2205,,288,31,,,0
2029,'1492044',805,,289,31,,,0
2029,'1492046',1605,,290,31,,,0
2029,'1492047',1435,,291,31,,,0
2029,'1492049',2304,,292,31,,,0
2029,'1492050',1035,,293,31,,,0
2029,'1492051',705,,294,31,,,0
2029,'1492052',1305,,295,31,,,0
2029,'1492054',1905,,296,31,,,0
2029,'1492056',1635,,297,31,,,0
2029,'1492059',1505,,298,31,,,0
2029,'1492060',1335,,299,31,,,0
2029,'1492061',735,,300,31,,,0
2029,'1492063',1705,,301,31,,,0
2029,'1492065',1005,,302,31,,,0
2029,'1492070',835,,303,31,,,0
2029,'1492071',2105,,304,31,,,0
2029,'1492072',1135,,305,31,,,0
2029,'1492073',1105,,306,31,,,0
2029,'1492076',1735,,307,31,,,0
2029,'1496956',1707,,630,32,,,0
2029,'1496959',1107,,631,32,,,0
2029,'1496960',2207,,632,32,,,0
2029,'1496963',2304,,633,32,,,0
2029,'1496964',1007,,634,32,,,0
2029,'1496965',2007,,635,32,,,0
2029,'1496966',907,,636,32,,,0
2029,'1496967',1507,,637,32,,,0
2029,'1496969',2107,,638,32,,,0
2029,'1496971',1807,,639,32,,,0
2029,'1496972',1207,,640,32,,,0
2029,'1496976',1407,,641,32,,,0
2029,'1496977',807,,642,32,,,0
2029,'1496978',1307,,643,32,,,0
2029,'1496980',1907,,644,32,,,0
2029,'1496982',1607,,645,32,,,0
2029,'1496985',707,,646,32,,,0
