1019,'1491950',745,,37,52,,,0
1019,'1491952',845,,38,52,,,0
1019,'1491955',1615,,39,52,,,0
1019,'1491956',2200,,40,52,,,0
1019,'1491957',1715,,41,52,,,0
1019,'1491959',815,,42,52,,,0
1019,'1491960',1515,,43,52,,,0
1019,'1491961',1315,,44,52,,,0
1019,'1491962',1845,,45,52,,,0
1019,'1491967',1415,,46,52,,,0
1019,'1491968',2000,,47,52,,,0
1019,'1491969',2100,,48,52,,,0
1019,'1491975',1115,,49,52,,,0
1019,'1491977',1345,,50,52,,,0
1019,'1491980',915,,51,52,,,0
1019,'1491981',1215,,52,52,,,0
1019,'1491982',1015,,53,52,,,0
1019,'1491984',2351,,54,52,,,0
1019,'1491985',1815,,55,52,,,0
1019,'1491988',1045,,56,52,,,0
1019,'1491990',945,,57,52,,,0
1019,'1491992',2300,,58,52,,,0
1019,'1491994',1445,,59,52,,,0
1019,'1491995',1545,,60,52,,,0
1019,'1491997',715,,61,52,,,0
1019,'1491998',1245,,62,52,,,0
1019,'1491999',1145,,63,52,,,0
1019,'1492002',1745,,64,52,,,0
1019,'1492004',1645,,65,52,,,0
1019,'1492005',615,,66,22,,,0
1019,'1492007',1915,,67,52,,,0
1019,'1496918',1400,,576,53,,,0
1019,'1496921',2000,,577,53,,,0
1019,'1496922',800,,578,53,,,0
1019,'1496923',700,,579,53,,,0
1019,'1496924',2100,,580,53,,,0
1019,'1496928',1100,,581,53,,,0
1019,'1496930',1500,,582,53,,,0
1019,'1496933',1700,,583,53,,,0
1019,'1496935',1200,,584,53,,,0
1019,'1496938',2200,,585,53,,,0
1019,'1496940',1600,,586,53,,,0
1019,'1496941',1800,,587,53,,,0
1019,'1496945',1000,,588,53,,,0
1019,'1496946',900,,589,53,,,0
1019,'1496949',1300,,590,53,,,0
1019,'1496950',1900,,591,53,,,0
1019,'1496951',2349,,592,53,,,0
1019,'1496952',2300,,593,53,,,0
