1019,'1496067',753,,702,71,,,0
1019,'1496069',853,,703,71,,,0
1019,'1496071',1623,,704,71,,,0
1019,'1496072',1723,,705,71,,,0
1019,'1496074',823,,706,71,,,0
1019,'1496075',1523,,707,71,,,0
1019,'1496076',1323,,708,71,,,0
1019,'1496080',1423,,709,71,,,0
1019,'1496085',1123,,710,71,,,0
1019,'1496087',1353,,711,71,,,0
1019,'1496089',923,,712,71,,,0
1019,'1496090',1223,,713,71,,,0
1019,'1496091',1023,,714,71,,,0
1019,'1496093',1823,,715,71,,,0
1019,'1496095',1053,,716,71,,,0
1019,'1496097',953,,717,71,,,0
1019,'1496099',1453,,718,71,,,0
1019,'1496100',1553,,719,71,,,0
1019,'1496102',723,,720,71,,,0
1019,'1496103',1253,,721,71,,,0
1019,'1496104',1153,,722,71,,,0
1019,'1496107',1753,,723,71,,,0
1019,'1496109',1653,,724,71,,,0
1019,'1496110',623,,725,40,,,0
1019,'1496296',753,,726,71,,,0
1019,'1496298',853,,727,71,,,0
1019,'1496301',1623,,728,71,,,0
1019,'1496302',2208,,729,71,,,0
1019,'1496303',1723,,730,71,,,0
1019,'1496305',823,,731,71,,,0
1019,'1496306',1523,,732,71,,,0
1019,'1496307',1323,,733,71,,,0
1019,'1496308',1853,,734,71,,,0
1019,'1496313',1423,,735,71,,,0
1019,'1496314',2008,,736,71,,,0
1019,'1496315',2108,,737,71,,,0
1019,'1496321',1123,,738,71,,,0
1019,'1496323',1353,,739,71,,,0
1019,'1496326',923,,740,71,,,0
1019,'1496327',1223,,741,71,,,0
1019,'1496328',1023,,742,71,,,0
1019,'1496330',2358,,743,71,,,0
1019,'1496331',1823,,744,71,,,0
1019,'1496334',1053,,745,71,,,0
1019,'1496336',953,,746,71,,,0
1019,'1496338',2308,,747,71,,,0
1019,'1496340',1453,,748,71,,,0
1019,'1496341',1553,,749,71,,,0
1019,'1496343',723,,750,71,,,0
1019,'1496344',1253,,751,71,,,0
1019,'1496345',1153,,752,71,,,0
1019,'1496348',1753,,753,71,,,0
1019,'1496350',1653,,754,71,,,0
1019,'1496351',623,,755,40,,,0
1019,'1496353',1923,,756,71,,,0
1019,'1496526',1408,,757,71,,,0
1019,'1496529',2008,,758,71,,,0
1019,'1496530',808,,759,71,,,0
1019,'1496531',708,,760,71,,,0
1019,'1496532',2108,,761,71,,,0
1019,'1496536',1108,,762,71,,,0
1019,'1496538',1508,,763,71,,,0
1019,'1496541',1708,,764,71,,,0
1019,'1496543',1208,,765,71,,,0
1019,'1496546',2208,,766,71,,,0
1019,'1496548',1608,,767,71,,,0
1019,'1496549',1808,,768,71,,,0
1019,'1496553',1008,,769,71,,,0
1019,'1496554',908,,770,71,,,0
1019,'1496557',1308,,771,71,,,0
1019,'1496558',1908,,772,71,,,0
1019,'1496559',2357,,773,71,,,0
1019,'1496560',2308,,774,71,,,0
1019,'1496561',1408,,775,71,,,0
1019,'1496564',2008,,776,71,,,0
1019,'1496565',808,,777,71,,,0
1019,'1496566',2108,,778,71,,,0
1019,'1496570',1108,,779,71,,,0
1019,'1496572',1508,,780,71,,,0
1019,'1496575',1708,,781,71,,,0
1019,'1496576',1208,,782,71,,,0
1019,'1496579',2208,,783,71,,,0
1019,'1496581',1608,,784,71,,,0
1019,'1496582',1808,,785,71,,,0
1019,'1496586',1008,,786,71,,,0
1019,'1496587',908,,787,71,,,0
1019,'1496590',1308,,788,71,,,0
1019,'1496591',1908,,789,71,,,0
1019,'1496592',2357,,790,71,,,0
1019,'1496593',2308,,791,71,,,0
