3019,'1488507',920,,436,96,0,5,0
3019,'1488508',1120,,437,96,0,5,0
3019,'1488511',2150,,438,96,0,5,0
3019,'1488515',2250,,439,96,0,5,0
3019,'1488516',1150,,440,96,0,5,0
3019,'1488519',1720,,441,96,0,5,0
3019,'1488521',2341,,442,96,0,5,0
3019,'1488522',1520,,443,96,0,5,0
3019,'1488523',1950,,444,96,0,5,0
3019,'1488525',1250,,445,96,0,5,0
3019,'1488526',820,,446,96,0,5,0
3019,'1488529',2050,,447,96,0,5,0
3019,'1488531',750,,448,96,0,5,0
3019,'1488533',1820,,449,96,0,5,0
3019,'1488535',1350,,450,96,0,5,0
3019,'1488537',1850,,451,96,0,5,0
3019,'1488538',1050,,452,96,0,5,0
3019,'1488539',1320,,453,96,0,5,0
3019,'1488540',1420,,454,96,0,5,0
3019,'1488542',850,,455,96,0,5,0
3019,'1488546',1020,,456,96,0,5,0
3019,'1488547',1650,,457,96,0,5,0
3019,'1488548',1450,,458,96,0,5,0
3019,'1488550',1750,,459,96,0,5,0
3019,'1488551',1220,,460,96,0,5,0
3019,'1488552',1550,,461,96,0,5,0
3019,'1488553',620,,462,16,0,5,0
3019,'1488556',1620,,463,96,0,5,0
3019,'1488560',950,,464,96,0,5,0
3019,'1488565',650,,465,63,0,5,0
3019,'1496990',1750,,648,94,0,5,0
3019,'1496992',2250,,650,94,0,5,0
3019,'1496997',1950,,655,94,0,5,0
3019,'1496998',1450,,656,94,0,5,0
3019,'1497000',2050,,658,94,0,5,0
3019,'1497002',2341,,660,94,0,5,0
3019,'1497006',1850,,664,94,0,5,0
3019,'1497007',750,,665,94,0,5,0
3019,'1497008',950,,666,94,0,5,0
3019,'1497012',1050,,670,94,0,5,0
3019,'1497013',1350,,671,94,0,5,0
3019,'1497014',1650,,672,94,0,5,0
3019,'1497016',1150,,674,94,0,5,0
3019,'1497017',1550,,675,94,0,5,0
3019,'1497018',2150,,676,94,0,5,0
3019,'1497019',850,,677,94,0,5,0
3019,'1497021',1250,,679,94,0,5,0
3019,'1497025',622,,683,16,0,5,0
