3019,'1491899',1537,,370,14,,,0
3019,'1491900',1707,,371,14,,,0
3019,'1491901',2022,,372,14,,,0
3019,'1491902',837,,373,14,,,0
3019,'1491903',707,,374,14,,,0
3019,'1491904',1607,,375,14,,,0
3019,'1491905',1137,,376,14,,,0
3019,'1491906',1107,,377,14,,,0
3019,'1491907',737,,378,14,,,0
3019,'1491908',907,,379,14,,,0
3019,'1491909',2222,,380,14,,,0
3019,'1491910',1337,,381,14,,,0
3019,'1491911',1307,,382,14,,,0
3019,'1491912',1437,,383,14,,,0
3019,'1491913',1237,,384,14,,,0
3019,'1491914',2122,,385,14,,,0
3019,'1491915',807,,386,14,,,0
3019,'1491916',1737,,387,14,,,0
3019,'1491917',1407,,388,14,,,0
3019,'1491918',1007,,389,14,,,0
3019,'1491919',1037,,390,14,,,0
3019,'1491920',1207,,391,14,,,0
3019,'1491921',1637,,392,14,,,0
3019,'1491922',937,,393,14,,,0
3019,'1491923',1507,,394,14,,,0
3019,'1491924',1822,,395,14,,,0
3019,'1491925',2321,,396,14,,,0
3019,'1491928',1922,,399,14,,,0
3019,'1492021',637,,400,14,,,0
