1029,'1491948',1506,,124,64,,,0
1029,'1491949',1606,,125,64,,,0
1029,'1491951',1706,,126,64,,,0
1029,'1491953',806,,127,64,,,0
1029,'1491954',2136,,128,64,,,0
1029,'1491958',1106,,129,64,,,0
1029,'1491963',2036,,130,64,,,0
1029,'1491964',936,,131,64,,,0
1029,'1491965',1736,,132,64,,,0
1029,'1491966',1636,,133,64,,,0
1029,'1491970',1836,,134,64,,,0
1029,'1491971',1236,,135,64,,,0
1029,'1491972',1306,,136,64,,,0
1029,'1491973',1436,,137,64,,,0
1029,'1491974',1036,,138,64,,,0
1029,'1491976',736,,139,64,,,0
1029,'1491978',1906,,140,64,,,0
1029,'1491979',1806,,141,64,,,0
1029,'1491983',1406,,142,64,,,0
1029,'1491986',1006,,143,64,,,0
1029,'1491987',2236,,144,64,,,0
1029,'1491989',1206,,145,64,,,0
1029,'1491991',2336,,146,64,,,0
1029,'1491993',906,,147,64,,,0
1029,'1491996',836,,148,64,,,0
1029,'1492000',1536,,149,64,,,0
1029,'1492001',1336,,150,64,,,0
1029,'1492003',1136,,151,64,,,0
1029,'1492006',636,,152,19,,,0
1029,'1492008',1936,,153,64,,,0
1029,'1496919',1936,,594,64,,,0
1029,'1496920',2136,,595,64,,,0
1029,'1496925',1836,,596,64,,,0
1029,'1496926',2236,,597,64,,,0
1029,'1496927',1336,,598,64,,,0
1029,'1496929',1136,,599,64,,,0
1029,'1496931',1036,,600,64,,,0
1029,'1496932',2036,,601,64,,,0
1029,'1496934',736,,602,64,,,0
1029,'1496936',2336,,603,64,,,0
1029,'1496937',1536,,604,64,,,0
1029,'1496939',1636,,605,64,,,0
1029,'1496942',836,,606,64,,,0
1029,'1496943',1236,,607,64,,,0
1029,'1496944',936,,608,64,,,0
1029,'1496947',1736,,609,64,,,0
1029,'1496948',1436,,610,64,,,0
