2019,'1492023',2243,,191,40,,,0
2019,'1492024',1228,,192,40,,,0
2019,'1492025',1358,,193,40,,,0
2019,'1492027',2143,,194,40,,,0
2019,'1492028',1843,,195,40,,,0
2019,'1492032',1328,,196,40,,,0
2019,'1492034',1458,,197,40,,,0
2019,'1492036',958,,198,40,,,0
2019,'1492037',1528,,199,40,,,0
2019,'1492038',928,,200,40,,,0
2019,'1492040',1128,,201,40,,,0
2019,'1492042',858,,202,40,,,0
2019,'1492043',828,,203,40,,,0
2019,'1492045',1028,,204,40,,,0
2019,'1492048',1558,,205,40,,,0
2019,'1492053',2043,,206,40,,,0
2019,'1492055',728,,207,40,,,0
2019,'1492057',1728,,208,40,,,0
2019,'1492058',2341,,209,40,,,0
2019,'1492062',1428,,210,40,,,0
2019,'1492064',1058,,211,40,,,0
2019,'1492066',1158,,212,40,,,0
2019,'1492067',1628,,213,40,,,0
2019,'1492068',1758,,214,40,,,0
2019,'1492069',1658,,215,40,,,0
2019,'1492074',758,,216,40,,,0
2019,'1492075',1258,,217,40,,,0
2019,'1492077',658,,218,40,,,0
2019,'1492079',558,,220,18,,,0
2019,'1492080',1943,,221,40,,,0
2019,'1496953',1742,,611,41,,,0
2019,'1496954',2142,,612,41,,,0
2019,'1496955',1342,,613,41,,,0
2019,'1496957',1142,,614,41,,,0
2019,'1496958',1442,,615,41,,,0
2019,'1496961',2042,,616,41,,,0
2019,'1496962',742,,617,41,,,0
2019,'1496968',1242,,618,41,,,0
2019,'1496970',2242,,619,41,,,0
2019,'1496973',1542,,620,41,,,0
2019,'1496974',1842,,621,41,,,0
2019,'1496975',1042,,622,41,,,0
2019,'1496979',942,,623,41,,,0
2019,'1496981',842,,624,41,,,0
2019,'1496983',1642,,625,41,,,0
2019,'1496984',1942,,626,41,,,0
2019,'1496986',642,,627,41,,,0
2019,'1496987',612,,628,9,,,0
2019,'1496988',2341,,629,41,,,0
