2019,'1492023',2223,,191,11,,,0
2019,'1492024',1208,,192,11,,,0
2019,'1492025',1338,,193,11,,,0
2019,'1492027',2123,,194,11,,,0
2019,'1492028',1823,,195,11,,,0
2019,'1492032',1308,,196,11,,,0
2019,'1492034',1438,,197,11,,,0
2019,'1492036',938,,198,11,,,0
2019,'1492037',1508,,199,11,,,0
2019,'1492038',908,,200,11,,,0
2019,'1492040',1108,,201,11,,,0
2019,'1492042',838,,202,11,,,0
2019,'1492043',808,,203,11,,,0
2019,'1492045',1008,,204,11,,,0
2019,'1492048',1538,,205,11,,,0
2019,'1492053',2023,,206,11,,,0
2019,'1492055',708,,207,11,,,0
2019,'1492057',1708,,208,11,,,0
2019,'1492058',2322,,209,11,,,0
2019,'1492062',1408,,210,11,,,0
2019,'1492064',1038,,211,11,,,0
2019,'1492066',1138,,212,11,,,0
2019,'1492067',1608,,213,11,,,0
2019,'1492068',1738,,214,11,,,0
2019,'1492069',1638,,215,11,,,0
2019,'1492074',738,,216,11,,,0
2019,'1492075',1238,,217,11,,,0
2019,'1492077',638,,218,11,,,0
2019,'1492080',1923,,221,11,,,0
2019,'1496953',1723,,611,11,,,0
2019,'1496954',2123,,612,11,,,0
2019,'1496955',1323,,613,11,,,0
2019,'1496957',1123,,614,11,,,0
2019,'1496958',1423,,615,11,,,0
2019,'1496961',2023,,616,11,,,0
2019,'1496962',723,,617,11,,,0
2019,'1496968',1223,,618,11,,,0
2019,'1496970',2223,,619,11,,,0
2019,'1496973',1523,,620,11,,,0
2019,'1496974',1823,,621,11,,,0
2019,'1496975',1023,,622,11,,,0
2019,'1496979',923,,623,11,,,0
2019,'1496981',823,,624,11,,,0
2019,'1496983',1623,,625,11,,,0
2019,'1496984',1923,,626,11,,,0
2019,'1496986',623,,627,11,,,0
2019,'1496988',2321,,629,11,,,0
