2019,'1492023',2315,,191,87,,,0
2019,'1492024',1300,,192,87,,,0
2019,'1492025',1430,,193,87,,,0
2019,'1492027',2215,,194,87,,,0
2019,'1492028',1915,,195,87,,,0
2019,'1492032',1400,,196,87,,,0
2019,'1492034',1530,,197,87,,,0
2019,'1492036',1030,,198,87,,,0
2019,'1492037',1600,,199,87,,,0
2019,'1492038',1000,,200,87,,,0
2019,'1492040',1200,,201,87,,,0
2019,'1492042',930,,202,87,,,0
2019,'1492043',900,,203,87,,,0
2019,'1492045',1100,,204,87,,,0
2019,'1492048',1630,,205,87,,,0
2019,'1492053',2115,,206,87,,,0
2019,'1492055',800,,207,87,,,0
2019,'1492057',1800,,208,87,,,0
2019,'1492062',1500,,210,87,,,0
2019,'1492064',1130,,211,87,,,0
2019,'1492066',1230,,212,87,,,0
2019,'1492067',1700,,213,87,,,0
2019,'1492068',1830,,214,87,,,0
2019,'1492069',1730,,215,87,,,0
2019,'1492074',830,,216,87,,,0
2019,'1492075',1330,,217,87,,,0
2019,'1492077',730,,218,87,,,0
2019,'1492078',600,,219,2,,,0
2019,'1492079',630,,220,65,,,0
2019,'1492080',2015,,221,87,,,0
2019,'1496953',1815,,611,88,,,0
2019,'1496954',2215,,612,88,,,0
2019,'1496955',1415,,613,88,,,0
2019,'1496957',1215,,614,88,,,0
2019,'1496958',1515,,615,88,,,0
2019,'1496961',2115,,616,88,,,0
2019,'1496962',815,,617,88,,,0
2019,'1496968',1315,,618,88,,,0
2019,'1496970',2315,,619,88,,,0
2019,'1496973',1615,,620,88,,,0
2019,'1496974',1915,,621,88,,,0
2019,'1496975',1115,,622,88,,,0
2019,'1496979',1015,,623,88,,,0
2019,'1496981',915,,624,88,,,0
2019,'1496983',1715,,625,88,,,0
2019,'1496984',2015,,626,88,,,0
2019,'1496986',715,,627,88,,,0
2019,'1496987',645,,628,56,,,0
