3019,'1496126',908,,1057,77,0,5,0
3019,'1496127',1108,,1058,77,0,5,0
3019,'1496132',1138,,1063,77,0,5,0
3019,'1496135',1708,,1066,77,0,5,0
3019,'1496137',1508,,1068,77,0,5,0
3019,'1496139',1238,,1070,77,0,5,0
3019,'1496140',808,,1071,77,0,5,0
3019,'1496143',738,,1074,77,0,5,0
3019,'1496145',1808,,1076,77,0,5,0
3019,'1496147',1338,,1078,77,0,5,0
3019,'1496148',1038,,1079,77,0,5,0
3019,'1496149',1308,,1080,77,0,5,0
3019,'1496150',1408,,1081,77,0,5,0
3019,'1496152',838,,1083,77,0,5,0
3019,'1496156',1008,,1087,77,0,5,0
3019,'1496157',1638,,1088,77,0,5,0
3019,'1496158',1438,,1089,77,0,5,0
3019,'1496160',1738,,1091,77,0,5,0
3019,'1496161',1208,,1092,77,0,5,0
3019,'1496162',1538,,1093,77,0,5,0
3019,'1496166',1608,,1097,77,0,5,0
3019,'1496169',938,,1100,77,0,5,0
3019,'1496172',638,,1103,46,0,5,0
3019,'1496375',908,,1106,77,0,5,0
3019,'1496376',1108,,1107,77,0,5,0
3019,'1496379',2138,,1110,77,0,5,0
3019,'1496383',2238,,1114,77,0,5,0
3019,'1496384',1138,,1115,77,0,5,0
3019,'1496387',1708,,1118,77,0,5,0
3019,'1496389',2331,,1120,77,0,5,0
3019,'1496390',1508,,1121,77,0,5,0
3019,'1496391',1938,,1122,77,0,5,0
3019,'1496393',1238,,1124,77,0,5,0
3019,'1496394',808,,1125,77,0,5,0
3019,'1496397',2038,,1128,77,0,5,0
3019,'1496399',738,,1130,77,0,5,0
3019,'1496401',1808,,1132,77,0,5,0
3019,'1496403',1338,,1134,77,0,5,0
3019,'1496405',1838,,1136,77,0,5,0
3019,'1496406',1038,,1137,77,0,5,0
3019,'1496407',1308,,1138,77,0,5,0
3019,'1496408',1408,,1139,77,0,5,0
3019,'1496410',838,,1141,77,0,5,0
3019,'1496414',1008,,1145,77,0,5,0
3019,'1496415',1638,,1146,77,0,5,0
3019,'1496416',1438,,1147,77,0,5,0
3019,'1496418',1738,,1149,77,0,5,0
3019,'1496419',1208,,1150,77,0,5,0
3019,'1496420',1538,,1151,77,0,5,0
3019,'1496424',1608,,1155,77,0,5,0
3019,'1496428',938,,1159,77,0,5,0
3019,'1496433',638,,1164,46,0,5,0
3019,'1496454',1738,,1167,77,0,5,0
3019,'1496456',2238,,1169,77,0,5,0
3019,'1496461',1938,,1174,77,0,5,0
3019,'1496462',1438,,1175,77,0,5,0
3019,'1496464',2038,,1177,77,0,5,0
3019,'1496466',2331,,1179,77,0,5,0
3019,'1496470',1838,,1183,77,0,5,0
3019,'1496471',738,,1184,77,0,5,0
3019,'1496472',938,,1185,77,0,5,0
3019,'1496476',1038,,1189,77,0,5,0
3019,'1496477',1338,,1190,77,0,5,0
3019,'1496478',1638,,1191,77,0,5,0
3019,'1496480',1138,,1193,77,0,5,0
3019,'1496481',1538,,1194,77,0,5,0
3019,'1496482',2138,,1195,77,0,5,0
3019,'1496483',838,,1196,77,0,5,0
3019,'1496485',1238,,1198,77,0,5,0
3019,'1496628',1738,,1204,77,0,5,0
3019,'1496630',2238,,1206,77,0,5,0
3019,'1496634',1938,,1210,77,0,5,0
3019,'1496635',1438,,1211,77,0,5,0
3019,'1496637',2038,,1213,77,0,5,0
3019,'1496639',2331,,1215,77,0,5,0
3019,'1496643',1838,,1219,77,0,5,0
3019,'1496644',938,,1220,77,0,5,0
3019,'1496648',1038,,1224,77,0,5,0
3019,'1496649',1338,,1225,77,0,5,0
3019,'1496650',1638,,1226,77,0,5,0
3019,'1496652',1138,,1228,77,0,5,0
3019,'1496653',1538,,1229,77,0,5,0
3019,'1496654',2138,,1230,77,0,5,0
3019,'1496655',838,,1231,77,0,5,0
3019,'1496657',1238,,1233,77,0,5,0
