4019,'1496112',658,,1237,40,,,0
4019,'1496113',1058,,1238,40,,,0
4019,'1496114',858,,1239,40,,,0
4019,'1496115',1658,,1240,40,,,0
4019,'1496116',958,,1241,40,,,0
4019,'1496117',1158,,1242,40,,,0
4019,'1496118',758,,1243,40,,,0
4019,'1496119',1558,,1244,40,,,0
4019,'1496120',1758,,1245,40,,,0
4019,'1496121',1358,,1246,40,,,0
4019,'1496122',1458,,1247,40,,,0
4019,'1496123',1258,,1248,40,,,0
4019,'1496124',559,,1249,6,,,0
4019,'1496355',658,,1250,40,,,0
4019,'1496356',2338,,1251,40,,,0
4019,'1496357',1058,,1252,40,,,0
4019,'1496358',858,,1253,40,,,0
4019,'1496359',2043,,1254,40,,,0
4019,'1496360',1658,,1255,40,,,0
4019,'1496361',1858,,1256,40,,,0
4019,'1496362',2143,,1257,40,,,0
4019,'1496363',958,,1258,40,,,0
4019,'1496364',1158,,1259,40,,,0
4019,'1496365',1943,,1260,40,,,0
4019,'1496366',758,,1261,40,,,0
4019,'1496367',1558,,1262,40,,,0
4019,'1496368',1758,,1263,40,,,0
4019,'1496369',1358,,1264,40,,,0
4019,'1496370',1458,,1265,40,,,0
4019,'1496371',2243,,1266,40,,,0
4019,'1496372',1258,,1267,40,,,0
4019,'1496373',559,,1268,6,,,0
4019,'1496435',843,,1269,40,,,0
4019,'1496436',743,,1270,40,,,0
4019,'1496437',1643,,1271,40,,,0
4019,'1496438',2243,,1272,40,,,0
4019,'1496439',1743,,1273,40,,,0
4019,'1496440',1443,,1274,40,,,0
4019,'1496441',2143,,1275,40,,,0
4019,'1496442',1043,,1276,40,,,0
4019,'1496443',1943,,1277,40,,,0
4019,'1496444',1543,,1278,40,,,0
4019,'1496445',943,,1279,40,,,0
4019,'1496446',1843,,1280,40,,,0
4019,'1496447',1343,,1281,40,,,0
4019,'1496448',643,,1282,40,,,0
4019,'1496449',2043,,1283,40,,,0
4019,'1496450',1143,,1284,40,,,0
4019,'1496451',1243,,1285,40,,,0
4019,'1496452',2338,,1286,40,,,0
4019,'1496661',843,,1287,40,,,0
4019,'1496662',743,,1288,40,,,0
4019,'1496663',1643,,1289,40,,,0
4019,'1496664',2243,,1290,40,,,0
4019,'1496665',1743,,1291,40,,,0
4019,'1496666',1443,,1292,40,,,0
4019,'1496667',2143,,1293,40,,,0
4019,'1496668',1043,,1294,40,,,0
4019,'1496669',1943,,1295,40,,,0
4019,'1496670',1543,,1296,40,,,0
4019,'1496671',943,,1297,40,,,0
4019,'1496672',1843,,1298,40,,,0
4019,'1496673',1343,,1299,40,,,0
4019,'1496674',2043,,1300,40,,,0
4019,'1496675',1143,,1301,40,,,0
4019,'1496676',1243,,1302,40,,,0
4019,'1496677',2338,,1303,40,,,0
