2029,'1492022',2047,,280,97,,,0
2029,'1492026',947,,281,97,,,0
2029,'1492029',1447,,282,97,,,0
2029,'1492030',1247,,283,97,,,0
2029,'1492031',1847,,284,97,,,0
2029,'1492033',1317,,285,97,,,0
2029,'1492035',1617,,286,97,,,0
2029,'1492039',1017,,287,97,,,0
2029,'1492041',2247,,288,97,,,0
2029,'1492044',847,,289,97,,,0
2029,'1492046',1647,,290,97,,,0
2029,'1492047',1517,,291,97,,,0
2029,'1492049',2341,,292,97,,,0
2029,'1492050',1117,,293,97,,,0
2029,'1492051',747,,294,97,,,0
2029,'1492052',1347,,295,97,,,0
2029,'1492054',1947,,296,97,,,0
2029,'1492056',1717,,297,97,,,0
2029,'1492059',1547,,298,97,,,0
2029,'1492060',1417,,299,97,,,0
2029,'1492061',817,,300,97,,,0
2029,'1492063',1747,,301,97,,,0
2029,'1492065',1047,,302,97,,,0
2029,'1492070',917,,303,97,,,0
2029,'1492071',2147,,304,97,,,0
2029,'1492072',1217,,305,97,,,0
2029,'1492073',1147,,306,97,,,0
2029,'1492076',1817,,307,97,,,0
2029,'1492081',647,,308,61,,,0
2029,'1496956',1747,,630,98,,,0
2029,'1496959',1147,,631,98,,,0
2029,'1496960',2247,,632,98,,,0
2029,'1496963',2341,,633,98,,,0
2029,'1496964',1047,,634,98,,,0
2029,'1496965',2047,,635,98,,,0
2029,'1496966',947,,636,98,,,0
2029,'1496967',1547,,637,98,,,0
2029,'1496969',2147,,638,98,,,0
2029,'1496971',1847,,639,98,,,0
2029,'1496972',1247,,640,98,,,0
2029,'1496976',1447,,641,98,,,0
2029,'1496977',847,,642,98,,,0
2029,'1496978',1347,,643,98,,,0
2029,'1496980',1947,,644,98,,,0
2029,'1496982',1647,,645,98,,,0
2029,'1496985',747,,646,98,,,0
