2029,'1492022',2045,,280,95,,,0
2029,'1492026',945,,281,95,,,0
2029,'1492029',1445,,282,95,,,0
2029,'1492030',1245,,283,95,,,0
2029,'1492031',1845,,284,95,,,0
2029,'1492033',1315,,285,95,,,0
2029,'1492035',1615,,286,95,,,0
2029,'1492039',1015,,287,95,,,0
2029,'1492041',2245,,288,95,,,0
2029,'1492044',845,,289,95,,,0
2029,'1492046',1645,,290,95,,,0
2029,'1492047',1515,,291,95,,,0
2029,'1492049',2339,,292,95,,,0
2029,'1492050',1115,,293,95,,,0
2029,'1492051',745,,294,95,,,0
2029,'1492052',1345,,295,95,,,0
2029,'1492054',1945,,296,95,,,0
2029,'1492056',1715,,297,95,,,0
2029,'1492059',1545,,298,95,,,0
2029,'1492060',1415,,299,95,,,0
2029,'1492061',815,,300,95,,,0
2029,'1492063',1745,,301,95,,,0
2029,'1492065',1045,,302,95,,,0
2029,'1492070',915,,303,95,,,0
2029,'1492071',2145,,304,95,,,0
2029,'1492072',1215,,305,95,,,0
2029,'1492073',1145,,306,95,,,0
2029,'1492076',1815,,307,95,,,0
2029,'1492081',645,,308,59,,,0
2029,'1496956',1745,,630,96,,,0
2029,'1496959',1145,,631,96,,,0
2029,'1496960',2245,,632,96,,,0
2029,'1496963',2339,,633,96,,,0
2029,'1496964',1045,,634,96,,,0
2029,'1496965',2045,,635,96,,,0
2029,'1496966',945,,636,96,,,0
2029,'1496967',1545,,637,96,,,0
2029,'1496969',2145,,638,96,,,0
2029,'1496971',1845,,639,96,,,0
2029,'1496972',1245,,640,96,,,0
2029,'1496976',1445,,641,96,,,0
2029,'1496977',845,,642,96,,,0
2029,'1496978',1345,,643,96,,,0
2029,'1496980',1945,,644,96,,,0
2029,'1496982',1645,,645,96,,,0
2029,'1496985',745,,646,96,,,0
