2029,'1492022',2027,,280,68,,,0
2029,'1492026',927,,281,68,,,0
2029,'1492029',1427,,282,68,,,0
2029,'1492030',1227,,283,68,,,0
2029,'1492031',1827,,284,68,,,0
2029,'1492033',1257,,285,68,,,0
2029,'1492035',1557,,286,68,,,0
2029,'1492039',957,,287,68,,,0
2029,'1492041',2227,,288,68,,,0
2029,'1492044',827,,289,68,,,0
2029,'1492046',1627,,290,68,,,0
2029,'1492047',1457,,291,68,,,0
2029,'1492049',2324,,292,68,,,0
2029,'1492050',1057,,293,68,,,0
2029,'1492051',727,,294,68,,,0
2029,'1492052',1327,,295,68,,,0
2029,'1492054',1927,,296,68,,,0
2029,'1492056',1657,,297,68,,,0
2029,'1492059',1527,,298,68,,,0
2029,'1492060',1357,,299,68,,,0
2029,'1492061',757,,300,68,,,0
2029,'1492063',1727,,301,68,,,0
2029,'1492065',1027,,302,68,,,0
2029,'1492070',857,,303,68,,,0
2029,'1492071',2127,,304,68,,,0
2029,'1492072',1157,,305,68,,,0
2029,'1492073',1127,,306,68,,,0
2029,'1492076',1757,,307,68,,,0
2029,'1492081',627,,308,32,,,0
2029,'1496956',1727,,630,69,,,0
2029,'1496959',1127,,631,69,,,0
2029,'1496960',2227,,632,69,,,0
2029,'1496963',2324,,633,69,,,0
2029,'1496964',1027,,634,69,,,0
2029,'1496965',2027,,635,69,,,0
2029,'1496966',927,,636,69,,,0
2029,'1496967',1527,,637,69,,,0
2029,'1496969',2127,,638,69,,,0
2029,'1496971',1827,,639,69,,,0
2029,'1496972',1227,,640,69,,,0
2029,'1496976',1427,,641,69,,,0
2029,'1496977',827,,642,69,,,0
2029,'1496978',1327,,643,69,,,0
2029,'1496980',1927,,644,69,,,0
2029,'1496982',1627,,645,69,,,0
2029,'1496985',727,,646,69,,,0
