2019,'1492023',2307,,191,72,,,0
2019,'1492024',1252,,192,72,,,0
2019,'1492025',1422,,193,72,,,0
2019,'1492027',2207,,194,72,,,0
2019,'1492028',1907,,195,72,,,0
2019,'1492032',1352,,196,72,,,0
2019,'1492034',1522,,197,72,,,0
2019,'1492036',1022,,198,72,,,0
2019,'1492037',1552,,199,72,,,0
2019,'1492038',952,,200,72,,,0
2019,'1492040',1152,,201,72,,,0
2019,'1492042',922,,202,72,,,0
2019,'1492043',852,,203,72,,,0
2019,'1492045',1052,,204,72,,,0
2019,'1492048',1622,,205,72,,,0
2019,'1492053',2107,,206,72,,,0
2019,'1492055',752,,207,72,,,0
2019,'1492057',1752,,208,72,,,0
2019,'1492062',1452,,210,72,,,0
2019,'1492064',1122,,211,72,,,0
2019,'1492066',1222,,212,72,,,0
2019,'1492067',1652,,213,72,,,0
2019,'1492068',1822,,214,72,,,0
2019,'1492069',1722,,215,72,,,0
2019,'1492074',822,,216,72,,,0
2019,'1492075',1322,,217,72,,,0
2019,'1492077',722,,218,72,,,0
2019,'1492079',622,,220,50,,,0
2019,'1492080',2007,,221,72,,,0
2019,'1496953',1807,,611,73,,,0
2019,'1496954',2207,,612,73,,,0
2019,'1496955',1407,,613,73,,,0
2019,'1496957',1207,,614,73,,,0
2019,'1496958',1507,,615,73,,,0
2019,'1496961',2107,,616,73,,,0
2019,'1496962',807,,617,73,,,0
2019,'1496968',1307,,618,73,,,0
2019,'1496970',2307,,619,73,,,0
2019,'1496973',1607,,620,73,,,0
2019,'1496974',1907,,621,73,,,0
2019,'1496975',1107,,622,73,,,0
2019,'1496979',1007,,623,73,,,0
2019,'1496981',907,,624,73,,,0
2019,'1496983',1707,,625,73,,,0
2019,'1496984',2007,,626,73,,,0
2019,'1496986',707,,627,73,,,0
2019,'1496987',637,,628,41,,,0
