3019,'1488507',928,,436,111,0,5,0
3019,'1488508',1128,,437,111,0,5,0
3019,'1488511',2158,,438,111,0,5,0
3019,'1488515',2258,,439,111,0,5,0
3019,'1488516',1158,,440,111,0,5,0
3019,'1488519',1728,,441,111,0,5,0
3019,'1488521',2348,,442,111,0,5,0
3019,'1488522',1528,,443,111,0,5,0
3019,'1488523',1958,,444,111,0,5,0
3019,'1488525',1258,,445,111,0,5,0
3019,'1488526',828,,446,111,0,5,0
3019,'1488529',2058,,447,111,0,5,0
3019,'1488531',758,,448,111,0,5,0
3019,'1488533',1828,,449,111,0,5,0
3019,'1488535',1358,,450,111,0,5,0
3019,'1488537',1858,,451,111,0,5,0
3019,'1488538',1058,,452,111,0,5,0
3019,'1488539',1328,,453,111,0,5,0
3019,'1488540',1428,,454,111,0,5,0
3019,'1488542',858,,455,111,0,5,0
3019,'1488546',1028,,456,111,0,5,0
3019,'1488547',1658,,457,111,0,5,0
3019,'1488548',1458,,458,111,0,5,0
3019,'1488550',1758,,459,111,0,5,0
3019,'1488551',1228,,460,111,0,5,0
3019,'1488552',1558,,461,111,0,5,0
3019,'1488553',628,,462,31,0,5,0
3019,'1488556',1628,,463,111,0,5,0
3019,'1488560',958,,464,111,0,5,0
3019,'1488565',658,,465,78,0,5,0
3019,'1496990',1758,,648,109,0,5,0
3019,'1496992',2258,,650,109,0,5,0
3019,'1496997',1958,,655,109,0,5,0
3019,'1496998',1458,,656,109,0,5,0
3019,'1497000',2058,,658,109,0,5,0
3019,'1497002',2348,,660,109,0,5,0
3019,'1497006',1858,,664,109,0,5,0
3019,'1497007',758,,665,109,0,5,0
3019,'1497008',958,,666,109,0,5,0
3019,'1497012',1058,,670,109,0,5,0
3019,'1497013',1358,,671,109,0,5,0
3019,'1497014',1658,,672,109,0,5,0
3019,'1497016',1158,,674,109,0,5,0
3019,'1497017',1558,,675,109,0,5,0
3019,'1497018',2158,,676,109,0,5,0
3019,'1497019',858,,677,109,0,5,0
3019,'1497021',1258,,679,109,0,5,0
3019,'1497025',628,,683,31,0,5,0
