1019,'1491950',745,,37,53,,,0
1019,'1491952',845,,38,53,,,0
1019,'1491955',1615,,39,53,,,0
1019,'1491956',2200,,40,53,,,0
1019,'1491957',1715,,41,53,,,0
1019,'1491959',815,,42,53,,,0
1019,'1491960',1515,,43,53,,,0
1019,'1491961',1315,,44,53,,,0
1019,'1491962',1845,,45,53,,,0
1019,'1491967',1415,,46,53,,,0
1019,'1491968',2000,,47,53,,,0
1019,'1491969',2100,,48,53,,,0
1019,'1491975',1115,,49,53,,,0
1019,'1491977',1345,,50,53,,,0
1019,'1491980',915,,51,53,,,0
1019,'1491981',1215,,52,53,,,0
1019,'1491982',1015,,53,53,,,0
1019,'1491984',2351,,54,53,,,0
1019,'1491985',1815,,55,53,,,0
1019,'1491988',1045,,56,53,,,0
1019,'1491990',945,,57,53,,,0
1019,'1491992',2300,,58,53,,,0
1019,'1491994',1445,,59,53,,,0
1019,'1491995',1545,,60,53,,,0
1019,'1491997',715,,61,53,,,0
1019,'1491998',1245,,62,53,,,0
1019,'1491999',1145,,63,53,,,0
1019,'1492002',1745,,64,53,,,0
1019,'1492004',1645,,65,53,,,0
1019,'1492005',615,,66,23,,,0
1019,'1492007',1915,,67,53,,,0
1019,'1496918',1400,,576,54,,,0
1019,'1496921',2000,,577,54,,,0
1019,'1496922',800,,578,54,,,0
1019,'1496923',700,,579,54,,,0
1019,'1496924',2100,,580,54,,,0
1019,'1496928',1100,,581,54,,,0
1019,'1496930',1500,,582,54,,,0
1019,'1496933',1700,,583,54,,,0
1019,'1496935',1200,,584,54,,,0
1019,'1496938',2200,,585,54,,,0
1019,'1496940',1600,,586,54,,,0
1019,'1496941',1800,,587,54,,,0
1019,'1496945',1000,,588,54,,,0
1019,'1496946',900,,589,54,,,0
1019,'1496949',1300,,590,54,,,0
1019,'1496950',1900,,591,54,,,0
1019,'1496951',2349,,592,54,,,0
1019,'1496952',2300,,593,54,,,0
