3019,'1496126',922,,1057,98,0,5,0
3019,'1496127',1122,,1058,98,0,5,0
3019,'1496132',1152,,1063,98,0,5,0
3019,'1496135',1722,,1066,98,0,5,0
3019,'1496137',1522,,1068,98,0,5,0
3019,'1496139',1252,,1070,98,0,5,0
3019,'1496140',822,,1071,98,0,5,0
3019,'1496143',752,,1074,98,0,5,0
3019,'1496145',1822,,1076,98,0,5,0
3019,'1496147',1352,,1078,98,0,5,0
3019,'1496148',1052,,1079,98,0,5,0
3019,'1496149',1322,,1080,98,0,5,0
3019,'1496150',1422,,1081,98,0,5,0
3019,'1496152',852,,1083,98,0,5,0
3019,'1496156',1022,,1087,98,0,5,0
3019,'1496157',1652,,1088,98,0,5,0
3019,'1496158',1452,,1089,98,0,5,0
3019,'1496160',1752,,1091,98,0,5,0
3019,'1496161',1222,,1092,98,0,5,0
3019,'1496162',1552,,1093,98,0,5,0
3019,'1496163',622,,1094,20,0,5,0
3019,'1496166',1622,,1097,98,0,5,0
3019,'1496169',952,,1100,98,0,5,0
3019,'1496172',652,,1103,67,0,5,0
3019,'1496375',922,,1106,98,0,5,0
3019,'1496376',1122,,1107,98,0,5,0
3019,'1496379',2152,,1110,98,0,5,0
3019,'1496383',2252,,1114,98,0,5,0
3019,'1496384',1152,,1115,98,0,5,0
3019,'1496387',1722,,1118,98,0,5,0
3019,'1496389',2343,,1120,98,0,5,0
3019,'1496390',1522,,1121,98,0,5,0
3019,'1496391',1952,,1122,98,0,5,0
3019,'1496393',1252,,1124,98,0,5,0
3019,'1496394',822,,1125,98,0,5,0
3019,'1496397',2052,,1128,98,0,5,0
3019,'1496399',752,,1130,98,0,5,0
3019,'1496401',1822,,1132,98,0,5,0
3019,'1496403',1352,,1134,98,0,5,0
3019,'1496405',1852,,1136,98,0,5,0
3019,'1496406',1052,,1137,98,0,5,0
3019,'1496407',1322,,1138,98,0,5,0
3019,'1496408',1422,,1139,98,0,5,0
3019,'1496410',852,,1141,98,0,5,0
3019,'1496414',1022,,1145,98,0,5,0
3019,'1496415',1652,,1146,98,0,5,0
3019,'1496416',1452,,1147,98,0,5,0
3019,'1496418',1752,,1149,98,0,5,0
3019,'1496419',1222,,1150,98,0,5,0
3019,'1496420',1552,,1151,98,0,5,0
3019,'1496421',622,,1152,20,0,5,0
3019,'1496424',1622,,1155,98,0,5,0
3019,'1496428',952,,1159,98,0,5,0
3019,'1496433',652,,1164,67,0,5,0
3019,'1496454',1752,,1167,98,0,5,0
3019,'1496456',2252,,1169,98,0,5,0
3019,'1496461',1952,,1174,98,0,5,0
3019,'1496462',1452,,1175,98,0,5,0
3019,'1496464',2052,,1177,98,0,5,0
3019,'1496466',2343,,1179,98,0,5,0
3019,'1496470',1852,,1183,98,0,5,0
3019,'1496471',752,,1184,98,0,5,0
3019,'1496472',952,,1185,98,0,5,0
3019,'1496476',1052,,1189,98,0,5,0
3019,'1496477',1352,,1190,98,0,5,0
3019,'1496478',1652,,1191,98,0,5,0
3019,'1496480',1152,,1193,98,0,5,0
3019,'1496481',1552,,1194,98,0,5,0
3019,'1496482',2152,,1195,98,0,5,0
3019,'1496483',852,,1196,98,0,5,0
3019,'1496485',1252,,1198,98,0,5,0
3019,'1496489',623,,1202,20,0,5,0
3019,'1496628',1752,,1204,98,0,5,0
3019,'1496630',2252,,1206,98,0,5,0
3019,'1496634',1952,,1210,98,0,5,0
3019,'1496635',1452,,1211,98,0,5,0
3019,'1496637',2052,,1213,98,0,5,0
3019,'1496639',2343,,1215,98,0,5,0
3019,'1496643',1852,,1219,98,0,5,0
3019,'1496644',952,,1220,98,0,5,0
3019,'1496648',1052,,1224,98,0,5,0
3019,'1496649',1352,,1225,98,0,5,0
3019,'1496650',1652,,1226,98,0,5,0
3019,'1496652',1152,,1228,98,0,5,0
3019,'1496653',1552,,1229,98,0,5,0
3019,'1496654',2152,,1230,98,0,5,0
3019,'1496655',852,,1231,98,0,5,0
3019,'1496657',1252,,1233,98,0,5,0
3019,'1496660',722,,1236,20,0,5,0
