4019,'1491929',634,,525,6,,,0
4019,'1491930',2318,,526,6,,,0
4019,'1491931',1034,,527,6,,,0
4019,'1491932',834,,528,6,,,0
4019,'1491933',2019,,529,6,,,0
4019,'1491934',1634,,530,6,,,0
4019,'1491935',1834,,531,6,,,0
4019,'1491936',2119,,532,6,,,0
4019,'1491937',934,,533,6,,,0
4019,'1491938',1134,,534,6,,,0
4019,'1491939',1919,,535,6,,,0
4019,'1491940',734,,536,6,,,0
4019,'1491941',1534,,537,6,,,0
4019,'1491942',1734,,538,6,,,0
4019,'1491943',1334,,539,6,,,0
4019,'1491944',1434,,540,6,,,0
4019,'1491945',2219,,541,6,,,0
4019,'1491946',1234,,542,6,,,0
4019,'1497026',819,,684,6,,,0
4019,'1497027',719,,685,6,,,0
4019,'1497028',1619,,686,6,,,0
4019,'1497029',2219,,687,6,,,0
4019,'1497030',1719,,688,6,,,0
4019,'1497031',1419,,689,6,,,0
4019,'1497032',2119,,690,6,,,0
4019,'1497033',1019,,691,6,,,0
4019,'1497034',1919,,692,6,,,0
4019,'1497035',1519,,693,6,,,0
4019,'1497036',919,,694,6,,,0
4019,'1497037',1819,,695,6,,,0
4019,'1497038',1319,,696,6,,,0
4019,'1497039',619,,697,6,,,0
4019,'1497040',2019,,698,6,,,0
4019,'1497041',1119,,699,6,,,0
4019,'1497042',1219,,700,6,,,0
4019,'1497043',2318,,701,6,,,0
