1019,'1491950',725,,37,28,,,0
1019,'1491952',825,,38,28,,,0
1019,'1491955',1555,,39,28,,,0
1019,'1491956',2140,,40,28,,,0
1019,'1491957',1655,,41,28,,,0
1019,'1491959',755,,42,28,,,0
1019,'1491960',1455,,43,28,,,0
1019,'1491961',1255,,44,28,,,0
1019,'1491962',1825,,45,28,,,0
1019,'1491967',1355,,46,28,,,0
1019,'1491968',1940,,47,28,,,0
1019,'1491969',2040,,48,28,,,0
1019,'1491975',1055,,49,28,,,0
1019,'1491977',1325,,50,28,,,0
1019,'1491980',855,,51,28,,,0
1019,'1491981',1155,,52,28,,,0
1019,'1491982',955,,53,28,,,0
1019,'1491984',2337,,54,28,,,0
1019,'1491985',1755,,55,28,,,0
1019,'1491988',1025,,56,28,,,0
1019,'1491990',925,,57,28,,,0
1019,'1491992',2240,,58,28,,,0
1019,'1491994',1425,,59,28,,,0
1019,'1491995',1525,,60,28,,,0
1019,'1491997',655,,61,28,,,0
1019,'1491998',1225,,62,28,,,0
1019,'1491999',1125,,63,28,,,0
1019,'1492002',1725,,64,28,,,0
1019,'1492004',1625,,65,28,,,0
1019,'1492007',1855,,67,28,,,0
1019,'1496918',1340,,576,29,,,0
1019,'1496921',1940,,577,29,,,0
1019,'1496922',740,,578,29,,,0
1019,'1496923',640,,579,29,,,0
1019,'1496924',2040,,580,29,,,0
1019,'1496928',1040,,581,29,,,0
1019,'1496930',1440,,582,29,,,0
1019,'1496933',1640,,583,29,,,0
1019,'1496935',1140,,584,29,,,0
1019,'1496938',2140,,585,29,,,0
1019,'1496940',1540,,586,29,,,0
1019,'1496941',1740,,587,29,,,0
1019,'1496945',940,,588,29,,,0
1019,'1496946',840,,589,29,,,0
1019,'1496949',1240,,590,29,,,0
1019,'1496950',1840,,591,29,,,0
1019,'1496951',2337,,592,29,,,0
1019,'1496952',2240,,593,29,,,0
4019,'1491929',644,,525,23,,,0
4019,'1491930',2326,,526,23,,,0
4019,'1491931',1044,,527,23,,,0
4019,'1491932',844,,528,23,,,0
4019,'1491933',2029,,529,23,,,0
4019,'1491934',1644,,530,23,,,0
4019,'1491935',1844,,531,23,,,0
4019,'1491936',2129,,532,23,,,0
4019,'1491937',944,,533,23,,,0
4019,'1491938',1144,,534,23,,,0
4019,'1491939',1929,,535,23,,,0
4019,'1491940',744,,536,23,,,0
4019,'1491941',1544,,537,23,,,0
4019,'1491942',1744,,538,23,,,0
4019,'1491943',1344,,539,23,,,0
4019,'1491944',1444,,540,23,,,0
4019,'1491945',2229,,541,23,,,0
4019,'1491946',1244,,542,23,,,0
4019,'1497026',829,,684,23,,,0
4019,'1497027',729,,685,23,,,0
4019,'1497028',1629,,686,23,,,0
4019,'1497029',2229,,687,23,,,0
4019,'1497030',1729,,688,23,,,0
4019,'1497031',1429,,689,23,,,0
4019,'1497032',2129,,690,23,,,0
4019,'1497033',1029,,691,23,,,0
4019,'1497034',1929,,692,23,,,0
4019,'1497035',1529,,693,23,,,0
4019,'1497036',929,,694,23,,,0
4019,'1497037',1829,,695,23,,,0
4019,'1497038',1329,,696,23,,,0
4019,'1497039',629,,697,23,,,0
4019,'1497040',2029,,698,23,,,0
4019,'1497041',1129,,699,23,,,0
4019,'1497042',1229,,700,23,,,0
4019,'1497043',2326,,701,23,,,0
