4019,'1496112',634,,1237,7,,,0
4019,'1496113',1034,,1238,7,,,0
4019,'1496114',834,,1239,7,,,0
4019,'1496115',1634,,1240,7,,,0
4019,'1496116',934,,1241,7,,,0
4019,'1496117',1134,,1242,7,,,0
4019,'1496118',734,,1243,7,,,0
4019,'1496119',1534,,1244,7,,,0
4019,'1496120',1734,,1245,7,,,0
4019,'1496121',1334,,1246,7,,,0
4019,'1496122',1434,,1247,7,,,0
4019,'1496123',1234,,1248,7,,,0
4019,'1496355',634,,1250,7,,,0
4019,'1496356',2319,,1251,7,,,0
4019,'1496357',1034,,1252,7,,,0
4019,'1496358',834,,1253,7,,,0
4019,'1496359',2019,,1254,7,,,0
4019,'1496360',1634,,1255,7,,,0
4019,'1496361',1834,,1256,7,,,0
4019,'1496362',2119,,1257,7,,,0
4019,'1496363',934,,1258,7,,,0
4019,'1496364',1134,,1259,7,,,0
4019,'1496365',1919,,1260,7,,,0
4019,'1496366',734,,1261,7,,,0
4019,'1496367',1534,,1262,7,,,0
4019,'1496368',1734,,1263,7,,,0
4019,'1496369',1334,,1264,7,,,0
4019,'1496370',1434,,1265,7,,,0
4019,'1496371',2219,,1266,7,,,0
4019,'1496372',1234,,1267,7,,,0
4019,'1496435',819,,1269,7,,,0
4019,'1496436',719,,1270,7,,,0
4019,'1496437',1619,,1271,7,,,0
4019,'1496438',2219,,1272,7,,,0
4019,'1496439',1719,,1273,7,,,0
4019,'1496440',1419,,1274,7,,,0
4019,'1496441',2119,,1275,7,,,0
4019,'1496442',1019,,1276,7,,,0
4019,'1496443',1919,,1277,7,,,0
4019,'1496444',1519,,1278,7,,,0
4019,'1496445',919,,1279,7,,,0
4019,'1496446',1819,,1280,7,,,0
4019,'1496447',1319,,1281,7,,,0
4019,'1496448',619,,1282,7,,,0
4019,'1496449',2019,,1283,7,,,0
4019,'1496450',1119,,1284,7,,,0
4019,'1496451',1219,,1285,7,,,0
4019,'1496452',2319,,1286,7,,,0
4019,'1496661',819,,1287,7,,,0
4019,'1496662',719,,1288,7,,,0
4019,'1496663',1619,,1289,7,,,0
4019,'1496664',2219,,1290,7,,,0
4019,'1496665',1719,,1291,7,,,0
4019,'1496666',1419,,1292,7,,,0
4019,'1496667',2119,,1293,7,,,0
4019,'1496668',1019,,1294,7,,,0
4019,'1496669',1919,,1295,7,,,0
4019,'1496670',1519,,1296,7,,,0
4019,'1496671',919,,1297,7,,,0
4019,'1496672',1819,,1298,7,,,0
4019,'1496673',1319,,1299,7,,,0
4019,'1496674',2019,,1300,7,,,0
4019,'1496675',1119,,1301,7,,,0
4019,'1496676',1219,,1302,7,,,0
4019,'1496677',2319,,1303,7,,,0
