2029,'1492022',2053,,280,109,,,0
2029,'1492026',953,,281,109,,,0
2029,'1492029',1453,,282,109,,,0
2029,'1492030',1253,,283,109,,,0
2029,'1492031',1853,,284,109,,,0
2029,'1492033',1323,,285,109,,,0
2029,'1492035',1623,,286,109,,,0
2029,'1492039',1023,,287,109,,,0
2029,'1492041',2253,,288,109,,,0
2029,'1492044',853,,289,109,,,0
2029,'1492046',1653,,290,109,,,0
2029,'1492047',1523,,291,109,,,0
2029,'1492049',2347,,292,109,,,0
2029,'1492050',1123,,293,109,,,0
2029,'1492051',753,,294,109,,,0
2029,'1492052',1353,,295,109,,,0
2029,'1492054',1953,,296,109,,,0
2029,'1492056',1723,,297,109,,,0
2029,'1492059',1553,,298,109,,,0
2029,'1492060',1423,,299,109,,,0
2029,'1492061',823,,300,109,,,0
2029,'1492063',1753,,301,109,,,0
2029,'1492065',1053,,302,109,,,0
2029,'1492070',923,,303,109,,,0
2029,'1492071',2153,,304,109,,,0
2029,'1492072',1223,,305,109,,,0
2029,'1492073',1153,,306,109,,,0
2029,'1492076',1823,,307,109,,,0
2029,'1492081',653,,308,73,,,0
2029,'1496956',1753,,630,110,,,0
2029,'1496959',1153,,631,110,,,0
2029,'1496960',2253,,632,110,,,0
2029,'1496963',2347,,633,110,,,0
2029,'1496964',1053,,634,110,,,0
2029,'1496965',2053,,635,110,,,0
2029,'1496966',953,,636,110,,,0
2029,'1496967',1553,,637,110,,,0
2029,'1496969',2153,,638,110,,,0
2029,'1496971',1853,,639,110,,,0
2029,'1496972',1253,,640,110,,,0
2029,'1496976',1453,,641,110,,,0
2029,'1496977',853,,642,110,,,0
2029,'1496978',1353,,643,110,,,0
2029,'1496980',1953,,644,110,,,0
2029,'1496982',1653,,645,110,,,0
2029,'1496985',753,,646,110,,,0
3019,'1488507',858,,436,61,0,5,0
3019,'1488508',1058,,437,61,0,5,0
3019,'1488511',2128,,438,61,0,5,0
3019,'1488515',2228,,439,61,0,5,0
3019,'1488516',1128,,440,61,0,5,0
3019,'1488519',1658,,441,61,0,5,0
3019,'1488521',2322,,442,61,0,5,0
3019,'1488522',1458,,443,61,0,5,0
3019,'1488523',1928,,444,61,0,5,0
3019,'1488525',1228,,445,61,0,5,0
3019,'1488526',758,,446,61,0,5,0
3019,'1488529',2028,,447,61,0,5,0
3019,'1488531',728,,448,61,0,5,0
3019,'1488533',1758,,449,61,0,5,0
3019,'1488535',1328,,450,61,0,5,0
3019,'1488537',1828,,451,61,0,5,0
3019,'1488538',1028,,452,61,0,5,0
3019,'1488539',1258,,453,61,0,5,0
3019,'1488540',1358,,454,61,0,5,0
3019,'1488542',828,,455,61,0,5,0
3019,'1488546',958,,456,61,0,5,0
3019,'1488547',1628,,457,61,0,5,0
3019,'1488548',1428,,458,61,0,5,0
3019,'1488550',1728,,459,61,0,5,0
3019,'1488551',1158,,460,61,0,5,0
3019,'1488552',1528,,461,61,0,5,0
3019,'1488556',1558,,463,61,0,5,0
3019,'1488560',928,,464,61,0,5,0
3019,'1488565',628,,465,28,0,5,0
3019,'1496990',1728,,648,59,0,5,0
3019,'1496992',2228,,650,59,0,5,0
3019,'1496997',1928,,655,59,0,5,0
3019,'1496998',1428,,656,59,0,5,0
3019,'1497000',2028,,658,59,0,5,0
3019,'1497002',2323,,660,59,0,5,0
3019,'1497006',1828,,664,59,0,5,0
3019,'1497007',728,,665,59,0,5,0
3019,'1497008',928,,666,59,0,5,0
3019,'1497012',1028,,670,59,0,5,0
3019,'1497013',1328,,671,59,0,5,0
3019,'1497014',1628,,672,59,0,5,0
3019,'1497016',1128,,674,59,0,5,0
3019,'1497017',1528,,675,59,0,5,0
3019,'1497018',2128,,676,59,0,5,0
3019,'1497019',828,,677,59,0,5,0
3019,'1497021',1228,,679,59,0,5,0
