3019,'1496126',856,,1057,57,0,5,0
3019,'1496127',1056,,1058,57,0,5,0
3019,'1496132',1126,,1063,57,0,5,0
3019,'1496135',1656,,1066,57,0,5,0
3019,'1496137',1456,,1068,57,0,5,0
3019,'1496139',1226,,1070,57,0,5,0
3019,'1496140',756,,1071,57,0,5,0
3019,'1496143',726,,1074,57,0,5,0
3019,'1496145',1756,,1076,57,0,5,0
3019,'1496147',1326,,1078,57,0,5,0
3019,'1496148',1026,,1079,57,0,5,0
3019,'1496149',1256,,1080,57,0,5,0
3019,'1496150',1356,,1081,57,0,5,0
3019,'1496152',826,,1083,57,0,5,0
3019,'1496156',956,,1087,57,0,5,0
3019,'1496157',1626,,1088,57,0,5,0
3019,'1496158',1426,,1089,57,0,5,0
3019,'1496160',1726,,1091,57,0,5,0
3019,'1496161',1156,,1092,57,0,5,0
3019,'1496162',1526,,1093,57,0,5,0
3019,'1496166',1556,,1097,57,0,5,0
3019,'1496169',926,,1100,57,0,5,0
3019,'1496172',626,,1103,26,0,5,0
3019,'1496375',856,,1106,57,0,5,0
3019,'1496376',1056,,1107,57,0,5,0
3019,'1496379',2126,,1110,57,0,5,0
3019,'1496383',2226,,1114,57,0,5,0
3019,'1496384',1126,,1115,57,0,5,0
3019,'1496387',1656,,1118,57,0,5,0
3019,'1496389',2320,,1120,57,0,5,0
3019,'1496390',1456,,1121,57,0,5,0
3019,'1496391',1926,,1122,57,0,5,0
3019,'1496393',1226,,1124,57,0,5,0
3019,'1496394',756,,1125,57,0,5,0
3019,'1496397',2026,,1128,57,0,5,0
3019,'1496399',726,,1130,57,0,5,0
3019,'1496401',1756,,1132,57,0,5,0
3019,'1496403',1326,,1134,57,0,5,0
3019,'1496405',1826,,1136,57,0,5,0
3019,'1496406',1026,,1137,57,0,5,0
3019,'1496407',1256,,1138,57,0,5,0
3019,'1496408',1356,,1139,57,0,5,0
3019,'1496410',826,,1141,57,0,5,0
3019,'1496414',956,,1145,57,0,5,0
3019,'1496415',1626,,1146,57,0,5,0
3019,'1496416',1426,,1147,57,0,5,0
3019,'1496418',1726,,1149,57,0,5,0
3019,'1496419',1156,,1150,57,0,5,0
3019,'1496420',1526,,1151,57,0,5,0
3019,'1496424',1556,,1155,57,0,5,0
3019,'1496428',926,,1159,57,0,5,0
3019,'1496433',626,,1164,26,0,5,0
3019,'1496454',1726,,1167,57,0,5,0
3019,'1496456',2226,,1169,57,0,5,0
3019,'1496461',1926,,1174,57,0,5,0
3019,'1496462',1426,,1175,57,0,5,0
3019,'1496464',2026,,1177,57,0,5,0
3019,'1496466',2321,,1179,57,0,5,0
3019,'1496470',1826,,1183,57,0,5,0
3019,'1496471',726,,1184,57,0,5,0
3019,'1496472',926,,1185,57,0,5,0
3019,'1496476',1026,,1189,57,0,5,0
3019,'1496477',1326,,1190,57,0,5,0
3019,'1496478',1626,,1191,57,0,5,0
3019,'1496480',1126,,1193,57,0,5,0
3019,'1496481',1526,,1194,57,0,5,0
3019,'1496482',2126,,1195,57,0,5,0
3019,'1496483',826,,1196,57,0,5,0
3019,'1496485',1226,,1198,57,0,5,0
3019,'1496628',1726,,1204,57,0,5,0
3019,'1496630',2226,,1206,57,0,5,0
3019,'1496634',1926,,1210,57,0,5,0
3019,'1496635',1426,,1211,57,0,5,0
3019,'1496637',2026,,1213,57,0,5,0
3019,'1496639',2321,,1215,57,0,5,0
3019,'1496643',1826,,1219,57,0,5,0
3019,'1496644',926,,1220,57,0,5,0
3019,'1496648',1026,,1224,57,0,5,0
3019,'1496649',1326,,1225,57,0,5,0
3019,'1496650',1626,,1226,57,0,5,0
3019,'1496652',1126,,1228,57,0,5,0
3019,'1496653',1526,,1229,57,0,5,0
3019,'1496654',2126,,1230,57,0,5,0
3019,'1496655',826,,1231,57,0,5,0
3019,'1496657',1226,,1233,57,0,5,0
