3019,'1491899',1550,,370,39,,,0
3019,'1491900',1720,,371,39,,,0
3019,'1491901',2035,,372,39,,,0
3019,'1491902',850,,373,39,,,0
3019,'1491903',720,,374,39,,,0
3019,'1491904',1620,,375,39,,,0
3019,'1491905',1150,,376,39,,,0
3019,'1491906',1120,,377,39,,,0
3019,'1491907',750,,378,39,,,0
3019,'1491908',920,,379,39,,,0
3019,'1491909',2235,,380,39,,,0
3019,'1491910',1350,,381,39,,,0
3019,'1491911',1320,,382,39,,,0
3019,'1491912',1450,,383,39,,,0
3019,'1491913',1250,,384,39,,,0
3019,'1491914',2135,,385,39,,,0
3019,'1491915',820,,386,39,,,0
3019,'1491916',1750,,387,39,,,0
3019,'1491917',1420,,388,39,,,0
3019,'1491918',1020,,389,39,,,0
3019,'1491919',1050,,390,39,,,0
3019,'1491920',1220,,391,39,,,0
3019,'1491921',1650,,392,39,,,0
3019,'1491922',950,,393,39,,,0
3019,'1491923',1520,,394,39,,,0
3019,'1491924',1835,,395,39,,,0
3019,'1491925',2332,,396,39,,,0
3019,'1491928',1935,,399,39,,,0
3019,'1492021',650,,400,39,,,0
3019,'1496989',735,,647,38,,,0
3019,'1496991',1435,,649,38,,,0
3019,'1496993',835,,651,38,,,0
3019,'1496994',1135,,652,38,,,0
3019,'1496995',2235,,653,38,,,0
3019,'1496996',1835,,654,38,,,0
3019,'1496999',1335,,657,38,,,0
3019,'1497001',1935,,659,38,,,0
3019,'1497003',1635,,661,38,,,0
3019,'1497004',935,,662,38,,,0
3019,'1497005',1235,,663,38,,,0
3019,'1497009',2135,,667,38,,,0
3019,'1497010',1735,,668,38,,,0
3019,'1497011',1035,,669,38,,,0
3019,'1497015',1535,,673,38,,,0
3019,'1497020',2035,,678,38,,,0
3019,'1497023',2332,,681,38,,,0
3019,'1497024',635,,682,38,,,0
