3019,'1496126',935,,1057,127,0,5,0
3019,'1496127',1135,,1058,127,0,5,0
3019,'1496132',1205,,1063,127,0,5,0
3019,'1496135',1735,,1066,127,0,5,0
3019,'1496137',1535,,1068,127,0,5,0
3019,'1496139',1305,,1070,127,0,5,0
3019,'1496140',835,,1071,127,0,5,0
3019,'1496143',805,,1074,127,0,5,0
3019,'1496145',1835,,1076,127,0,5,0
3019,'1496147',1405,,1078,127,0,5,0
3019,'1496148',1105,,1079,127,0,5,0
3019,'1496149',1335,,1080,127,0,5,0
3019,'1496150',1435,,1081,127,0,5,0
3019,'1496152',905,,1083,127,0,5,0
3019,'1496156',1035,,1087,127,0,5,0
3019,'1496157',1705,,1088,127,0,5,0
3019,'1496158',1505,,1089,127,0,5,0
3019,'1496160',1805,,1091,127,0,5,0
3019,'1496161',1235,,1092,127,0,5,0
3019,'1496162',1605,,1093,127,0,5,0
3019,'1496163',635,,1094,49,0,5,0
3019,'1496166',1635,,1097,127,0,5,0
3019,'1496169',1005,,1100,127,0,5,0
3019,'1496172',705,,1103,96,0,5,0
3019,'1496375',935,,1106,127,0,5,0
3019,'1496376',1135,,1107,127,0,5,0
3019,'1496379',2205,,1110,127,0,5,0
3019,'1496383',2305,,1114,127,0,5,0
3019,'1496384',1205,,1115,127,0,5,0
3019,'1496387',1735,,1118,127,0,5,0
3019,'1496389',2355,,1120,127,0,5,0
3019,'1496390',1535,,1121,127,0,5,0
3019,'1496391',2005,,1122,127,0,5,0
3019,'1496393',1305,,1124,127,0,5,0
3019,'1496394',835,,1125,127,0,5,0
3019,'1496397',2105,,1128,127,0,5,0
3019,'1496399',805,,1130,127,0,5,0
3019,'1496401',1835,,1132,127,0,5,0
3019,'1496403',1405,,1134,127,0,5,0
3019,'1496405',1905,,1136,127,0,5,0
3019,'1496406',1105,,1137,127,0,5,0
3019,'1496407',1335,,1138,127,0,5,0
3019,'1496408',1435,,1139,127,0,5,0
3019,'1496410',905,,1141,127,0,5,0
3019,'1496414',1035,,1145,127,0,5,0
3019,'1496415',1705,,1146,127,0,5,0
3019,'1496416',1505,,1147,127,0,5,0
3019,'1496418',1805,,1149,127,0,5,0
3019,'1496419',1235,,1150,127,0,5,0
3019,'1496420',1605,,1151,127,0,5,0
3019,'1496421',635,,1152,49,0,5,0
3019,'1496424',1635,,1155,127,0,5,0
3019,'1496428',1005,,1159,127,0,5,0
3019,'1496433',705,,1164,96,0,5,0
3019,'1496454',1805,,1167,127,0,5,0
3019,'1496456',2305,,1169,127,0,5,0
3019,'1496461',2005,,1174,127,0,5,0
3019,'1496462',1505,,1175,127,0,5,0
3019,'1496464',2105,,1177,127,0,5,0
3019,'1496466',2355,,1179,127,0,5,0
3019,'1496470',1905,,1183,127,0,5,0
3019,'1496471',805,,1184,127,0,5,0
3019,'1496472',1005,,1185,127,0,5,0
3019,'1496476',1105,,1189,127,0,5,0
3019,'1496477',1405,,1190,127,0,5,0
3019,'1496478',1705,,1191,127,0,5,0
3019,'1496480',1205,,1193,127,0,5,0
3019,'1496481',1605,,1194,127,0,5,0
3019,'1496482',2205,,1195,127,0,5,0
3019,'1496483',905,,1196,127,0,5,0
3019,'1496485',1305,,1198,127,0,5,0
3019,'1496489',635,,1202,49,0,5,0
3019,'1496628',1805,,1204,127,0,5,0
3019,'1496630',2305,,1206,127,0,5,0
3019,'1496634',2005,,1210,127,0,5,0
3019,'1496635',1505,,1211,127,0,5,0
3019,'1496637',2105,,1213,127,0,5,0
3019,'1496639',2355,,1215,127,0,5,0
3019,'1496643',1905,,1219,127,0,5,0
3019,'1496644',1005,,1220,127,0,5,0
3019,'1496648',1105,,1224,127,0,5,0
3019,'1496649',1405,,1225,127,0,5,0
3019,'1496650',1705,,1226,127,0,5,0
3019,'1496652',1205,,1228,127,0,5,0
3019,'1496653',1605,,1229,127,0,5,0
3019,'1496654',2205,,1230,127,0,5,0
3019,'1496655',905,,1231,127,0,5,0
3019,'1496657',1305,,1233,127,0,5,0
3019,'1496660',735,,1236,49,0,5,0
