4019,'1497026',854,,684,62,,,0
4019,'1497027',754,,685,62,,,0
4019,'1497028',1654,,686,62,,,0
4019,'1497029',2254,,687,62,,,0
4019,'1497030',1754,,688,62,,,0
4019,'1497031',1454,,689,62,,,0
4019,'1497032',2154,,690,62,,,0
4019,'1497033',1054,,691,62,,,0
4019,'1497034',1954,,692,62,,,0
4019,'1497035',1554,,693,62,,,0
4019,'1497036',954,,694,62,,,0
4019,'1497037',1854,,695,62,,,0
4019,'1497038',1354,,696,62,,,0
4019,'1497039',654,,697,62,,,0
4019,'1497040',2054,,698,62,,,0
4019,'1497041',1154,,699,62,,,0
4019,'1497042',1254,,700,62,,,0
4019,'1497043',2347,,701,62,,,0
