3019,'1491899',1635,,370,101,,,0
3019,'1491900',1805,,371,101,,,0
3019,'1491901',2120,,372,101,,,0
3019,'1491902',935,,373,101,,,0
3019,'1491903',805,,374,101,,,0
3019,'1491904',1705,,375,101,,,0
3019,'1491905',1235,,376,101,,,0
3019,'1491906',1205,,377,101,,,0
3019,'1491907',835,,378,101,,,0
3019,'1491908',1005,,379,101,,,0
3019,'1491909',2320,,380,101,,,0
3019,'1491910',1435,,381,101,,,0
3019,'1491911',1405,,382,101,,,0
3019,'1491912',1535,,383,101,,,0
3019,'1491913',1335,,384,101,,,0
3019,'1491914',2220,,385,101,,,0
3019,'1491915',905,,386,101,,,0
3019,'1491916',1835,,387,101,,,0
3019,'1491917',1505,,388,101,,,0
3019,'1491918',1105,,389,101,,,0
3019,'1491919',1135,,390,101,,,0
3019,'1491920',1305,,391,101,,,0
3019,'1491921',1735,,392,101,,,0
3019,'1491922',1035,,393,101,,,0
3019,'1491923',1605,,394,101,,,0
3019,'1491924',1920,,395,101,,,0
3019,'1491926',605,,397,10,,,0
3019,'1491927',635,,398,44,,,0
3019,'1491928',2020,,399,101,,,0
3019,'1492021',735,,400,101,,,0
3019,'1496989',820,,647,100,,,0
3019,'1496991',1520,,649,100,,,0
3019,'1496993',920,,651,100,,,0
3019,'1496994',1220,,652,100,,,0
3019,'1496995',2320,,653,100,,,0
3019,'1496996',1920,,654,100,,,0
3019,'1496999',1420,,657,100,,,0
3019,'1497001',2020,,659,100,,,0
3019,'1497003',1720,,661,100,,,0
3019,'1497004',1020,,662,100,,,0
3019,'1497005',1320,,663,100,,,0
3019,'1497009',2220,,667,100,,,0
3019,'1497010',1820,,668,100,,,0
3019,'1497011',1120,,669,100,,,0
3019,'1497015',1620,,673,100,,,0
3019,'1497020',2120,,678,100,,,0
3019,'1497022',650,,680,44,,,0
3019,'1497024',720,,682,100,,,0
