3019,'1496125',1638,,1056,104,,,0
3019,'1496128',1808,,1059,104,,,0
3019,'1496129',938,,1060,104,,,0
3019,'1496130',808,,1061,104,,,0
3019,'1496131',1708,,1062,104,,,0
3019,'1496133',1238,,1064,104,,,0
3019,'1496134',1208,,1065,104,,,0
3019,'1496136',838,,1067,104,,,0
3019,'1496138',1008,,1069,104,,,0
3019,'1496141',1438,,1072,104,,,0
3019,'1496142',1408,,1073,104,,,0
3019,'1496144',1538,,1075,104,,,0
3019,'1496146',1338,,1077,104,,,0
3019,'1496151',908,,1082,104,,,0
3019,'1496153',1838,,1084,104,,,0
3019,'1496154',1508,,1085,104,,,0
3019,'1496155',1108,,1086,104,,,0
3019,'1496159',1138,,1090,104,,,0
3019,'1496164',1308,,1095,104,,,0
3019,'1496165',1738,,1096,104,,,0
3019,'1496167',1038,,1098,104,,,0
3019,'1496168',1608,,1099,104,,,0
3019,'1496170',608,,1101,14,,,0
3019,'1496171',638,,1102,48,,,0
3019,'1496173',738,,1104,104,,,0
3019,'1496374',1638,,1105,104,,,0
3019,'1496377',1808,,1108,104,,,0
3019,'1496378',2123,,1109,104,,,0
3019,'1496380',938,,1111,104,,,0
3019,'1496381',808,,1112,104,,,0
3019,'1496382',1708,,1113,104,,,0
3019,'1496385',1238,,1116,104,,,0
3019,'1496386',1208,,1117,104,,,0
3019,'1496388',838,,1119,104,,,0
3019,'1496392',1008,,1123,104,,,0
3019,'1496395',2323,,1126,104,,,0
3019,'1496396',1438,,1127,104,,,0
3019,'1496398',1408,,1129,104,,,0
3019,'1496400',1538,,1131,104,,,0
3019,'1496402',1338,,1133,104,,,0
3019,'1496404',2223,,1135,104,,,0
3019,'1496409',908,,1140,104,,,0
3019,'1496411',1838,,1142,104,,,0
3019,'1496412',1508,,1143,104,,,0
3019,'1496413',1108,,1144,104,,,0
3019,'1496417',1138,,1148,104,,,0
3019,'1496422',1308,,1153,104,,,0
3019,'1496423',1738,,1154,104,,,0
3019,'1496425',1038,,1156,104,,,0
3019,'1496426',1608,,1157,104,,,0
3019,'1496427',1923,,1158,104,,,0
3019,'1496430',608,,1161,14,,,0
3019,'1496431',638,,1162,48,,,0
3019,'1496432',2023,,1163,104,,,0
3019,'1496434',738,,1165,104,,,0
3019,'1496453',823,,1166,104,,,0
3019,'1496455',1523,,1168,104,,,0
3019,'1496457',923,,1170,104,,,0
3019,'1496458',1223,,1171,104,,,0
3019,'1496459',2323,,1172,104,,,0
3019,'1496460',1923,,1173,104,,,0
3019,'1496463',1423,,1176,104,,,0
3019,'1496465',2023,,1178,104,,,0
3019,'1496467',1723,,1180,104,,,0
3019,'1496468',1023,,1181,104,,,0
3019,'1496469',1323,,1182,104,,,0
3019,'1496473',2223,,1186,104,,,0
3019,'1496474',1823,,1187,104,,,0
3019,'1496475',1123,,1188,104,,,0
3019,'1496479',1623,,1192,104,,,0
3019,'1496484',2123,,1197,104,,,0
3019,'1496486',653,,1199,48,,,0
3019,'1496488',723,,1201,104,,,0
3019,'1496627',823,,1203,104,,,0
3019,'1496629',1523,,1205,104,,,0
3019,'1496631',923,,1207,104,,,0
3019,'1496632',1223,,1208,104,,,0
3019,'1496633',1923,,1209,104,,,0
3019,'1496636',1423,,1212,104,,,0
3019,'1496638',2023,,1214,104,,,0
3019,'1496640',1723,,1216,104,,,0
3019,'1496641',1023,,1217,104,,,0
3019,'1496642',1323,,1218,104,,,0
3019,'1496645',2223,,1221,104,,,0
3019,'1496646',1823,,1222,104,,,0
3019,'1496647',1123,,1223,104,,,0
3019,'1496651',1623,,1227,104,,,0
3019,'1496656',2123,,1232,104,,,0
3019,'1496658',753,,1234,48,,,0
