3019,'1491899',1533,,370,4,,,0
3019,'1491900',1703,,371,4,,,0
3019,'1491901',2018,,372,4,,,0
3019,'1491902',833,,373,4,,,0
3019,'1491903',703,,374,4,,,0
3019,'1491904',1603,,375,4,,,0
3019,'1491905',1133,,376,4,,,0
3019,'1491906',1103,,377,4,,,0
3019,'1491907',733,,378,4,,,0
3019,'1491908',903,,379,4,,,0
3019,'1491909',2218,,380,4,,,0
3019,'1491910',1333,,381,4,,,0
3019,'1491911',1303,,382,4,,,0
3019,'1491912',1433,,383,4,,,0
3019,'1491913',1233,,384,4,,,0
3019,'1491914',2118,,385,4,,,0
3019,'1491915',803,,386,4,,,0
3019,'1491916',1733,,387,4,,,0
3019,'1491917',1403,,388,4,,,0
3019,'1491918',1003,,389,4,,,0
3019,'1491919',1033,,390,4,,,0
3019,'1491920',1203,,391,4,,,0
3019,'1491921',1633,,392,4,,,0
3019,'1491922',933,,393,4,,,0
3019,'1491923',1503,,394,4,,,0
3019,'1491924',1818,,395,4,,,0
3019,'1491925',2317,,396,4,,,0
3019,'1491928',1918,,399,4,,,0
3019,'1492021',633,,400,4,,,0
3019,'1496989',718,,647,4,,,0
3019,'1496991',1418,,649,4,,,0
3019,'1496993',818,,651,4,,,0
3019,'1496994',1118,,652,4,,,0
3019,'1496995',2218,,653,4,,,0
3019,'1496996',1818,,654,4,,,0
3019,'1496999',1318,,657,4,,,0
3019,'1497001',1918,,659,4,,,0
3019,'1497003',1618,,661,4,,,0
3019,'1497004',918,,662,4,,,0
3019,'1497005',1218,,663,4,,,0
3019,'1497009',2118,,667,4,,,0
3019,'1497010',1718,,668,4,,,0
3019,'1497011',1018,,669,4,,,0
3019,'1497015',1518,,673,4,,,0
3019,'1497020',2018,,678,4,,,0
3019,'1497023',2317,,681,4,,,0
3019,'1497024',618,,682,4,,,0
