3019,'1496126',930,,1057,114,0,5,0
3019,'1496127',1130,,1058,114,0,5,0
3019,'1496132',1200,,1063,114,0,5,0
3019,'1496135',1730,,1066,114,0,5,0
3019,'1496137',1530,,1068,114,0,5,0
3019,'1496139',1300,,1070,114,0,5,0
3019,'1496140',830,,1071,114,0,5,0
3019,'1496143',800,,1074,114,0,5,0
3019,'1496145',1830,,1076,114,0,5,0
3019,'1496147',1400,,1078,114,0,5,0
3019,'1496148',1100,,1079,114,0,5,0
3019,'1496149',1330,,1080,114,0,5,0
3019,'1496150',1430,,1081,114,0,5,0
3019,'1496152',900,,1083,114,0,5,0
3019,'1496156',1030,,1087,114,0,5,0
3019,'1496157',1700,,1088,114,0,5,0
3019,'1496158',1500,,1089,114,0,5,0
3019,'1496160',1800,,1091,114,0,5,0
3019,'1496161',1230,,1092,114,0,5,0
3019,'1496162',1600,,1093,114,0,5,0
3019,'1496163',630,,1094,36,0,5,0
3019,'1496166',1630,,1097,114,0,5,0
3019,'1496169',1000,,1100,114,0,5,0
3019,'1496172',700,,1103,83,0,5,0
3019,'1496375',930,,1106,114,0,5,0
3019,'1496376',1130,,1107,114,0,5,0
3019,'1496379',2200,,1110,114,0,5,0
3019,'1496383',2300,,1114,114,0,5,0
3019,'1496384',1200,,1115,114,0,5,0
3019,'1496387',1730,,1118,114,0,5,0
3019,'1496389',2350,,1120,114,0,5,0
3019,'1496390',1530,,1121,114,0,5,0
3019,'1496391',2000,,1122,114,0,5,0
3019,'1496393',1300,,1124,114,0,5,0
3019,'1496394',830,,1125,114,0,5,0
3019,'1496397',2100,,1128,114,0,5,0
3019,'1496399',800,,1130,114,0,5,0
3019,'1496401',1830,,1132,114,0,5,0
3019,'1496403',1400,,1134,114,0,5,0
3019,'1496405',1900,,1136,114,0,5,0
3019,'1496406',1100,,1137,114,0,5,0
3019,'1496407',1330,,1138,114,0,5,0
3019,'1496408',1430,,1139,114,0,5,0
3019,'1496410',900,,1141,114,0,5,0
3019,'1496414',1030,,1145,114,0,5,0
3019,'1496415',1700,,1146,114,0,5,0
3019,'1496416',1500,,1147,114,0,5,0
3019,'1496418',1800,,1149,114,0,5,0
3019,'1496419',1230,,1150,114,0,5,0
3019,'1496420',1600,,1151,114,0,5,0
3019,'1496421',630,,1152,36,0,5,0
3019,'1496424',1630,,1155,114,0,5,0
3019,'1496428',1000,,1159,114,0,5,0
3019,'1496433',700,,1164,83,0,5,0
3019,'1496454',1800,,1167,114,0,5,0
3019,'1496456',2300,,1169,114,0,5,0
3019,'1496461',2000,,1174,114,0,5,0
3019,'1496462',1500,,1175,114,0,5,0
3019,'1496464',2100,,1177,114,0,5,0
3019,'1496466',2350,,1179,114,0,5,0
3019,'1496470',1900,,1183,114,0,5,0
3019,'1496471',800,,1184,114,0,5,0
3019,'1496472',1000,,1185,114,0,5,0
3019,'1496476',1100,,1189,114,0,5,0
3019,'1496477',1400,,1190,114,0,5,0
3019,'1496478',1700,,1191,114,0,5,0
3019,'1496480',1200,,1193,114,0,5,0
3019,'1496481',1600,,1194,114,0,5,0
3019,'1496482',2200,,1195,114,0,5,0
3019,'1496483',900,,1196,114,0,5,0
3019,'1496485',1300,,1198,114,0,5,0
3019,'1496489',630,,1202,36,0,5,0
3019,'1496628',1800,,1204,114,0,5,0
3019,'1496630',2300,,1206,114,0,5,0
3019,'1496634',2000,,1210,114,0,5,0
3019,'1496635',1500,,1211,114,0,5,0
3019,'1496637',2100,,1213,114,0,5,0
3019,'1496639',2350,,1215,114,0,5,0
3019,'1496643',1900,,1219,114,0,5,0
3019,'1496644',1000,,1220,114,0,5,0
3019,'1496648',1100,,1224,114,0,5,0
3019,'1496649',1400,,1225,114,0,5,0
3019,'1496650',1700,,1226,114,0,5,0
3019,'1496652',1200,,1228,114,0,5,0
3019,'1496653',1600,,1229,114,0,5,0
3019,'1496654',2200,,1230,114,0,5,0
3019,'1496655',900,,1231,114,0,5,0
3019,'1496657',1300,,1233,114,0,5,0
3019,'1496660',730,,1236,36,0,5,0
