2029,'1492022',1950,,280,9,,,0
2029,'1492026',850,,281,9,,,0
2029,'1492029',1350,,282,9,,,0
2029,'1492030',1150,,283,9,,,0
2029,'1492031',1750,,284,9,,,0
2029,'1492033',1220,,285,9,,,0
2029,'1492035',1520,,286,9,,,0
2029,'1492039',920,,287,9,,,0
2029,'1492041',2150,,288,9,,,0
2029,'1492044',750,,289,9,,,0
2029,'1492046',1550,,290,9,,,0
2029,'1492047',1420,,291,9,,,0
2029,'1492049',2250,,292,9,,,0
2029,'1492050',1020,,293,9,,,0
2029,'1492051',650,,294,9,,,0
2029,'1492052',1250,,295,9,,,0
2029,'1492054',1850,,296,9,,,0
2029,'1492056',1620,,297,9,,,0
2029,'1492059',1450,,298,9,,,0
2029,'1492060',1320,,299,9,,,0
2029,'1492061',720,,300,9,,,0
2029,'1492063',1650,,301,9,,,0
2029,'1492065',950,,302,9,,,0
2029,'1492070',820,,303,9,,,0
2029,'1492071',2050,,304,9,,,0
2029,'1492072',1120,,305,9,,,0
2029,'1492073',1050,,306,9,,,0
2029,'1492076',1720,,307,9,,,0
2029,'1496956',1651,,630,9,,,0
2029,'1496959',1051,,631,9,,,0
2029,'1496960',2151,,632,9,,,0
2029,'1496963',2249,,633,9,,,0
2029,'1496964',951,,634,9,,,0
2029,'1496965',1951,,635,9,,,0
2029,'1496966',851,,636,9,,,0
2029,'1496967',1451,,637,9,,,0
2029,'1496969',2051,,638,9,,,0
2029,'1496971',1751,,639,9,,,0
2029,'1496972',1151,,640,9,,,0
2029,'1496976',1351,,641,9,,,0
2029,'1496977',751,,642,9,,,0
2029,'1496978',1251,,643,9,,,0
2029,'1496980',1851,,644,9,,,0
2029,'1496982',1551,,645,9,,,0
2029,'1496985',651,,646,9,,,0
