2029,'1497044',853,,973,14,,,0
2029,'1497045',1353,,974,14,,,0
2029,'1497046',1153,,975,14,,,0
2029,'1497047',1223,,976,14,,,0
2029,'1497048',1523,,977,14,,,0
2029,'1497049',923,,978,14,,,0
2029,'1497050',753,,979,14,,,0
2029,'1497051',1553,,980,14,,,0
2029,'1497052',1423,,981,14,,,0
2029,'1497053',1023,,982,14,,,0
2029,'1497054',653,,983,14,,,0
2029,'1497055',1253,,984,14,,,0
2029,'1497056',1623,,985,14,,,0
2029,'1497057',1453,,986,14,,,0
2029,'1497058',1323,,987,14,,,0
2029,'1497059',723,,988,14,,,0
2029,'1497060',1653,,989,14,,,0
2029,'1497061',953,,990,14,,,0
2029,'1497062',823,,991,14,,,0
2029,'1497063',1123,,992,14,,,0
2029,'1497064',1053,,993,14,,,0
2029,'1497065',1723,,994,14,,,0
2029,'1497066',1953,,995,14,,,0
2029,'1497067',853,,996,14,,,0
2029,'1497068',1353,,997,14,,,0
2029,'1497069',1153,,998,14,,,0
2029,'1497070',1753,,999,14,,,0
2029,'1497071',1223,,1000,14,,,0
2029,'1497072',1523,,1001,14,,,0
2029,'1497073',923,,1002,14,,,0
2029,'1497074',2153,,1003,14,,,0
2029,'1497075',753,,1004,14,,,0
2029,'1497076',1553,,1005,14,,,0
2029,'1497077',1423,,1006,14,,,0
2029,'1497078',2251,,1007,14,,,0
2029,'1497079',1023,,1008,14,,,0
2029,'1497080',653,,1009,14,,,0
2029,'1497081',1253,,1010,14,,,0
2029,'1497082',1853,,1011,14,,,0
2029,'1497083',1623,,1012,14,,,0
2029,'1497084',1453,,1013,14,,,0
2029,'1497085',1323,,1014,14,,,0
2029,'1497086',723,,1015,14,,,0
2029,'1497087',1653,,1016,14,,,0
2029,'1497088',953,,1017,14,,,0
2029,'1497089',823,,1018,14,,,0
2029,'1497090',2053,,1019,14,,,0
2029,'1497091',1123,,1020,14,,,0
2029,'1497092',1053,,1021,14,,,0
2029,'1497093',1723,,1022,14,,,0
2029,'1497094',1653,,1023,14,,,0
2029,'1497095',1053,,1024,14,,,0
2029,'1497096',2153,,1025,14,,,0
2029,'1497097',2250,,1026,14,,,0
2029,'1497098',953,,1027,14,,,0
2029,'1497099',1953,,1028,14,,,0
2029,'1497100',853,,1029,14,,,0
2029,'1497101',1453,,1030,14,,,0
2029,'1497102',2053,,1031,14,,,0
2029,'1497103',1753,,1032,14,,,0
2029,'1497104',1153,,1033,14,,,0
2029,'1497105',1353,,1034,14,,,0
2029,'1497106',753,,1035,14,,,0
2029,'1497107',1253,,1036,14,,,0
2029,'1497108',1853,,1037,14,,,0
2029,'1497109',1553,,1038,14,,,0
2029,'1497110',653,,1039,14,,,0
2029,'1497111',1653,,1040,14,,,0
2029,'1497112',1053,,1041,14,,,0
2029,'1497113',2153,,1042,14,,,0
2029,'1497114',2250,,1043,14,,,0
2029,'1497115',953,,1044,14,,,0
2029,'1497116',1953,,1045,14,,,0
2029,'1497117',853,,1046,14,,,0
2029,'1497118',1453,,1047,14,,,0
2029,'1497119',2053,,1048,14,,,0
2029,'1497120',1753,,1049,14,,,0
2029,'1497121',1153,,1050,14,,,0
2029,'1497122',1353,,1051,14,,,0
2029,'1497123',753,,1052,14,,,0
2029,'1497124',1253,,1053,14,,,0
2029,'1497125',1853,,1054,14,,,0
2029,'1497126',1553,,1055,14,,,0
