1019,'1491950',733,,37,41,,,0
1019,'1491952',833,,38,41,,,0
1019,'1491955',1603,,39,41,,,0
1019,'1491956',2148,,40,41,,,0
1019,'1491957',1703,,41,41,,,0
1019,'1491959',803,,42,41,,,0
1019,'1491960',1503,,43,41,,,0
1019,'1491961',1303,,44,41,,,0
1019,'1491962',1833,,45,41,,,0
1019,'1491967',1403,,46,41,,,0
1019,'1491968',1948,,47,41,,,0
1019,'1491969',2048,,48,41,,,0
1019,'1491975',1103,,49,41,,,0
1019,'1491977',1333,,50,41,,,0
1019,'1491980',903,,51,41,,,0
1019,'1491981',1203,,52,41,,,0
1019,'1491982',1003,,53,41,,,0
1019,'1491984',2342,,54,41,,,0
1019,'1491985',1803,,55,41,,,0
1019,'1491988',1033,,56,41,,,0
1019,'1491990',933,,57,41,,,0
1019,'1491992',2248,,58,41,,,0
1019,'1491994',1433,,59,41,,,0
1019,'1491995',1533,,60,41,,,0
1019,'1491997',703,,61,41,,,0
1019,'1491998',1233,,62,41,,,0
1019,'1491999',1133,,63,41,,,0
1019,'1492002',1733,,64,41,,,0
1019,'1492004',1633,,65,41,,,0
1019,'1492005',603,,66,11,,,0
1019,'1492007',1903,,67,41,,,0
1019,'1496918',1348,,576,42,,,0
1019,'1496921',1948,,577,42,,,0
1019,'1496922',748,,578,42,,,0
1019,'1496923',648,,579,42,,,0
1019,'1496924',2048,,580,42,,,0
1019,'1496928',1048,,581,42,,,0
1019,'1496930',1448,,582,42,,,0
1019,'1496933',1648,,583,42,,,0
1019,'1496935',1148,,584,42,,,0
1019,'1496938',2148,,585,42,,,0
1019,'1496940',1548,,586,42,,,0
1019,'1496941',1748,,587,42,,,0
1019,'1496945',948,,588,42,,,0
1019,'1496946',848,,589,42,,,0
1019,'1496949',1248,,590,42,,,0
1019,'1496950',1848,,591,42,,,0
1019,'1496951',2342,,592,42,,,0
1019,'1496952',2248,,593,42,,,0
