2029,'1492022',1948,,280,6,,,0
2029,'1492026',848,,281,6,,,0
2029,'1492029',1348,,282,6,,,0
2029,'1492030',1148,,283,6,,,0
2029,'1492031',1748,,284,6,,,0
2029,'1492033',1218,,285,6,,,0
2029,'1492035',1518,,286,6,,,0
2029,'1492039',918,,287,6,,,0
2029,'1492041',2148,,288,6,,,0
2029,'1492044',748,,289,6,,,0
2029,'1492046',1548,,290,6,,,0
2029,'1492047',1418,,291,6,,,0
2029,'1492049',2247,,292,6,,,0
2029,'1492050',1018,,293,6,,,0
2029,'1492051',648,,294,6,,,0
2029,'1492052',1248,,295,6,,,0
2029,'1492054',1848,,296,6,,,0
2029,'1492056',1618,,297,6,,,0
2029,'1492059',1448,,298,6,,,0
2029,'1492060',1318,,299,6,,,0
2029,'1492061',718,,300,6,,,0
2029,'1492063',1648,,301,6,,,0
2029,'1492065',948,,302,6,,,0
2029,'1492070',818,,303,6,,,0
2029,'1492071',2048,,304,6,,,0
2029,'1492072',1118,,305,6,,,0
2029,'1492073',1048,,306,6,,,0
2029,'1492076',1718,,307,6,,,0
2029,'1496956',1648,,630,6,,,0
2029,'1496959',1048,,631,6,,,0
2029,'1496960',2148,,632,6,,,0
2029,'1496963',2247,,633,6,,,0
2029,'1496964',948,,634,6,,,0
2029,'1496965',1948,,635,6,,,0
2029,'1496966',848,,636,6,,,0
2029,'1496967',1448,,637,6,,,0
2029,'1496969',2048,,638,6,,,0
2029,'1496971',1748,,639,6,,,0
2029,'1496972',1148,,640,6,,,0
2029,'1496976',1348,,641,6,,,0
2029,'1496977',748,,642,6,,,0
2029,'1496978',1248,,643,6,,,0
2029,'1496980',1848,,644,6,,,0
2029,'1496982',1548,,645,6,,,0
2029,'1496985',648,,646,6,,,0
