4019,'1491929',706,,525,50,,,0
4019,'1491930',2343,,526,50,,,0
4019,'1491931',1106,,527,50,,,0
4019,'1491932',906,,528,50,,,0
4019,'1491933',2051,,529,50,,,0
4019,'1491934',1706,,530,50,,,0
4019,'1491935',1906,,531,50,,,0
4019,'1491936',2151,,532,50,,,0
4019,'1491937',1006,,533,50,,,0
4019,'1491938',1206,,534,50,,,0
4019,'1491939',1951,,535,50,,,0
4019,'1491940',806,,536,50,,,0
4019,'1491941',1606,,537,50,,,0
4019,'1491942',1806,,538,50,,,0
4019,'1491943',1406,,539,50,,,0
4019,'1491944',1506,,540,50,,,0
4019,'1491945',2251,,541,50,,,0
4019,'1491946',1306,,542,50,,,0
4019,'1491947',606,,543,16,,,0
4019,'1497026',848,,684,50,,,0
4019,'1497027',748,,685,50,,,0
4019,'1497028',1648,,686,50,,,0
4019,'1497029',2248,,687,50,,,0
4019,'1497030',1748,,688,50,,,0
4019,'1497031',1448,,689,50,,,0
4019,'1497032',2148,,690,50,,,0
4019,'1497033',1048,,691,50,,,0
4019,'1497034',1948,,692,50,,,0
4019,'1497035',1548,,693,50,,,0
4019,'1497036',948,,694,50,,,0
4019,'1497037',1848,,695,50,,,0
4019,'1497038',1348,,696,50,,,0
4019,'1497039',648,,697,50,,,0
4019,'1497040',2048,,698,50,,,0
4019,'1497041',1148,,699,50,,,0
4019,'1497042',1248,,700,50,,,0
4019,'1497043',2343,,701,50,,,0
