1019,'1496067',710,,702,16,,,0
1019,'1496069',810,,703,16,,,0
1019,'1496071',1540,,704,16,,,0
1019,'1496072',1640,,705,16,,,0
1019,'1496074',740,,706,16,,,0
1019,'1496075',1440,,707,16,,,0
1019,'1496076',1240,,708,16,,,0
1019,'1496080',1340,,709,16,,,0
1019,'1496085',1040,,710,16,,,0
1019,'1496087',1310,,711,16,,,0
1019,'1496089',840,,712,16,,,0
1019,'1496090',1140,,713,16,,,0
1019,'1496091',940,,714,16,,,0
1019,'1496093',1740,,715,16,,,0
1019,'1496095',1010,,716,16,,,0
1019,'1496097',910,,717,16,,,0
1019,'1496099',1410,,718,16,,,0
1019,'1496100',1510,,719,16,,,0
1019,'1496102',640,,720,16,,,0
1019,'1496103',1210,,721,16,,,0
1019,'1496104',1110,,722,16,,,0
1019,'1496107',1710,,723,16,,,0
1019,'1496109',1610,,724,16,,,0
1019,'1496296',710,,726,16,,,0
1019,'1496298',810,,727,16,,,0
1019,'1496301',1540,,728,16,,,0
1019,'1496302',2125,,729,16,,,0
1019,'1496303',1640,,730,16,,,0
1019,'1496305',740,,731,16,,,0
1019,'1496306',1440,,732,16,,,0
1019,'1496307',1240,,733,16,,,0
1019,'1496308',1810,,734,16,,,0
1019,'1496313',1340,,735,16,,,0
1019,'1496314',1925,,736,16,,,0
1019,'1496315',2025,,737,16,,,0
1019,'1496321',1040,,738,16,,,0
1019,'1496323',1310,,739,16,,,0
1019,'1496326',840,,740,16,,,0
1019,'1496327',1140,,741,16,,,0
1019,'1496328',940,,742,16,,,0
1019,'1496330',2325,,743,16,,,0
1019,'1496331',1740,,744,16,,,0
1019,'1496334',1010,,745,16,,,0
1019,'1496336',910,,746,16,,,0
1019,'1496338',2225,,747,16,,,0
1019,'1496340',1410,,748,16,,,0
1019,'1496341',1510,,749,16,,,0
1019,'1496343',640,,750,16,,,0
1019,'1496344',1210,,751,16,,,0
1019,'1496345',1110,,752,16,,,0
1019,'1496348',1710,,753,16,,,0
1019,'1496350',1610,,754,16,,,0
1019,'1496353',1840,,756,16,,,0
1019,'1496526',1325,,757,16,,,0
1019,'1496529',1925,,758,16,,,0
1019,'1496530',725,,759,16,,,0
1019,'1496531',625,,760,16,,,0
1019,'1496532',2025,,761,16,,,0
1019,'1496536',1025,,762,16,,,0
1019,'1496538',1425,,763,16,,,0
1019,'1496541',1625,,764,16,,,0
1019,'1496543',1125,,765,16,,,0
1019,'1496546',2125,,766,16,,,0
1019,'1496548',1525,,767,16,,,0
1019,'1496549',1725,,768,16,,,0
1019,'1496553',925,,769,16,,,0
1019,'1496554',825,,770,16,,,0
1019,'1496557',1225,,771,16,,,0
1019,'1496558',1825,,772,16,,,0
1019,'1496559',2325,,773,16,,,0
1019,'1496560',2225,,774,16,,,0
1019,'1496561',1325,,775,16,,,0
1019,'1496564',1925,,776,16,,,0
1019,'1496565',725,,777,16,,,0
1019,'1496566',2025,,778,16,,,0
1019,'1496570',1025,,779,16,,,0
1019,'1496572',1425,,780,16,,,0
1019,'1496575',1625,,781,16,,,0
1019,'1496576',1125,,782,16,,,0
1019,'1496579',2125,,783,16,,,0
1019,'1496581',1525,,784,16,,,0
1019,'1496582',1725,,785,16,,,0
1019,'1496586',925,,786,16,,,0
1019,'1496587',825,,787,16,,,0
1019,'1496590',1225,,788,16,,,0
1019,'1496591',1825,,789,16,,,0
1019,'1496592',2325,,790,16,,,0
1019,'1496593',2225,,791,16,,,0
