1029,'1491948',1444,,124,41,,,0
1029,'1491949',1544,,125,41,,,0
1029,'1491951',1644,,126,41,,,0
1029,'1491953',744,,127,41,,,0
1029,'1491954',2114,,128,41,,,0
1029,'1491958',1044,,129,41,,,0
1029,'1491963',2014,,130,41,,,0
1029,'1491964',914,,131,41,,,0
1029,'1491965',1714,,132,41,,,0
1029,'1491966',1614,,133,41,,,0
1029,'1491970',1814,,134,41,,,0
1029,'1491971',1214,,135,41,,,0
1029,'1491972',1244,,136,41,,,0
1029,'1491973',1414,,137,41,,,0
1029,'1491974',1014,,138,41,,,0
1029,'1491976',714,,139,41,,,0
1029,'1491978',1844,,140,41,,,0
1029,'1491979',1744,,141,41,,,0
1029,'1491983',1344,,142,41,,,0
1029,'1491986',944,,143,41,,,0
1029,'1491987',2214,,144,41,,,0
1029,'1491989',1144,,145,41,,,0
1029,'1491991',2314,,146,41,,,0
1029,'1491993',844,,147,41,,,0
1029,'1491996',814,,148,41,,,0
1029,'1492000',1514,,149,41,,,0
1029,'1492001',1314,,150,41,,,0
1029,'1492003',1114,,151,41,,,0
1029,'1492008',1914,,153,41,,,0
1029,'1496919',1912,,594,41,,,0
1029,'1496920',2112,,595,41,,,0
1029,'1496925',1812,,596,41,,,0
1029,'1496926',2212,,597,41,,,0
1029,'1496927',1312,,598,41,,,0
1029,'1496929',1112,,599,41,,,0
1029,'1496931',1012,,600,41,,,0
1029,'1496932',2012,,601,41,,,0
1029,'1496934',712,,602,41,,,0
1029,'1496936',2312,,603,41,,,0
1029,'1496937',1512,,604,41,,,0
1029,'1496939',1612,,605,41,,,0
1029,'1496942',812,,606,41,,,0
1029,'1496943',1212,,607,41,,,0
1029,'1496944',912,,608,41,,,0
1029,'1496947',1712,,609,41,,,0
1029,'1496948',1412,,610,41,,,0
4019,'1491929',717,,525,66,,,0
4019,'1491930',2353,,526,66,,,0
4019,'1491931',1117,,527,66,,,0
4019,'1491932',917,,528,66,,,0
4019,'1491933',2102,,529,66,,,0
4019,'1491934',1717,,530,66,,,0
4019,'1491935',1917,,531,66,,,0
4019,'1491936',2202,,532,66,,,0
4019,'1491937',1017,,533,66,,,0
4019,'1491938',1217,,534,66,,,0
4019,'1491939',2002,,535,66,,,0
4019,'1491940',817,,536,66,,,0
4019,'1491941',1617,,537,66,,,0
4019,'1491942',1817,,538,66,,,0
4019,'1491943',1417,,539,66,,,0
4019,'1491944',1517,,540,66,,,0
4019,'1491945',2302,,541,66,,,0
4019,'1491946',1317,,542,66,,,0
4019,'1491947',617,,543,32,,,0
4019,'1497026',902,,684,70,,,0
4019,'1497027',802,,685,70,,,0
4019,'1497028',1702,,686,70,,,0
4019,'1497029',2302,,687,70,,,0
4019,'1497030',1802,,688,70,,,0
4019,'1497031',1502,,689,70,,,0
4019,'1497032',2202,,690,70,,,0
4019,'1497033',1102,,691,70,,,0
4019,'1497034',2002,,692,70,,,0
4019,'1497035',1602,,693,70,,,0
4019,'1497036',1002,,694,70,,,0
4019,'1497037',1902,,695,70,,,0
4019,'1497038',1402,,696,70,,,0
4019,'1497039',702,,697,70,,,0
4019,'1497040',2102,,698,70,,,0
4019,'1497041',1202,,699,70,,,0
4019,'1497042',1302,,700,70,,,0
4019,'1497043',2353,,701,70,,,0
