4019,'1496112',700,,1237,45,,,0
4019,'1496113',1100,,1238,45,,,0
4019,'1496114',900,,1239,45,,,0
4019,'1496115',1700,,1240,45,,,0
4019,'1496116',1000,,1241,45,,,0
4019,'1496117',1200,,1242,45,,,0
4019,'1496118',800,,1243,45,,,0
4019,'1496119',1600,,1244,45,,,0
4019,'1496120',1800,,1245,45,,,0
4019,'1496121',1400,,1246,45,,,0
4019,'1496122',1500,,1247,45,,,0
4019,'1496123',1300,,1248,45,,,0
4019,'1496124',601,,1249,11,,,0
4019,'1496355',700,,1250,45,,,0
4019,'1496356',2341,,1251,45,,,0
4019,'1496357',1100,,1252,45,,,0
4019,'1496358',900,,1253,45,,,0
4019,'1496359',2045,,1254,45,,,0
4019,'1496360',1700,,1255,45,,,0
4019,'1496361',1900,,1256,45,,,0
4019,'1496362',2145,,1257,45,,,0
4019,'1496363',1000,,1258,45,,,0
4019,'1496364',1200,,1259,45,,,0
4019,'1496365',1945,,1260,45,,,0
4019,'1496366',800,,1261,45,,,0
4019,'1496367',1600,,1262,45,,,0
4019,'1496368',1800,,1263,45,,,0
4019,'1496369',1400,,1264,45,,,0
4019,'1496370',1500,,1265,45,,,0
4019,'1496371',2245,,1266,45,,,0
4019,'1496372',1300,,1267,45,,,0
4019,'1496373',601,,1268,11,,,0
4019,'1496435',845,,1269,45,,,0
4019,'1496436',745,,1270,45,,,0
4019,'1496437',1645,,1271,45,,,0
4019,'1496438',2245,,1272,45,,,0
4019,'1496439',1745,,1273,45,,,0
4019,'1496440',1445,,1274,45,,,0
4019,'1496441',2145,,1275,45,,,0
4019,'1496442',1045,,1276,45,,,0
4019,'1496443',1945,,1277,45,,,0
4019,'1496444',1545,,1278,45,,,0
4019,'1496445',945,,1279,45,,,0
4019,'1496446',1845,,1280,45,,,0
4019,'1496447',1345,,1281,45,,,0
4019,'1496448',645,,1282,45,,,0
4019,'1496449',2045,,1283,45,,,0
4019,'1496450',1145,,1284,45,,,0
4019,'1496451',1245,,1285,45,,,0
4019,'1496452',2341,,1286,45,,,0
4019,'1496661',845,,1287,45,,,0
4019,'1496662',745,,1288,45,,,0
4019,'1496663',1645,,1289,45,,,0
4019,'1496664',2245,,1290,45,,,0
4019,'1496665',1745,,1291,45,,,0
4019,'1496666',1445,,1292,45,,,0
4019,'1496667',2145,,1293,45,,,0
4019,'1496668',1045,,1294,45,,,0
4019,'1496669',1945,,1295,45,,,0
4019,'1496670',1545,,1296,45,,,0
4019,'1496671',945,,1297,45,,,0
4019,'1496672',1845,,1298,45,,,0
4019,'1496673',1345,,1299,45,,,0
4019,'1496674',2045,,1300,45,,,0
4019,'1496675',1145,,1301,45,,,0
4019,'1496676',1245,,1302,45,,,0
4019,'1496677',2341,,1303,45,,,0
