2029,'1488850',634,,970,25,,,0
2029,'1496221',703,,971,85,,,0
2029,'1496281',703,,972,85,,,0
2029,'1497044',1004,,973,122,,,0
2029,'1497045',1504,,974,122,,,0
2029,'1497046',1304,,975,122,,,0
2029,'1497047',1334,,976,122,,,0
2029,'1497048',1634,,977,122,,,0
2029,'1497049',1034,,978,122,,,0
2029,'1497050',904,,979,122,,,0
2029,'1497051',1704,,980,122,,,0
2029,'1497052',1534,,981,122,,,0
2029,'1497053',1134,,982,122,,,0
2029,'1497054',804,,983,122,,,0
2029,'1497055',1404,,984,122,,,0
2029,'1497056',1734,,985,122,,,0
2029,'1497057',1604,,986,122,,,0
2029,'1497058',1434,,987,122,,,0
2029,'1497059',834,,988,122,,,0
2029,'1497060',1804,,989,122,,,0
2029,'1497061',1104,,990,122,,,0
2029,'1497062',934,,991,122,,,0
2029,'1497063',1234,,992,122,,,0
2029,'1497064',1204,,993,122,,,0
2029,'1497065',1834,,994,122,,,0
2029,'1497066',2104,,995,122,,,0
2029,'1497067',1004,,996,122,,,0
2029,'1497068',1504,,997,122,,,0
2029,'1497069',1304,,998,122,,,0
2029,'1497070',1904,,999,122,,,0
2029,'1497071',1334,,1000,122,,,0
2029,'1497072',1634,,1001,122,,,0
2029,'1497073',1034,,1002,122,,,0
2029,'1497074',2304,,1003,122,,,0
2029,'1497075',904,,1004,122,,,0
2029,'1497076',1704,,1005,122,,,0
2029,'1497077',1534,,1006,122,,,0
2029,'1497078',2355,,1007,122,,,0
2029,'1497079',1134,,1008,122,,,0
2029,'1497080',804,,1009,122,,,0
2029,'1497081',1404,,1010,122,,,0
2029,'1497082',2004,,1011,122,,,0
2029,'1497083',1734,,1012,122,,,0
2029,'1497084',1604,,1013,122,,,0
2029,'1497085',1434,,1014,122,,,0
2029,'1497086',834,,1015,122,,,0
2029,'1497087',1804,,1016,122,,,0
2029,'1497088',1104,,1017,122,,,0
2029,'1497089',934,,1018,122,,,0
2029,'1497090',2204,,1019,122,,,0
2029,'1497091',1234,,1020,122,,,0
2029,'1497092',1204,,1021,122,,,0
2029,'1497093',1834,,1022,122,,,0
2029,'1497094',1804,,1023,122,,,0
2029,'1497095',1204,,1024,122,,,0
2029,'1497096',2304,,1025,122,,,0
2029,'1497097',2355,,1026,122,,,0
2029,'1497098',1104,,1027,122,,,0
2029,'1497099',2104,,1028,122,,,0
2029,'1497100',1004,,1029,122,,,0
2029,'1497101',1604,,1030,122,,,0
2029,'1497102',2204,,1031,122,,,0
2029,'1497103',1904,,1032,122,,,0
2029,'1497104',1304,,1033,122,,,0
2029,'1497105',1504,,1034,122,,,0
2029,'1497106',904,,1035,122,,,0
2029,'1497107',1404,,1036,122,,,0
2029,'1497108',2004,,1037,122,,,0
2029,'1497109',1704,,1038,122,,,0
2029,'1497110',804,,1039,122,,,0
2029,'1497111',1804,,1040,122,,,0
2029,'1497112',1204,,1041,122,,,0
2029,'1497113',2304,,1042,122,,,0
2029,'1497114',2355,,1043,122,,,0
2029,'1497115',1104,,1044,122,,,0
2029,'1497116',2104,,1045,122,,,0
2029,'1497117',1004,,1046,122,,,0
2029,'1497118',1604,,1047,122,,,0
2029,'1497119',2204,,1048,122,,,0
2029,'1497120',1904,,1049,122,,,0
2029,'1497121',1304,,1050,122,,,0
2029,'1497122',1504,,1051,122,,,0
2029,'1497123',904,,1052,122,,,0
2029,'1497124',1404,,1053,122,,,0
2029,'1497125',2004,,1054,122,,,0
2029,'1497126',1704,,1055,122,,,0
