3019,'1488507',857,,436,60,0,5,0
3019,'1488508',1057,,437,60,0,5,0
3019,'1488511',2127,,438,60,0,5,0
3019,'1488515',2227,,439,60,0,5,0
3019,'1488516',1127,,440,60,0,5,0
3019,'1488519',1657,,441,60,0,5,0
3019,'1488521',2321,,442,60,0,5,0
3019,'1488522',1457,,443,60,0,5,0
3019,'1488523',1927,,444,60,0,5,0
3019,'1488525',1227,,445,60,0,5,0
3019,'1488526',757,,446,60,0,5,0
3019,'1488529',2027,,447,60,0,5,0
3019,'1488531',727,,448,60,0,5,0
3019,'1488533',1757,,449,60,0,5,0
3019,'1488535',1327,,450,60,0,5,0
3019,'1488537',1827,,451,60,0,5,0
3019,'1488538',1027,,452,60,0,5,0
3019,'1488539',1257,,453,60,0,5,0
3019,'1488540',1357,,454,60,0,5,0
3019,'1488542',827,,455,60,0,5,0
3019,'1488546',957,,456,60,0,5,0
3019,'1488547',1627,,457,60,0,5,0
3019,'1488548',1427,,458,60,0,5,0
3019,'1488550',1727,,459,60,0,5,0
3019,'1488551',1157,,460,60,0,5,0
3019,'1488552',1527,,461,60,0,5,0
3019,'1488556',1557,,463,60,0,5,0
3019,'1488560',927,,464,60,0,5,0
3019,'1488565',627,,465,27,0,5,0
3019,'1496990',1727,,648,58,0,5,0
3019,'1496992',2227,,650,58,0,5,0
3019,'1496997',1927,,655,58,0,5,0
3019,'1496998',1427,,656,58,0,5,0
3019,'1497000',2027,,658,58,0,5,0
3019,'1497002',2322,,660,58,0,5,0
3019,'1497006',1827,,664,58,0,5,0
3019,'1497007',727,,665,58,0,5,0
3019,'1497008',927,,666,58,0,5,0
3019,'1497012',1027,,670,58,0,5,0
3019,'1497013',1327,,671,58,0,5,0
3019,'1497014',1627,,672,58,0,5,0
3019,'1497016',1127,,674,58,0,5,0
3019,'1497017',1527,,675,58,0,5,0
3019,'1497018',2127,,676,58,0,5,0
3019,'1497019',827,,677,58,0,5,0
3019,'1497021',1227,,679,58,0,5,0
