3019,'1488507',914,,436,90,0,5,0
3019,'1488508',1114,,437,90,0,5,0
3019,'1488511',2144,,438,90,0,5,0
3019,'1488515',2244,,439,90,0,5,0
3019,'1488516',1144,,440,90,0,5,0
3019,'1488519',1714,,441,90,0,5,0
3019,'1488521',2336,,442,90,0,5,0
3019,'1488522',1514,,443,90,0,5,0
3019,'1488523',1944,,444,90,0,5,0
3019,'1488525',1244,,445,90,0,5,0
3019,'1488526',814,,446,90,0,5,0
3019,'1488529',2044,,447,90,0,5,0
3019,'1488531',744,,448,90,0,5,0
3019,'1488533',1814,,449,90,0,5,0
3019,'1488535',1344,,450,90,0,5,0
3019,'1488537',1844,,451,90,0,5,0
3019,'1488538',1044,,452,90,0,5,0
3019,'1488539',1314,,453,90,0,5,0
3019,'1488540',1414,,454,90,0,5,0
3019,'1488542',844,,455,90,0,5,0
3019,'1488546',1014,,456,90,0,5,0
3019,'1488547',1644,,457,90,0,5,0
3019,'1488548',1444,,458,90,0,5,0
3019,'1488550',1744,,459,90,0,5,0
3019,'1488551',1214,,460,90,0,5,0
3019,'1488552',1544,,461,90,0,5,0
3019,'1488553',614,,462,10,0,5,0
3019,'1488556',1614,,463,90,0,5,0
3019,'1488560',944,,464,90,0,5,0
3019,'1488565',644,,465,57,0,5,0
3019,'1496990',1744,,648,88,0,5,0
3019,'1496992',2244,,650,88,0,5,0
3019,'1496997',1944,,655,88,0,5,0
3019,'1496998',1444,,656,88,0,5,0
3019,'1497000',2044,,658,88,0,5,0
3019,'1497002',2336,,660,88,0,5,0
3019,'1497006',1844,,664,88,0,5,0
3019,'1497007',744,,665,88,0,5,0
3019,'1497008',944,,666,88,0,5,0
3019,'1497012',1044,,670,88,0,5,0
3019,'1497013',1344,,671,88,0,5,0
3019,'1497014',1644,,672,88,0,5,0
3019,'1497016',1144,,674,88,0,5,0
3019,'1497017',1544,,675,88,0,5,0
3019,'1497018',2144,,676,88,0,5,0
3019,'1497019',844,,677,88,0,5,0
3019,'1497021',1244,,679,88,0,5,0
3019,'1497025',618,,683,10,0,5,0
