3019,'1488507',910,,436,83,0,5,0
3019,'1488508',1110,,437,83,0,5,0
3019,'1488511',2140,,438,83,0,5,0
3019,'1488515',2240,,439,83,0,5,0
3019,'1488516',1140,,440,83,0,5,0
3019,'1488519',1710,,441,83,0,5,0
3019,'1488521',2333,,442,83,0,5,0
3019,'1488522',1510,,443,83,0,5,0
3019,'1488523',1940,,444,83,0,5,0
3019,'1488525',1240,,445,83,0,5,0
3019,'1488526',810,,446,83,0,5,0
3019,'1488529',2040,,447,83,0,5,0
3019,'1488531',740,,448,83,0,5,0
3019,'1488533',1810,,449,83,0,5,0
3019,'1488535',1340,,450,83,0,5,0
3019,'1488537',1840,,451,83,0,5,0
3019,'1488538',1040,,452,83,0,5,0
3019,'1488539',1310,,453,83,0,5,0
3019,'1488540',1410,,454,83,0,5,0
3019,'1488542',840,,455,83,0,5,0
3019,'1488546',1010,,456,83,0,5,0
3019,'1488547',1640,,457,83,0,5,0
3019,'1488548',1440,,458,83,0,5,0
3019,'1488550',1740,,459,83,0,5,0
3019,'1488551',1210,,460,83,0,5,0
3019,'1488552',1540,,461,83,0,5,0
3019,'1488553',610,,462,3,0,5,0
3019,'1488556',1610,,463,83,0,5,0
3019,'1488560',940,,464,83,0,5,0
3019,'1488565',640,,465,50,0,5,0
3019,'1496990',1740,,648,81,0,5,0
3019,'1496992',2240,,650,81,0,5,0
3019,'1496997',1940,,655,81,0,5,0
3019,'1496998',1440,,656,81,0,5,0
3019,'1497000',2040,,658,81,0,5,0
3019,'1497002',2333,,660,81,0,5,0
3019,'1497006',1840,,664,81,0,5,0
3019,'1497007',740,,665,81,0,5,0
3019,'1497008',940,,666,81,0,5,0
3019,'1497012',1040,,670,81,0,5,0
3019,'1497013',1340,,671,81,0,5,0
3019,'1497014',1640,,672,81,0,5,0
3019,'1497016',1140,,674,81,0,5,0
3019,'1497017',1540,,675,81,0,5,0
3019,'1497018',2140,,676,81,0,5,0
3019,'1497019',840,,677,81,0,5,0
3019,'1497021',1240,,679,81,0,5,0
3019,'1497025',616,,683,3,0,5,0
