3019,'1488507',822,,436,13,0,5,0
3019,'1488508',1022,,437,13,0,5,0
3019,'1488511',2052,,438,13,0,5,0
3019,'1488515',2152,,439,13,0,5,0
3019,'1488516',1052,,440,13,0,5,0
3019,'1488519',1622,,441,13,0,5,0
3019,'1488521',2252,,442,13,0,5,0
3019,'1488522',1422,,443,13,0,5,0
3019,'1488523',1852,,444,13,0,5,0
3019,'1488525',1152,,445,13,0,5,0
3019,'1488526',722,,446,13,0,5,0
3019,'1488529',1952,,447,13,0,5,0
3019,'1488531',652,,448,13,0,5,0
3019,'1488533',1722,,449,13,0,5,0
3019,'1488535',1252,,450,13,0,5,0
3019,'1488537',1752,,451,13,0,5,0
3019,'1488538',952,,452,13,0,5,0
3019,'1488539',1222,,453,13,0,5,0
3019,'1488540',1322,,454,13,0,5,0
3019,'1488542',752,,455,13,0,5,0
3019,'1488546',922,,456,13,0,5,0
3019,'1488547',1552,,457,13,0,5,0
3019,'1488548',1352,,458,13,0,5,0
3019,'1488550',1652,,459,13,0,5,0
3019,'1488551',1122,,460,13,0,5,0
3019,'1488552',1452,,461,13,0,5,0
3019,'1488556',1522,,463,13,0,5,0
3019,'1488560',852,,464,13,0,5,0
3019,'1496990',1652,,648,12,0,5,0
3019,'1496992',2152,,650,12,0,5,0
3019,'1496997',1852,,655,12,0,5,0
3019,'1496998',1352,,656,12,0,5,0
3019,'1497000',1952,,658,12,0,5,0
3019,'1497002',2252,,660,12,0,5,0
3019,'1497006',1752,,664,12,0,5,0
3019,'1497007',652,,665,12,0,5,0
3019,'1497008',852,,666,12,0,5,0
3019,'1497012',952,,670,12,0,5,0
3019,'1497013',1252,,671,12,0,5,0
3019,'1497014',1552,,672,12,0,5,0
3019,'1497016',1052,,674,12,0,5,0
3019,'1497017',1452,,675,12,0,5,0
3019,'1497018',2052,,676,12,0,5,0
3019,'1497019',752,,677,12,0,5,0
3019,'1497021',1152,,679,12,0,5,0
