3019,'1491899',1559,,370,55,,,0
3019,'1491900',1729,,371,55,,,0
3019,'1491901',2044,,372,55,,,0
3019,'1491902',859,,373,55,,,0
3019,'1491903',729,,374,55,,,0
3019,'1491904',1629,,375,55,,,0
3019,'1491905',1159,,376,55,,,0
3019,'1491906',1129,,377,55,,,0
3019,'1491907',759,,378,55,,,0
3019,'1491908',929,,379,55,,,0
3019,'1491909',2244,,380,55,,,0
3019,'1491910',1359,,381,55,,,0
3019,'1491911',1329,,382,55,,,0
3019,'1491912',1459,,383,55,,,0
3019,'1491913',1259,,384,55,,,0
3019,'1491914',2144,,385,55,,,0
3019,'1491915',829,,386,55,,,0
3019,'1491916',1759,,387,55,,,0
3019,'1491917',1429,,388,55,,,0
3019,'1491918',1029,,389,55,,,0
3019,'1491919',1059,,390,55,,,0
3019,'1491920',1229,,391,55,,,0
3019,'1491921',1659,,392,55,,,0
3019,'1491922',959,,393,55,,,0
3019,'1491923',1529,,394,55,,,0
3019,'1491924',1844,,395,55,,,0
3019,'1491925',2340,,396,55,,,0
3019,'1491928',1944,,399,55,,,0
3019,'1492021',659,,400,55,,,0
3019,'1496989',744,,647,54,,,0
3019,'1496991',1444,,649,54,,,0
3019,'1496993',844,,651,54,,,0
3019,'1496994',1144,,652,54,,,0
3019,'1496995',2244,,653,54,,,0
3019,'1496996',1844,,654,54,,,0
3019,'1496999',1344,,657,54,,,0
3019,'1497001',1944,,659,54,,,0
3019,'1497003',1644,,661,54,,,0
3019,'1497004',944,,662,54,,,0
3019,'1497005',1244,,663,54,,,0
3019,'1497009',2144,,667,54,,,0
3019,'1497010',1744,,668,54,,,0
3019,'1497011',1044,,669,54,,,0
3019,'1497015',1544,,673,54,,,0
3019,'1497020',2044,,678,54,,,0
3019,'1497023',2340,,681,54,,,0
3019,'1497024',644,,682,54,,,0
