3019,'1496125',1545,,1056,29,,,0
3019,'1496126',923,,1057,100,0,5,0
3019,'1496127',1123,,1058,100,0,5,0
3019,'1496128',1715,,1059,29,,,0
3019,'1496129',845,,1060,29,,,0
3019,'1496130',715,,1061,29,,,0
3019,'1496131',1615,,1062,29,,,0
3019,'1496132',1153,,1063,100,0,5,0
3019,'1496133',1145,,1064,29,,,0
3019,'1496134',1115,,1065,29,,,0
3019,'1496135',1723,,1066,100,0,5,0
3019,'1496136',745,,1067,29,,,0
3019,'1496137',1523,,1068,100,0,5,0
3019,'1496138',915,,1069,29,,,0
3019,'1496139',1253,,1070,100,0,5,0
3019,'1496140',823,,1071,100,0,5,0
3019,'1496141',1345,,1072,29,,,0
3019,'1496142',1315,,1073,29,,,0
3019,'1496143',753,,1074,100,0,5,0
3019,'1496144',1445,,1075,29,,,0
3019,'1496145',1823,,1076,100,0,5,0
3019,'1496146',1245,,1077,29,,,0
3019,'1496147',1353,,1078,100,0,5,0
3019,'1496148',1053,,1079,100,0,5,0
3019,'1496149',1323,,1080,100,0,5,0
3019,'1496150',1423,,1081,100,0,5,0
3019,'1496151',815,,1082,29,,,0
3019,'1496152',853,,1083,100,0,5,0
3019,'1496153',1745,,1084,29,,,0
3019,'1496154',1415,,1085,29,,,0
3019,'1496155',1015,,1086,29,,,0
3019,'1496156',1023,,1087,100,0,5,0
3019,'1496157',1653,,1088,100,0,5,0
3019,'1496158',1453,,1089,100,0,5,0
3019,'1496159',1045,,1090,29,,,0
3019,'1496160',1753,,1091,100,0,5,0
3019,'1496161',1223,,1092,100,0,5,0
3019,'1496162',1553,,1093,100,0,5,0
3019,'1496163',623,,1094,22,0,5,0
3019,'1496164',1215,,1095,29,,,0
3019,'1496165',1645,,1096,29,,,0
3019,'1496166',1623,,1097,100,0,5,0
3019,'1496167',945,,1098,29,,,0
3019,'1496168',1515,,1099,29,,,0
3019,'1496169',953,,1100,100,0,5,0
3019,'1496172',653,,1103,69,0,5,0
3019,'1496173',645,,1104,29,,,0
3019,'1496374',1545,,1105,29,,,0
3019,'1496375',923,,1106,100,0,5,0
3019,'1496376',1123,,1107,100,0,5,0
3019,'1496377',1715,,1108,29,,,0
3019,'1496378',2030,,1109,29,,,0
3019,'1496379',2153,,1110,100,0,5,0
3019,'1496380',845,,1111,29,,,0
3019,'1496381',715,,1112,29,,,0
3019,'1496382',1615,,1113,29,,,0
3019,'1496383',2253,,1114,100,0,5,0
3019,'1496384',1153,,1115,100,0,5,0
3019,'1496385',1145,,1116,29,,,0
3019,'1496386',1115,,1117,29,,,0
3019,'1496387',1723,,1118,100,0,5,0
3019,'1496388',745,,1119,29,,,0
3019,'1496389',2343,,1120,100,0,5,0
3019,'1496390',1523,,1121,100,0,5,0
3019,'1496391',1953,,1122,100,0,5,0
3019,'1496392',915,,1123,29,,,0
3019,'1496393',1253,,1124,100,0,5,0
3019,'1496394',823,,1125,100,0,5,0
3019,'1496395',2230,,1126,29,,,0
3019,'1496396',1345,,1127,29,,,0
3019,'1496397',2053,,1128,100,0,5,0
3019,'1496398',1315,,1129,29,,,0
3019,'1496399',753,,1130,100,0,5,0
3019,'1496400',1445,,1131,29,,,0
3019,'1496401',1823,,1132,100,0,5,0
3019,'1496402',1245,,1133,29,,,0
3019,'1496403',1353,,1134,100,0,5,0
3019,'1496404',2130,,1135,29,,,0
3019,'1496405',1853,,1136,100,0,5,0
3019,'1496406',1053,,1137,100,0,5,0
3019,'1496407',1323,,1138,100,0,5,0
3019,'1496408',1423,,1139,100,0,5,0
3019,'1496409',815,,1140,29,,,0
3019,'1496410',853,,1141,100,0,5,0
3019,'1496411',1745,,1142,29,,,0
3019,'1496412',1415,,1143,29,,,0
3019,'1496413',1015,,1144,29,,,0
3019,'1496414',1023,,1145,100,0,5,0
3019,'1496415',1653,,1146,100,0,5,0
3019,'1496416',1453,,1147,100,0,5,0
3019,'1496417',1045,,1148,29,,,0
3019,'1496418',1753,,1149,100,0,5,0
3019,'1496419',1223,,1150,100,0,5,0
3019,'1496420',1553,,1151,100,0,5,0
3019,'1496421',623,,1152,22,0,5,0
3019,'1496422',1215,,1153,29,,,0
3019,'1496423',1645,,1154,29,,,0
3019,'1496424',1623,,1155,100,0,5,0
3019,'1496425',945,,1156,29,,,0
3019,'1496426',1515,,1157,29,,,0
3019,'1496427',1830,,1158,29,,,0
3019,'1496428',953,,1159,100,0,5,0
3019,'1496429',2328,,1160,29,,,0
3019,'1496432',1930,,1163,29,,,0
3019,'1496433',653,,1164,69,0,5,0
3019,'1496434',645,,1165,29,,,0
3019,'1496453',730,,1166,29,,,0
3019,'1496454',1753,,1167,100,0,5,0
3019,'1496455',1430,,1168,29,,,0
3019,'1496456',2253,,1169,100,0,5,0
3019,'1496457',830,,1170,29,,,0
3019,'1496458',1130,,1171,29,,,0
3019,'1496459',2230,,1172,29,,,0
3019,'1496460',1830,,1173,29,,,0
3019,'1496461',1953,,1174,100,0,5,0
3019,'1496462',1453,,1175,100,0,5,0
3019,'1496463',1330,,1176,29,,,0
3019,'1496464',2053,,1177,100,0,5,0
3019,'1496465',1930,,1178,29,,,0
3019,'1496466',2343,,1179,100,0,5,0
3019,'1496467',1630,,1180,29,,,0
3019,'1496468',930,,1181,29,,,0
3019,'1496469',1230,,1182,29,,,0
3019,'1496470',1853,,1183,100,0,5,0
3019,'1496471',753,,1184,100,0,5,0
3019,'1496472',953,,1185,100,0,5,0
3019,'1496473',2130,,1186,29,,,0
3019,'1496474',1730,,1187,29,,,0
3019,'1496475',1030,,1188,29,,,0
3019,'1496476',1053,,1189,100,0,5,0
3019,'1496477',1353,,1190,100,0,5,0
3019,'1496478',1653,,1191,100,0,5,0
3019,'1496479',1530,,1192,29,,,0
3019,'1496480',1153,,1193,100,0,5,0
3019,'1496481',1553,,1194,100,0,5,0
3019,'1496482',2153,,1195,100,0,5,0
3019,'1496483',853,,1196,100,0,5,0
3019,'1496484',2030,,1197,29,,,0
3019,'1496485',1253,,1198,100,0,5,0
3019,'1496487',2328,,1200,29,,,0
3019,'1496488',630,,1201,29,,,0
3019,'1496489',624,,1202,22,0,5,0
3019,'1496627',730,,1203,29,,,0
3019,'1496628',1753,,1204,100,0,5,0
3019,'1496629',1430,,1205,29,,,0
3019,'1496630',2253,,1206,100,0,5,0
3019,'1496631',830,,1207,29,,,0
3019,'1496632',1130,,1208,29,,,0
3019,'1496633',1830,,1209,29,,,0
3019,'1496634',1953,,1210,100,0,5,0
3019,'1496635',1453,,1211,100,0,5,0
3019,'1496636',1330,,1212,29,,,0
3019,'1496637',2053,,1213,100,0,5,0
3019,'1496638',1930,,1214,29,,,0
3019,'1496639',2343,,1215,100,0,5,0
3019,'1496640',1630,,1216,29,,,0
3019,'1496641',930,,1217,29,,,0
3019,'1496642',1230,,1218,29,,,0
3019,'1496643',1853,,1219,100,0,5,0
3019,'1496644',953,,1220,100,0,5,0
3019,'1496645',2130,,1221,29,,,0
3019,'1496646',1730,,1222,29,,,0
3019,'1496647',1030,,1223,29,,,0
3019,'1496648',1053,,1224,100,0,5,0
3019,'1496649',1353,,1225,100,0,5,0
3019,'1496650',1653,,1226,100,0,5,0
3019,'1496651',1530,,1227,29,,,0
3019,'1496652',1153,,1228,100,0,5,0
3019,'1496653',1553,,1229,100,0,5,0
3019,'1496654',2153,,1230,100,0,5,0
3019,'1496655',853,,1231,100,0,5,0
3019,'1496656',2030,,1232,29,,,0
3019,'1496657',1253,,1233,100,0,5,0
3019,'1496659',2328,,1235,29,,,0
3019,'1496660',723,,1236,22,0,5,0
