3019,'1488507',909,,436,82,0,5,0
3019,'1488508',1109,,437,82,0,5,0
3019,'1488511',2139,,438,82,0,5,0
3019,'1488515',2239,,439,82,0,5,0
3019,'1488516',1139,,440,82,0,5,0
3019,'1488519',1709,,441,82,0,5,0
3019,'1488521',2332,,442,82,0,5,0
3019,'1488522',1509,,443,82,0,5,0
3019,'1488523',1939,,444,82,0,5,0
3019,'1488525',1239,,445,82,0,5,0
3019,'1488526',809,,446,82,0,5,0
3019,'1488529',2039,,447,82,0,5,0
3019,'1488531',739,,448,82,0,5,0
3019,'1488533',1809,,449,82,0,5,0
3019,'1488535',1339,,450,82,0,5,0
3019,'1488537',1839,,451,82,0,5,0
3019,'1488538',1039,,452,82,0,5,0
3019,'1488539',1309,,453,82,0,5,0
3019,'1488540',1409,,454,82,0,5,0
3019,'1488542',839,,455,82,0,5,0
3019,'1488546',1009,,456,82,0,5,0
3019,'1488547',1639,,457,82,0,5,0
3019,'1488548',1439,,458,82,0,5,0
3019,'1488550',1739,,459,82,0,5,0
3019,'1488551',1209,,460,82,0,5,0
3019,'1488552',1539,,461,82,0,5,0
3019,'1488553',609,,462,2,0,5,0
3019,'1488556',1609,,463,82,0,5,0
3019,'1488560',939,,464,82,0,5,0
3019,'1488565',639,,465,49,0,5,0
3019,'1496990',1739,,648,80,0,5,0
3019,'1496992',2239,,650,80,0,5,0
3019,'1496997',1939,,655,80,0,5,0
3019,'1496998',1439,,656,80,0,5,0
3019,'1497000',2039,,658,80,0,5,0
3019,'1497002',2332,,660,80,0,5,0
3019,'1497006',1839,,664,80,0,5,0
3019,'1497007',739,,665,80,0,5,0
3019,'1497008',939,,666,80,0,5,0
3019,'1497012',1039,,670,80,0,5,0
3019,'1497013',1339,,671,80,0,5,0
3019,'1497014',1639,,672,80,0,5,0
3019,'1497016',1139,,674,80,0,5,0
3019,'1497017',1539,,675,80,0,5,0
3019,'1497018',2139,,676,80,0,5,0
3019,'1497019',839,,677,80,0,5,0
3019,'1497021',1239,,679,80,0,5,0
3019,'1497025',615,,683,2,0,5,0
