2029,'1492022',2039,,280,88,,,0
2029,'1492026',939,,281,88,,,0
2029,'1492029',1439,,282,88,,,0
2029,'1492030',1239,,283,88,,,0
2029,'1492031',1839,,284,88,,,0
2029,'1492033',1309,,285,88,,,0
2029,'1492035',1609,,286,88,,,0
2029,'1492039',1009,,287,88,,,0
2029,'1492041',2239,,288,88,,,0
2029,'1492044',839,,289,88,,,0
2029,'1492046',1639,,290,88,,,0
2029,'1492047',1509,,291,88,,,0
2029,'1492049',2335,,292,88,,,0
2029,'1492050',1109,,293,88,,,0
2029,'1492051',739,,294,88,,,0
2029,'1492052',1339,,295,88,,,0
2029,'1492054',1939,,296,88,,,0
2029,'1492056',1709,,297,88,,,0
2029,'1492059',1539,,298,88,,,0
2029,'1492060',1409,,299,88,,,0
2029,'1492061',809,,300,88,,,0
2029,'1492063',1739,,301,88,,,0
2029,'1492065',1039,,302,88,,,0
2029,'1492070',909,,303,88,,,0
2029,'1492071',2139,,304,88,,,0
2029,'1492072',1209,,305,88,,,0
2029,'1492073',1139,,306,88,,,0
2029,'1492076',1809,,307,88,,,0
2029,'1492081',639,,308,52,,,0
2029,'1496956',1739,,630,89,,,0
2029,'1496959',1139,,631,89,,,0
2029,'1496960',2239,,632,89,,,0
2029,'1496963',2335,,633,89,,,0
2029,'1496964',1039,,634,89,,,0
2029,'1496965',2039,,635,89,,,0
2029,'1496966',939,,636,89,,,0
2029,'1496967',1539,,637,89,,,0
2029,'1496969',2139,,638,89,,,0
2029,'1496971',1839,,639,89,,,0
2029,'1496972',1239,,640,89,,,0
2029,'1496976',1439,,641,89,,,0
2029,'1496977',839,,642,89,,,0
2029,'1496978',1339,,643,89,,,0
2029,'1496980',1939,,644,89,,,0
2029,'1496982',1639,,645,89,,,0
2029,'1496985',739,,646,89,,,0
