4019,'1491929',711,,525,60,,,0
4019,'1491930',2348,,526,60,,,0
4019,'1491931',1111,,527,60,,,0
4019,'1491932',911,,528,60,,,0
4019,'1491933',2056,,529,60,,,0
4019,'1491934',1711,,530,60,,,0
4019,'1491935',1911,,531,60,,,0
4019,'1491936',2156,,532,60,,,0
4019,'1491937',1011,,533,60,,,0
4019,'1491938',1211,,534,60,,,0
4019,'1491939',1956,,535,60,,,0
4019,'1491940',811,,536,60,,,0
4019,'1491941',1611,,537,60,,,0
4019,'1491942',1811,,538,60,,,0
4019,'1491943',1411,,539,60,,,0
4019,'1491944',1511,,540,60,,,0
4019,'1491945',2256,,541,60,,,0
4019,'1491946',1311,,542,60,,,0
4019,'1491947',611,,543,26,,,0
4019,'1497026',857,,684,65,,,0
4019,'1497027',757,,685,65,,,0
4019,'1497028',1657,,686,65,,,0
4019,'1497029',2257,,687,65,,,0
4019,'1497030',1757,,688,65,,,0
4019,'1497031',1457,,689,65,,,0
4019,'1497032',2157,,690,65,,,0
4019,'1497033',1057,,691,65,,,0
4019,'1497034',1957,,692,65,,,0
4019,'1497035',1557,,693,65,,,0
4019,'1497036',957,,694,65,,,0
4019,'1497037',1857,,695,65,,,0
4019,'1497038',1357,,696,65,,,0
4019,'1497039',657,,697,65,,,0
4019,'1497040',2057,,698,65,,,0
4019,'1497041',1157,,699,65,,,0
4019,'1497042',1257,,700,65,,,0
4019,'1497043',2349,,701,65,,,0
