8019,'1488718',1746,,544,10,,,0
8019,'1488719',1046,,545,10,,,0
8019,'1488720',1346,,546,10,,,0
8019,'1488721',946,,547,10,,,0
8019,'1488722',1446,,548,10,,,0
8019,'1488723',746,,549,10,,,0
8019,'1488724',1646,,550,10,,,0
8019,'1488725',846,,551,10,,,0
8019,'1488726',646,,552,10,,,0
8019,'1488727',1546,,553,10,,,0
8019,'1488728',1246,,554,10,,,0
8019,'1488729',1146,,555,10,,,0
8019,'1492009',1746,,556,10,,,0
8019,'1492010',1046,,557,10,,,0
8019,'1492011',1346,,558,10,,,0
8019,'1492012',946,,559,10,,,0
8019,'1492013',1446,,560,10,,,0
8019,'1492014',746,,561,10,,,0
8019,'1492015',1646,,562,10,,,0
8019,'1492016',846,,563,10,,,0
8019,'1492017',646,,564,10,,,0
8019,'1492018',1546,,565,10,,,0
8019,'1492019',1246,,566,10,,,0
8019,'1492020',1146,,567,10,,,0
