3019,'1491899',1549,,370,38,,,0
3019,'1491900',1719,,371,38,,,0
3019,'1491901',2034,,372,38,,,0
3019,'1491902',849,,373,38,,,0
3019,'1491903',719,,374,38,,,0
3019,'1491904',1619,,375,38,,,0
3019,'1491905',1149,,376,38,,,0
3019,'1491906',1119,,377,38,,,0
3019,'1491907',749,,378,38,,,0
3019,'1491908',919,,379,38,,,0
3019,'1491909',2234,,380,38,,,0
3019,'1491910',1349,,381,38,,,0
3019,'1491911',1319,,382,38,,,0
3019,'1491912',1449,,383,38,,,0
3019,'1491913',1249,,384,38,,,0
3019,'1491914',2134,,385,38,,,0
3019,'1491915',819,,386,38,,,0
3019,'1491916',1749,,387,38,,,0
3019,'1491917',1419,,388,38,,,0
3019,'1491918',1019,,389,38,,,0
3019,'1491919',1049,,390,38,,,0
3019,'1491920',1219,,391,38,,,0
3019,'1491921',1649,,392,38,,,0
3019,'1491922',949,,393,38,,,0
3019,'1491923',1519,,394,38,,,0
3019,'1491924',1834,,395,38,,,0
3019,'1491925',2332,,396,38,,,0
3019,'1491928',1934,,399,38,,,0
3019,'1492021',649,,400,38,,,0
3019,'1496989',734,,647,37,,,0
3019,'1496991',1434,,649,37,,,0
3019,'1496993',834,,651,37,,,0
3019,'1496994',1134,,652,37,,,0
3019,'1496995',2234,,653,37,,,0
3019,'1496996',1834,,654,37,,,0
3019,'1496999',1334,,657,37,,,0
3019,'1497001',1934,,659,37,,,0
3019,'1497003',1634,,661,37,,,0
3019,'1497004',934,,662,37,,,0
3019,'1497005',1234,,663,37,,,0
3019,'1497009',2134,,667,37,,,0
3019,'1497010',1734,,668,37,,,0
3019,'1497011',1034,,669,37,,,0
3019,'1497015',1534,,673,37,,,0
3019,'1497020',2034,,678,37,,,0
3019,'1497023',2332,,681,37,,,0
3019,'1497024',634,,682,37,,,0
