2019,'1492023',2317,,191,90,,,0
2019,'1492024',1302,,192,90,,,0
2019,'1492025',1432,,193,90,,,0
2019,'1492027',2217,,194,90,,,0
2019,'1492028',1917,,195,90,,,0
2019,'1492032',1402,,196,90,,,0
2019,'1492034',1532,,197,90,,,0
2019,'1492036',1032,,198,90,,,0
2019,'1492037',1602,,199,90,,,0
2019,'1492038',1002,,200,90,,,0
2019,'1492040',1202,,201,90,,,0
2019,'1492042',932,,202,90,,,0
2019,'1492043',902,,203,90,,,0
2019,'1492045',1102,,204,90,,,0
2019,'1492048',1632,,205,90,,,0
2019,'1492053',2117,,206,90,,,0
2019,'1492055',802,,207,90,,,0
2019,'1492057',1802,,208,90,,,0
2019,'1492062',1502,,210,90,,,0
2019,'1492064',1132,,211,90,,,0
2019,'1492066',1232,,212,90,,,0
2019,'1492067',1702,,213,90,,,0
2019,'1492068',1832,,214,90,,,0
2019,'1492069',1732,,215,90,,,0
2019,'1492074',832,,216,90,,,0
2019,'1492075',1332,,217,90,,,0
2019,'1492077',732,,218,90,,,0
2019,'1492078',602,,219,5,,,0
2019,'1492079',632,,220,68,,,0
2019,'1492080',2017,,221,90,,,0
2019,'1496953',1817,,611,91,,,0
2019,'1496954',2217,,612,91,,,0
2019,'1496955',1417,,613,91,,,0
2019,'1496957',1217,,614,91,,,0
2019,'1496958',1517,,615,91,,,0
2019,'1496961',2117,,616,91,,,0
2019,'1496962',817,,617,91,,,0
2019,'1496968',1317,,618,91,,,0
2019,'1496970',2317,,619,91,,,0
2019,'1496973',1617,,620,91,,,0
2019,'1496974',1917,,621,91,,,0
2019,'1496975',1117,,622,91,,,0
2019,'1496979',1017,,623,91,,,0
2019,'1496981',917,,624,91,,,0
2019,'1496983',1717,,625,91,,,0
2019,'1496984',2017,,626,91,,,0
2019,'1496986',717,,627,91,,,0
2019,'1496987',647,,628,59,,,0
