2019,'1492023',2249,,191,46,,,0
2019,'1492024',1234,,192,46,,,0
2019,'1492025',1404,,193,46,,,0
2019,'1492027',2149,,194,46,,,0
2019,'1492028',1849,,195,46,,,0
2019,'1492032',1334,,196,46,,,0
2019,'1492034',1504,,197,46,,,0
2019,'1492036',1004,,198,46,,,0
2019,'1492037',1534,,199,46,,,0
2019,'1492038',934,,200,46,,,0
2019,'1492040',1134,,201,46,,,0
2019,'1492042',904,,202,46,,,0
2019,'1492043',834,,203,46,,,0
2019,'1492045',1034,,204,46,,,0
2019,'1492048',1604,,205,46,,,0
2019,'1492053',2049,,206,46,,,0
2019,'1492055',734,,207,46,,,0
2019,'1492057',1734,,208,46,,,0
2019,'1492058',2346,,209,46,,,0
2019,'1492062',1434,,210,46,,,0
2019,'1492064',1104,,211,46,,,0
2019,'1492066',1204,,212,46,,,0
2019,'1492067',1634,,213,46,,,0
2019,'1492068',1804,,214,46,,,0
2019,'1492069',1704,,215,46,,,0
2019,'1492074',804,,216,46,,,0
2019,'1492075',1304,,217,46,,,0
2019,'1492077',704,,218,46,,,0
2019,'1492079',604,,220,24,,,0
2019,'1492080',1949,,221,46,,,0
2019,'1496953',1747,,611,47,,,0
2019,'1496954',2147,,612,47,,,0
2019,'1496955',1347,,613,47,,,0
2019,'1496957',1147,,614,47,,,0
2019,'1496958',1447,,615,47,,,0
2019,'1496961',2047,,616,47,,,0
2019,'1496962',747,,617,47,,,0
2019,'1496968',1247,,618,47,,,0
2019,'1496970',2247,,619,47,,,0
2019,'1496973',1547,,620,47,,,0
2019,'1496974',1847,,621,47,,,0
2019,'1496975',1047,,622,47,,,0
2019,'1496979',947,,623,47,,,0
2019,'1496981',847,,624,47,,,0
2019,'1496983',1647,,625,47,,,0
2019,'1496984',1947,,626,47,,,0
2019,'1496986',647,,627,47,,,0
2019,'1496987',617,,628,15,,,0
2019,'1496988',2346,,629,47,,,0
2029,'1492022',2037,,280,84,,,0
2029,'1492026',937,,281,84,,,0
2029,'1492029',1437,,282,84,,,0
2029,'1492030',1237,,283,84,,,0
2029,'1492031',1837,,284,84,,,0
2029,'1492033',1307,,285,84,,,0
2029,'1492035',1607,,286,84,,,0
2029,'1492039',1007,,287,84,,,0
2029,'1492041',2237,,288,84,,,0
2029,'1492044',837,,289,84,,,0
2029,'1492046',1637,,290,84,,,0
2029,'1492047',1507,,291,84,,,0
2029,'1492049',2333,,292,84,,,0
2029,'1492050',1107,,293,84,,,0
2029,'1492051',737,,294,84,,,0
2029,'1492052',1337,,295,84,,,0
2029,'1492054',1937,,296,84,,,0
2029,'1492056',1707,,297,84,,,0
2029,'1492059',1537,,298,84,,,0
2029,'1492060',1407,,299,84,,,0
2029,'1492061',807,,300,84,,,0
2029,'1492063',1737,,301,84,,,0
2029,'1492065',1037,,302,84,,,0
2029,'1492070',907,,303,84,,,0
2029,'1492071',2137,,304,84,,,0
2029,'1492072',1207,,305,84,,,0
2029,'1492073',1137,,306,84,,,0
2029,'1492076',1807,,307,84,,,0
2029,'1492081',637,,308,48,,,0
2029,'1496956',1737,,630,85,,,0
2029,'1496959',1137,,631,85,,,0
2029,'1496960',2237,,632,85,,,0
2029,'1496963',2333,,633,85,,,0
2029,'1496964',1037,,634,85,,,0
2029,'1496965',2037,,635,85,,,0
2029,'1496966',937,,636,85,,,0
2029,'1496967',1537,,637,85,,,0
2029,'1496969',2137,,638,85,,,0
2029,'1496971',1837,,639,85,,,0
2029,'1496972',1237,,640,85,,,0
2029,'1496976',1437,,641,85,,,0
2029,'1496977',837,,642,85,,,0
2029,'1496978',1337,,643,85,,,0
2029,'1496980',1937,,644,85,,,0
2029,'1496982',1637,,645,85,,,0
2029,'1496985',737,,646,85,,,0
3019,'1488507',843,,436,41,0,5,0
3019,'1488508',1043,,437,41,0,5,0
3019,'1488511',2113,,438,41,0,5,0
3019,'1488515',2213,,439,41,0,5,0
3019,'1488516',1113,,440,41,0,5,0
3019,'1488519',1643,,441,41,0,5,0
3019,'1488521',2311,,442,41,0,5,0
3019,'1488522',1443,,443,41,0,5,0
3019,'1488523',1913,,444,41,0,5,0
3019,'1488525',1213,,445,41,0,5,0
3019,'1488526',743,,446,41,0,5,0
3019,'1488529',2013,,447,41,0,5,0
3019,'1488531',713,,448,41,0,5,0
3019,'1488533',1743,,449,41,0,5,0
3019,'1488535',1313,,450,41,0,5,0
3019,'1488537',1813,,451,41,0,5,0
3019,'1488538',1013,,452,41,0,5,0
3019,'1488539',1243,,453,41,0,5,0
3019,'1488540',1343,,454,41,0,5,0
3019,'1488542',813,,455,41,0,5,0
3019,'1488546',943,,456,41,0,5,0
3019,'1488547',1613,,457,41,0,5,0
3019,'1488548',1413,,458,41,0,5,0
3019,'1488550',1713,,459,41,0,5,0
3019,'1488551',1143,,460,41,0,5,0
3019,'1488552',1513,,461,41,0,5,0
3019,'1488556',1543,,463,41,0,5,0
3019,'1488560',913,,464,41,0,5,0
3019,'1488565',613,,465,8,0,5,0
3019,'1491899',1633,,370,99,,,0
3019,'1491900',1803,,371,99,,,0
3019,'1491901',2118,,372,99,,,0
3019,'1491902',933,,373,99,,,0
3019,'1491903',803,,374,99,,,0
3019,'1491904',1703,,375,99,,,0
3019,'1491905',1233,,376,99,,,0
3019,'1491906',1203,,377,99,,,0
3019,'1491907',833,,378,99,,,0
3019,'1491908',1003,,379,99,,,0
3019,'1491909',2318,,380,99,,,0
3019,'1491910',1433,,381,99,,,0
3019,'1491911',1403,,382,99,,,0
3019,'1491912',1533,,383,99,,,0
3019,'1491913',1333,,384,99,,,0
3019,'1491914',2218,,385,99,,,0
3019,'1491915',903,,386,99,,,0
3019,'1491916',1833,,387,99,,,0
3019,'1491917',1503,,388,99,,,0
3019,'1491918',1103,,389,99,,,0
3019,'1491919',1133,,390,99,,,0
3019,'1491920',1303,,391,99,,,0
3019,'1491921',1733,,392,99,,,0
3019,'1491922',1033,,393,99,,,0
3019,'1491923',1603,,394,99,,,0
3019,'1491924',1918,,395,99,,,0
3019,'1491926',603,,397,8,,,0
3019,'1491927',633,,398,42,,,0
3019,'1491928',2018,,399,99,,,0
3019,'1492021',733,,400,99,,,0
3019,'1496989',818,,647,98,,,0
3019,'1496990',1713,,648,39,0,5,0
3019,'1496991',1518,,649,98,,,0
3019,'1496992',2213,,650,39,0,5,0
3019,'1496993',918,,651,98,,,0
3019,'1496994',1218,,652,98,,,0
3019,'1496995',2318,,653,98,,,0
3019,'1496996',1918,,654,98,,,0
3019,'1496997',1913,,655,39,0,5,0
3019,'1496998',1413,,656,39,0,5,0
3019,'1496999',1418,,657,98,,,0
3019,'1497000',2013,,658,39,0,5,0
3019,'1497001',2018,,659,98,,,0
3019,'1497002',2311,,660,39,0,5,0
3019,'1497003',1718,,661,98,,,0
3019,'1497004',1018,,662,98,,,0
3019,'1497005',1318,,663,98,,,0
3019,'1497006',1813,,664,39,0,5,0
3019,'1497007',713,,665,39,0,5,0
3019,'1497008',913,,666,39,0,5,0
3019,'1497009',2218,,667,98,,,0
3019,'1497010',1818,,668,98,,,0
3019,'1497011',1118,,669,98,,,0
3019,'1497012',1013,,670,39,0,5,0
3019,'1497013',1313,,671,39,0,5,0
3019,'1497014',1613,,672,39,0,5,0
3019,'1497015',1618,,673,98,,,0
3019,'1497016',1113,,674,39,0,5,0
3019,'1497017',1513,,675,39,0,5,0
3019,'1497018',2113,,676,39,0,5,0
3019,'1497019',813,,677,39,0,5,0
3019,'1497020',2118,,678,98,,,0
3019,'1497021',1213,,679,39,0,5,0
3019,'1497022',648,,680,42,,,0
3019,'1497024',718,,682,98,,,0
