1029,'1496065',1420,,792,7,,,0
1029,'1496066',1520,,793,7,,,0
1029,'1496068',1620,,794,7,,,0
1029,'1496070',720,,795,7,,,0
1029,'1496073',1020,,796,7,,,0
1029,'1496077',850,,797,7,,,0
1029,'1496078',1650,,798,7,,,0
1029,'1496079',1550,,799,7,,,0
1029,'1496081',1150,,800,7,,,0
1029,'1496082',1220,,801,7,,,0
1029,'1496083',1350,,802,7,,,0
1029,'1496084',950,,803,7,,,0
1029,'1496086',650,,804,7,,,0
1029,'1496088',1720,,805,7,,,0
1029,'1496092',1320,,806,7,,,0
1029,'1496094',920,,807,7,,,0
1029,'1496096',1120,,808,7,,,0
1029,'1496098',820,,809,7,,,0
1029,'1496101',750,,810,7,,,0
1029,'1496105',1450,,811,7,,,0
1029,'1496106',1250,,812,7,,,0
1029,'1496108',1050,,813,7,,,0
1029,'1496294',1420,,815,7,,,0
1029,'1496295',1520,,816,7,,,0
1029,'1496297',1620,,817,7,,,0
1029,'1496299',720,,818,7,,,0
1029,'1496300',2050,,819,7,,,0
1029,'1496304',1020,,820,7,,,0
1029,'1496309',1950,,821,7,,,0
1029,'1496310',850,,822,7,,,0
1029,'1496311',1650,,823,7,,,0
1029,'1496312',1550,,824,7,,,0
1029,'1496316',1750,,825,7,,,0
1029,'1496317',1150,,826,7,,,0
1029,'1496318',1220,,827,7,,,0
1029,'1496319',1350,,828,7,,,0
1029,'1496320',950,,829,7,,,0
1029,'1496322',650,,830,7,,,0
1029,'1496324',1820,,831,7,,,0
1029,'1496325',1720,,832,7,,,0
1029,'1496329',1320,,833,7,,,0
1029,'1496332',920,,834,7,,,0
1029,'1496333',2150,,835,7,,,0
1029,'1496335',1120,,836,7,,,0
1029,'1496337',2250,,837,7,,,0
1029,'1496339',820,,838,7,,,0
1029,'1496342',750,,839,7,,,0
1029,'1496346',1450,,840,7,,,0
1029,'1496347',1250,,841,7,,,0
1029,'1496349',1050,,842,7,,,0
1029,'1496354',1850,,844,7,,,0
1029,'1496527',1850,,845,7,,,0
1029,'1496528',2050,,846,7,,,0
1029,'1496533',1750,,847,7,,,0
1029,'1496534',2150,,848,7,,,0
1029,'1496535',1250,,849,7,,,0
1029,'1496537',1050,,850,7,,,0
1029,'1496539',950,,851,7,,,0
1029,'1496540',1950,,852,7,,,0
1029,'1496542',650,,853,7,,,0
1029,'1496544',2250,,854,7,,,0
1029,'1496545',1450,,855,7,,,0
1029,'1496547',1550,,856,7,,,0
1029,'1496550',750,,857,7,,,0
1029,'1496551',1150,,858,7,,,0
1029,'1496552',850,,859,7,,,0
1029,'1496555',1650,,860,7,,,0
1029,'1496556',1350,,861,7,,,0
1029,'1496562',1850,,862,7,,,0
1029,'1496563',2050,,863,7,,,0
1029,'1496567',1750,,864,7,,,0
1029,'1496568',2150,,865,7,,,0
1029,'1496569',1250,,866,7,,,0
1029,'1496571',1050,,867,7,,,0
1029,'1496573',950,,868,7,,,0
1029,'1496574',1950,,869,7,,,0
1029,'1496577',2250,,870,7,,,0
1029,'1496578',1450,,871,7,,,0
1029,'1496580',1550,,872,7,,,0
1029,'1496583',750,,873,7,,,0
1029,'1496584',1150,,874,7,,,0
1029,'1496585',850,,875,7,,,0
1029,'1496588',1650,,876,7,,,0
1029,'1496589',1350,,877,7,,,0
