4019,'1491929',714,,525,62,,,0
4019,'1491930',2350,,526,62,,,0
4019,'1491931',1114,,527,62,,,0
4019,'1491932',914,,528,62,,,0
4019,'1491933',2059,,529,62,,,0
4019,'1491934',1714,,530,62,,,0
4019,'1491935',1914,,531,62,,,0
4019,'1491936',2159,,532,62,,,0
4019,'1491937',1014,,533,62,,,0
4019,'1491938',1214,,534,62,,,0
4019,'1491939',1959,,535,62,,,0
4019,'1491940',814,,536,62,,,0
4019,'1491941',1614,,537,62,,,0
4019,'1491942',1814,,538,62,,,0
4019,'1491943',1414,,539,62,,,0
4019,'1491944',1514,,540,62,,,0
4019,'1491945',2259,,541,62,,,0
4019,'1491946',1314,,542,62,,,0
4019,'1491947',614,,543,28,,,0
4019,'1497026',900,,684,66,,,0
4019,'1497027',800,,685,66,,,0
4019,'1497028',1700,,686,66,,,0
4019,'1497029',2300,,687,66,,,0
4019,'1497030',1800,,688,66,,,0
4019,'1497031',1500,,689,66,,,0
4019,'1497032',2200,,690,66,,,0
4019,'1497033',1100,,691,66,,,0
4019,'1497034',2000,,692,66,,,0
4019,'1497035',1600,,693,66,,,0
4019,'1497036',1000,,694,66,,,0
4019,'1497037',1900,,695,66,,,0
4019,'1497038',1400,,696,66,,,0
4019,'1497039',700,,697,66,,,0
4019,'1497040',2100,,698,66,,,0
4019,'1497041',1200,,699,66,,,0
4019,'1497042',1300,,700,66,,,0
4019,'1497043',2351,,701,66,,,0
