3019,'1488507',852,,436,53,0,5,0
3019,'1488508',1052,,437,53,0,5,0
3019,'1488511',2122,,438,53,0,5,0
3019,'1488515',2222,,439,53,0,5,0
3019,'1488516',1122,,440,53,0,5,0
3019,'1488519',1652,,441,53,0,5,0
3019,'1488521',2317,,442,53,0,5,0
3019,'1488522',1452,,443,53,0,5,0
3019,'1488523',1922,,444,53,0,5,0
3019,'1488525',1222,,445,53,0,5,0
3019,'1488526',752,,446,53,0,5,0
3019,'1488529',2022,,447,53,0,5,0
3019,'1488531',722,,448,53,0,5,0
3019,'1488533',1752,,449,53,0,5,0
3019,'1488535',1322,,450,53,0,5,0
3019,'1488537',1822,,451,53,0,5,0
3019,'1488538',1022,,452,53,0,5,0
3019,'1488539',1252,,453,53,0,5,0
3019,'1488540',1352,,454,53,0,5,0
3019,'1488542',822,,455,53,0,5,0
3019,'1488546',952,,456,53,0,5,0
3019,'1488547',1622,,457,53,0,5,0
3019,'1488548',1422,,458,53,0,5,0
3019,'1488550',1722,,459,53,0,5,0
3019,'1488551',1152,,460,53,0,5,0
3019,'1488552',1522,,461,53,0,5,0
3019,'1488556',1552,,463,53,0,5,0
3019,'1488560',922,,464,53,0,5,0
3019,'1488565',622,,465,20,0,5,0
3019,'1496990',1722,,648,51,0,5,0
3019,'1496992',2222,,650,51,0,5,0
3019,'1496997',1922,,655,51,0,5,0
3019,'1496998',1422,,656,51,0,5,0
3019,'1497000',2022,,658,51,0,5,0
3019,'1497002',2319,,660,51,0,5,0
3019,'1497006',1822,,664,51,0,5,0
3019,'1497007',722,,665,51,0,5,0
3019,'1497008',922,,666,51,0,5,0
3019,'1497012',1022,,670,51,0,5,0
3019,'1497013',1322,,671,51,0,5,0
3019,'1497014',1622,,672,51,0,5,0
3019,'1497016',1122,,674,51,0,5,0
3019,'1497017',1522,,675,51,0,5,0
3019,'1497018',2122,,676,51,0,5,0
3019,'1497019',822,,677,51,0,5,0
3019,'1497021',1222,,679,51,0,5,0
