3019,'1488507',913,,436,88,0,5,0
3019,'1488508',1113,,437,88,0,5,0
3019,'1488511',2143,,438,88,0,5,0
3019,'1488515',2243,,439,88,0,5,0
3019,'1488516',1143,,440,88,0,5,0
3019,'1488519',1713,,441,88,0,5,0
3019,'1488521',2335,,442,88,0,5,0
3019,'1488522',1513,,443,88,0,5,0
3019,'1488523',1943,,444,88,0,5,0
3019,'1488525',1243,,445,88,0,5,0
3019,'1488526',813,,446,88,0,5,0
3019,'1488529',2043,,447,88,0,5,0
3019,'1488531',743,,448,88,0,5,0
3019,'1488533',1813,,449,88,0,5,0
3019,'1488535',1343,,450,88,0,5,0
3019,'1488537',1843,,451,88,0,5,0
3019,'1488538',1043,,452,88,0,5,0
3019,'1488539',1313,,453,88,0,5,0
3019,'1488540',1413,,454,88,0,5,0
3019,'1488542',843,,455,88,0,5,0
3019,'1488546',1013,,456,88,0,5,0
3019,'1488547',1643,,457,88,0,5,0
3019,'1488548',1443,,458,88,0,5,0
3019,'1488550',1743,,459,88,0,5,0
3019,'1488551',1213,,460,88,0,5,0
3019,'1488552',1543,,461,88,0,5,0
3019,'1488553',613,,462,8,0,5,0
3019,'1488556',1613,,463,88,0,5,0
3019,'1488560',943,,464,88,0,5,0
3019,'1488565',643,,465,55,0,5,0
3019,'1496990',1743,,648,86,0,5,0
3019,'1496992',2243,,650,86,0,5,0
3019,'1496997',1943,,655,86,0,5,0
3019,'1496998',1443,,656,86,0,5,0
3019,'1497000',2043,,658,86,0,5,0
3019,'1497002',2335,,660,86,0,5,0
3019,'1497006',1843,,664,86,0,5,0
3019,'1497007',743,,665,86,0,5,0
3019,'1497008',943,,666,86,0,5,0
3019,'1497012',1043,,670,86,0,5,0
3019,'1497013',1343,,671,86,0,5,0
3019,'1497014',1643,,672,86,0,5,0
3019,'1497016',1143,,674,86,0,5,0
3019,'1497017',1543,,675,86,0,5,0
3019,'1497018',2143,,676,86,0,5,0
3019,'1497019',843,,677,86,0,5,0
3019,'1497021',1243,,679,86,0,5,0
3019,'1497025',618,,683,8,0,5,0
