2029,'1492022',2052,,280,106,,,0
2029,'1492026',952,,281,106,,,0
2029,'1492029',1452,,282,106,,,0
2029,'1492030',1252,,283,106,,,0
2029,'1492031',1852,,284,106,,,0
2029,'1492033',1322,,285,106,,,0
2029,'1492035',1622,,286,106,,,0
2029,'1492039',1022,,287,106,,,0
2029,'1492041',2252,,288,106,,,0
2029,'1492044',852,,289,106,,,0
2029,'1492046',1652,,290,106,,,0
2029,'1492047',1522,,291,106,,,0
2029,'1492049',2346,,292,106,,,0
2029,'1492050',1122,,293,106,,,0
2029,'1492051',752,,294,106,,,0
2029,'1492052',1352,,295,106,,,0
2029,'1492054',1952,,296,106,,,0
2029,'1492056',1722,,297,106,,,0
2029,'1492059',1552,,298,106,,,0
2029,'1492060',1422,,299,106,,,0
2029,'1492061',822,,300,106,,,0
2029,'1492063',1752,,301,106,,,0
2029,'1492065',1052,,302,106,,,0
2029,'1492070',922,,303,106,,,0
2029,'1492071',2152,,304,106,,,0
2029,'1492072',1222,,305,106,,,0
2029,'1492073',1152,,306,106,,,0
2029,'1492076',1822,,307,106,,,0
2029,'1492081',652,,308,70,,,0
2029,'1496956',1752,,630,107,,,0
2029,'1496959',1152,,631,107,,,0
2029,'1496960',2252,,632,107,,,0
2029,'1496963',2346,,633,107,,,0
2029,'1496964',1052,,634,107,,,0
2029,'1496965',2052,,635,107,,,0
2029,'1496966',952,,636,107,,,0
2029,'1496967',1552,,637,107,,,0
2029,'1496969',2152,,638,107,,,0
2029,'1496971',1852,,639,107,,,0
2029,'1496972',1252,,640,107,,,0
2029,'1496976',1452,,641,107,,,0
2029,'1496977',852,,642,107,,,0
2029,'1496978',1352,,643,107,,,0
2029,'1496980',1952,,644,107,,,0
2029,'1496982',1652,,645,107,,,0
2029,'1496985',752,,646,107,,,0
