3019,'1491899',1533,,370,5,,,0
3019,'1491900',1703,,371,5,,,0
3019,'1491901',2018,,372,5,,,0
3019,'1491902',833,,373,5,,,0
3019,'1491903',703,,374,5,,,0
3019,'1491904',1603,,375,5,,,0
3019,'1491905',1133,,376,5,,,0
3019,'1491906',1103,,377,5,,,0
3019,'1491907',733,,378,5,,,0
3019,'1491908',903,,379,5,,,0
3019,'1491909',2218,,380,5,,,0
3019,'1491910',1333,,381,5,,,0
3019,'1491911',1303,,382,5,,,0
3019,'1491912',1433,,383,5,,,0
3019,'1491913',1233,,384,5,,,0
3019,'1491914',2118,,385,5,,,0
3019,'1491915',803,,386,5,,,0
3019,'1491916',1733,,387,5,,,0
3019,'1491917',1403,,388,5,,,0
3019,'1491918',1003,,389,5,,,0
3019,'1491919',1033,,390,5,,,0
3019,'1491920',1203,,391,5,,,0
3019,'1491921',1633,,392,5,,,0
3019,'1491922',933,,393,5,,,0
3019,'1491923',1503,,394,5,,,0
3019,'1491924',1818,,395,5,,,0
3019,'1491925',2318,,396,5,,,0
3019,'1491928',1918,,399,5,,,0
3019,'1492021',633,,400,5,,,0
3019,'1496989',718,,647,5,,,0
3019,'1496991',1418,,649,5,,,0
3019,'1496993',818,,651,5,,,0
3019,'1496994',1118,,652,5,,,0
3019,'1496995',2218,,653,5,,,0
3019,'1496996',1818,,654,5,,,0
3019,'1496999',1318,,657,5,,,0
3019,'1497001',1918,,659,5,,,0
3019,'1497003',1618,,661,5,,,0
3019,'1497004',918,,662,5,,,0
3019,'1497005',1218,,663,5,,,0
3019,'1497009',2118,,667,5,,,0
3019,'1497010',1718,,668,5,,,0
3019,'1497011',1018,,669,5,,,0
3019,'1497015',1518,,673,5,,,0
3019,'1497020',2018,,678,5,,,0
3019,'1497023',2318,,681,5,,,0
3019,'1497024',618,,682,5,,,0
