1019,'1491950',718,,37,22,,,0
1019,'1491952',818,,38,22,,,0
1019,'1491955',1548,,39,22,,,0
1019,'1491956',2133,,40,22,,,0
1019,'1491957',1648,,41,22,,,0
1019,'1491959',748,,42,22,,,0
1019,'1491960',1448,,43,22,,,0
1019,'1491961',1248,,44,22,,,0
1019,'1491962',1818,,45,22,,,0
1019,'1491967',1348,,46,22,,,0
1019,'1491968',1933,,47,22,,,0
1019,'1491969',2033,,48,22,,,0
1019,'1491975',1048,,49,22,,,0
1019,'1491977',1318,,50,22,,,0
1019,'1491980',848,,51,22,,,0
1019,'1491981',1148,,52,22,,,0
1019,'1491982',948,,53,22,,,0
1019,'1491984',2333,,54,22,,,0
1019,'1491985',1748,,55,22,,,0
1019,'1491988',1018,,56,22,,,0
1019,'1491990',918,,57,22,,,0
1019,'1491992',2233,,58,22,,,0
1019,'1491994',1418,,59,22,,,0
1019,'1491995',1518,,60,22,,,0
1019,'1491997',648,,61,22,,,0
1019,'1491998',1218,,62,22,,,0
1019,'1491999',1118,,63,22,,,0
1019,'1492002',1718,,64,22,,,0
1019,'1492004',1618,,65,22,,,0
1019,'1492007',1848,,67,22,,,0
1019,'1496918',1333,,576,23,,,0
1019,'1496921',1933,,577,23,,,0
1019,'1496922',733,,578,23,,,0
1019,'1496923',633,,579,23,,,0
1019,'1496924',2033,,580,23,,,0
1019,'1496928',1033,,581,23,,,0
1019,'1496930',1433,,582,23,,,0
1019,'1496933',1633,,583,23,,,0
1019,'1496935',1133,,584,23,,,0
1019,'1496938',2133,,585,23,,,0
1019,'1496940',1533,,586,23,,,0
1019,'1496941',1733,,587,23,,,0
1019,'1496945',933,,588,23,,,0
1019,'1496946',833,,589,23,,,0
1019,'1496949',1233,,590,23,,,0
1019,'1496950',1833,,591,23,,,0
1019,'1496951',2333,,592,23,,,0
1019,'1496952',2233,,593,23,,,0
1029,'1491948',1456,,124,54,,,0
1029,'1491949',1556,,125,54,,,0
1029,'1491951',1656,,126,54,,,0
1029,'1491953',756,,127,54,,,0
1029,'1491954',2126,,128,54,,,0
1029,'1491958',1056,,129,54,,,0
1029,'1491963',2026,,130,54,,,0
1029,'1491964',926,,131,54,,,0
1029,'1491965',1726,,132,54,,,0
1029,'1491966',1626,,133,54,,,0
1029,'1491970',1826,,134,54,,,0
1029,'1491971',1226,,135,54,,,0
1029,'1491972',1256,,136,54,,,0
1029,'1491973',1426,,137,54,,,0
1029,'1491974',1026,,138,54,,,0
1029,'1491976',726,,139,54,,,0
1029,'1491978',1856,,140,54,,,0
1029,'1491979',1756,,141,54,,,0
1029,'1491983',1356,,142,54,,,0
1029,'1491986',956,,143,54,,,0
1029,'1491987',2226,,144,54,,,0
1029,'1491989',1156,,145,54,,,0
1029,'1491991',2326,,146,54,,,0
1029,'1491993',856,,147,54,,,0
1029,'1491996',826,,148,54,,,0
1029,'1492000',1526,,149,54,,,0
1029,'1492001',1326,,150,54,,,0
1029,'1492003',1126,,151,54,,,0
1029,'1492006',626,,152,9,,,0
1029,'1492008',1926,,153,54,,,0
1029,'1496919',1924,,594,54,,,0
1029,'1496920',2124,,595,54,,,0
1029,'1496925',1824,,596,54,,,0
1029,'1496926',2224,,597,54,,,0
1029,'1496927',1324,,598,54,,,0
1029,'1496929',1124,,599,54,,,0
1029,'1496931',1024,,600,54,,,0
1029,'1496932',2024,,601,54,,,0
1029,'1496934',724,,602,54,,,0
1029,'1496936',2324,,603,54,,,0
1029,'1496937',1524,,604,54,,,0
1029,'1496939',1624,,605,54,,,0
1029,'1496942',824,,606,54,,,0
1029,'1496943',1224,,607,54,,,0
1029,'1496944',924,,608,54,,,0
1029,'1496947',1724,,609,54,,,0
1029,'1496948',1424,,610,54,,,0
3019,'1488507',833,,436,28,0,5,0
3019,'1488508',1033,,437,28,0,5,0
3019,'1488511',2103,,438,28,0,5,0
3019,'1488515',2203,,439,28,0,5,0
3019,'1488516',1103,,440,28,0,5,0
3019,'1488519',1633,,441,28,0,5,0
3019,'1488521',2303,,442,28,0,5,0
3019,'1488522',1433,,443,28,0,5,0
3019,'1488523',1903,,444,28,0,5,0
3019,'1488525',1203,,445,28,0,5,0
3019,'1488526',733,,446,28,0,5,0
3019,'1488529',2003,,447,28,0,5,0
3019,'1488531',703,,448,28,0,5,0
3019,'1488533',1733,,449,28,0,5,0
3019,'1488535',1303,,450,28,0,5,0
3019,'1488537',1803,,451,28,0,5,0
3019,'1488538',1003,,452,28,0,5,0
3019,'1488539',1233,,453,28,0,5,0
3019,'1488540',1333,,454,28,0,5,0
3019,'1488542',803,,455,28,0,5,0
3019,'1488546',933,,456,28,0,5,0
3019,'1488547',1603,,457,28,0,5,0
3019,'1488548',1403,,458,28,0,5,0
3019,'1488550',1703,,459,28,0,5,0
3019,'1488551',1133,,460,28,0,5,0
3019,'1488552',1503,,461,28,0,5,0
3019,'1488556',1533,,463,28,0,5,0
3019,'1488560',903,,464,28,0,5,0
3019,'1491899',1621,,370,86,,,0
3019,'1491900',1751,,371,86,,,0
3019,'1491901',2106,,372,86,,,0
3019,'1491902',921,,373,86,,,0
3019,'1491903',751,,374,86,,,0
3019,'1491904',1651,,375,86,,,0
3019,'1491905',1221,,376,86,,,0
3019,'1491906',1151,,377,86,,,0
3019,'1491907',821,,378,86,,,0
3019,'1491908',951,,379,86,,,0
3019,'1491909',2306,,380,86,,,0
3019,'1491910',1421,,381,86,,,0
3019,'1491911',1351,,382,86,,,0
3019,'1491912',1521,,383,86,,,0
3019,'1491913',1321,,384,86,,,0
3019,'1491914',2206,,385,86,,,0
3019,'1491915',851,,386,86,,,0
3019,'1491916',1821,,387,86,,,0
3019,'1491917',1451,,388,86,,,0
3019,'1491918',1051,,389,86,,,0
3019,'1491919',1121,,390,86,,,0
3019,'1491920',1251,,391,86,,,0
3019,'1491921',1721,,392,86,,,0
3019,'1491922',1021,,393,86,,,0
3019,'1491923',1551,,394,86,,,0
3019,'1491924',1906,,395,86,,,0
3019,'1491927',621,,398,29,,,0
3019,'1491928',2006,,399,86,,,0
3019,'1492021',721,,400,86,,,0
3019,'1496989',806,,647,85,,,0
3019,'1496990',1703,,648,27,0,5,0
3019,'1496991',1506,,649,85,,,0
3019,'1496992',2203,,650,27,0,5,0
3019,'1496993',906,,651,85,,,0
3019,'1496994',1206,,652,85,,,0
3019,'1496995',2306,,653,85,,,0
3019,'1496996',1906,,654,85,,,0
3019,'1496997',1903,,655,27,0,5,0
3019,'1496998',1403,,656,27,0,5,0
3019,'1496999',1406,,657,85,,,0
3019,'1497000',2003,,658,27,0,5,0
3019,'1497001',2006,,659,85,,,0
3019,'1497002',2303,,660,27,0,5,0
3019,'1497003',1706,,661,85,,,0
3019,'1497004',1006,,662,85,,,0
3019,'1497005',1306,,663,85,,,0
3019,'1497006',1803,,664,27,0,5,0
3019,'1497007',703,,665,27,0,5,0
3019,'1497008',903,,666,27,0,5,0
3019,'1497009',2206,,667,85,,,0
3019,'1497010',1806,,668,85,,,0
3019,'1497011',1106,,669,85,,,0
3019,'1497012',1003,,670,27,0,5,0
3019,'1497013',1303,,671,27,0,5,0
3019,'1497014',1603,,672,27,0,5,0
3019,'1497015',1606,,673,85,,,0
3019,'1497016',1103,,674,27,0,5,0
3019,'1497017',1503,,675,27,0,5,0
3019,'1497018',2103,,676,27,0,5,0
3019,'1497019',803,,677,27,0,5,0
3019,'1497020',2106,,678,85,,,0
3019,'1497021',1203,,679,27,0,5,0
3019,'1497022',636,,680,29,,,0
3019,'1497024',706,,682,85,,,0
