2019,'1492023',2313,,191,83,,,0
2019,'1492024',1258,,192,83,,,0
2019,'1492025',1428,,193,83,,,0
2019,'1492027',2213,,194,83,,,0
2019,'1492028',1913,,195,83,,,0
2019,'1492032',1358,,196,83,,,0
2019,'1492034',1528,,197,83,,,0
2019,'1492036',1028,,198,83,,,0
2019,'1492037',1558,,199,83,,,0
2019,'1492038',958,,200,83,,,0
2019,'1492040',1158,,201,83,,,0
2019,'1492042',928,,202,83,,,0
2019,'1492043',858,,203,83,,,0
2019,'1492045',1058,,204,83,,,0
2019,'1492048',1628,,205,83,,,0
2019,'1492053',2113,,206,83,,,0
2019,'1492055',758,,207,83,,,0
2019,'1492057',1758,,208,83,,,0
2019,'1492062',1458,,210,83,,,0
2019,'1492064',1128,,211,83,,,0
2019,'1492066',1228,,212,83,,,0
2019,'1492067',1658,,213,83,,,0
2019,'1492068',1828,,214,83,,,0
2019,'1492069',1728,,215,83,,,0
2019,'1492074',828,,216,83,,,0
2019,'1492075',1328,,217,83,,,0
2019,'1492077',728,,218,83,,,0
2019,'1492079',628,,220,61,,,0
2019,'1492080',2013,,221,83,,,0
2019,'1496953',1813,,611,84,,,0
2019,'1496954',2213,,612,84,,,0
2019,'1496955',1413,,613,84,,,0
2019,'1496957',1213,,614,84,,,0
2019,'1496958',1513,,615,84,,,0
2019,'1496961',2113,,616,84,,,0
2019,'1496962',813,,617,84,,,0
2019,'1496968',1313,,618,84,,,0
2019,'1496970',2313,,619,84,,,0
2019,'1496973',1613,,620,84,,,0
2019,'1496974',1913,,621,84,,,0
2019,'1496975',1113,,622,84,,,0
2019,'1496979',1013,,623,84,,,0
2019,'1496981',913,,624,84,,,0
2019,'1496983',1713,,625,84,,,0
2019,'1496984',2013,,626,84,,,0
2019,'1496986',713,,627,84,,,0
2019,'1496987',643,,628,52,,,0
