2019,'1492023',2309,,191,75,,,0
2019,'1492024',1254,,192,75,,,0
2019,'1492025',1424,,193,75,,,0
2019,'1492027',2209,,194,75,,,0
2019,'1492028',1909,,195,75,,,0
2019,'1492032',1354,,196,75,,,0
2019,'1492034',1524,,197,75,,,0
2019,'1492036',1024,,198,75,,,0
2019,'1492037',1554,,199,75,,,0
2019,'1492038',954,,200,75,,,0
2019,'1492040',1154,,201,75,,,0
2019,'1492042',924,,202,75,,,0
2019,'1492043',854,,203,75,,,0
2019,'1492045',1054,,204,75,,,0
2019,'1492048',1624,,205,75,,,0
2019,'1492053',2109,,206,75,,,0
2019,'1492055',754,,207,75,,,0
2019,'1492057',1754,,208,75,,,0
2019,'1492062',1454,,210,75,,,0
2019,'1492064',1124,,211,75,,,0
2019,'1492066',1224,,212,75,,,0
2019,'1492067',1654,,213,75,,,0
2019,'1492068',1824,,214,75,,,0
2019,'1492069',1724,,215,75,,,0
2019,'1492074',824,,216,75,,,0
2019,'1492075',1324,,217,75,,,0
2019,'1492077',724,,218,75,,,0
2019,'1492079',624,,220,53,,,0
2019,'1492080',2009,,221,75,,,0
2019,'1496953',1808,,611,76,,,0
2019,'1496954',2208,,612,76,,,0
2019,'1496955',1408,,613,76,,,0
2019,'1496957',1208,,614,76,,,0
2019,'1496958',1508,,615,76,,,0
2019,'1496961',2108,,616,76,,,0
2019,'1496962',808,,617,76,,,0
2019,'1496968',1308,,618,76,,,0
2019,'1496970',2308,,619,76,,,0
2019,'1496973',1608,,620,76,,,0
2019,'1496974',1908,,621,76,,,0
2019,'1496975',1108,,622,76,,,0
2019,'1496979',1008,,623,76,,,0
2019,'1496981',908,,624,76,,,0
2019,'1496983',1708,,625,76,,,0
2019,'1496984',2008,,626,76,,,0
2019,'1496986',708,,627,76,,,0
2019,'1496987',638,,628,44,,,0
