3019,'1496125',1639,,1056,105,,,0
3019,'1496128',1809,,1059,105,,,0
3019,'1496129',939,,1060,105,,,0
3019,'1496130',809,,1061,105,,,0
3019,'1496131',1709,,1062,105,,,0
3019,'1496133',1239,,1064,105,,,0
3019,'1496134',1209,,1065,105,,,0
3019,'1496136',839,,1067,105,,,0
3019,'1496138',1009,,1069,105,,,0
3019,'1496141',1439,,1072,105,,,0
3019,'1496142',1409,,1073,105,,,0
3019,'1496144',1539,,1075,105,,,0
3019,'1496146',1339,,1077,105,,,0
3019,'1496151',909,,1082,105,,,0
3019,'1496153',1839,,1084,105,,,0
3019,'1496154',1509,,1085,105,,,0
3019,'1496155',1109,,1086,105,,,0
3019,'1496159',1139,,1090,105,,,0
3019,'1496164',1309,,1095,105,,,0
3019,'1496165',1739,,1096,105,,,0
3019,'1496167',1039,,1098,105,,,0
3019,'1496168',1609,,1099,105,,,0
3019,'1496170',609,,1101,15,,,0
3019,'1496171',639,,1102,49,,,0
3019,'1496173',739,,1104,105,,,0
3019,'1496374',1639,,1105,105,,,0
3019,'1496377',1809,,1108,105,,,0
3019,'1496378',2124,,1109,105,,,0
3019,'1496380',939,,1111,105,,,0
3019,'1496381',809,,1112,105,,,0
3019,'1496382',1709,,1113,105,,,0
3019,'1496385',1239,,1116,105,,,0
3019,'1496386',1209,,1117,105,,,0
3019,'1496388',839,,1119,105,,,0
3019,'1496392',1009,,1123,105,,,0
3019,'1496395',2324,,1126,105,,,0
3019,'1496396',1439,,1127,105,,,0
3019,'1496398',1409,,1129,105,,,0
3019,'1496400',1539,,1131,105,,,0
3019,'1496402',1339,,1133,105,,,0
3019,'1496404',2224,,1135,105,,,0
3019,'1496409',909,,1140,105,,,0
3019,'1496411',1839,,1142,105,,,0
3019,'1496412',1509,,1143,105,,,0
3019,'1496413',1109,,1144,105,,,0
3019,'1496417',1139,,1148,105,,,0
3019,'1496422',1309,,1153,105,,,0
3019,'1496423',1739,,1154,105,,,0
3019,'1496425',1039,,1156,105,,,0
3019,'1496426',1609,,1157,105,,,0
3019,'1496427',1924,,1158,105,,,0
3019,'1496430',609,,1161,15,,,0
3019,'1496431',639,,1162,49,,,0
3019,'1496432',2024,,1163,105,,,0
3019,'1496434',739,,1165,105,,,0
3019,'1496453',824,,1166,105,,,0
3019,'1496455',1524,,1168,105,,,0
3019,'1496457',924,,1170,105,,,0
3019,'1496458',1224,,1171,105,,,0
3019,'1496459',2324,,1172,105,,,0
3019,'1496460',1924,,1173,105,,,0
3019,'1496463',1424,,1176,105,,,0
3019,'1496465',2024,,1178,105,,,0
3019,'1496467',1724,,1180,105,,,0
3019,'1496468',1024,,1181,105,,,0
3019,'1496469',1324,,1182,105,,,0
3019,'1496473',2224,,1186,105,,,0
3019,'1496474',1824,,1187,105,,,0
3019,'1496475',1124,,1188,105,,,0
3019,'1496479',1624,,1192,105,,,0
3019,'1496484',2124,,1197,105,,,0
3019,'1496486',654,,1199,49,,,0
3019,'1496488',724,,1201,105,,,0
3019,'1496627',824,,1203,105,,,0
3019,'1496629',1524,,1205,105,,,0
3019,'1496631',924,,1207,105,,,0
3019,'1496632',1224,,1208,105,,,0
3019,'1496633',1924,,1209,105,,,0
3019,'1496636',1424,,1212,105,,,0
3019,'1496638',2024,,1214,105,,,0
3019,'1496640',1724,,1216,105,,,0
3019,'1496641',1024,,1217,105,,,0
3019,'1496642',1324,,1218,105,,,0
3019,'1496645',2224,,1221,105,,,0
3019,'1496646',1824,,1222,105,,,0
3019,'1496647',1124,,1223,105,,,0
3019,'1496651',1624,,1227,105,,,0
3019,'1496656',2124,,1232,105,,,0
3019,'1496658',754,,1234,49,,,0
