2019,'1492023',2303,,191,67,,,0
2019,'1492024',1248,,192,67,,,0
2019,'1492025',1418,,193,67,,,0
2019,'1492027',2203,,194,67,,,0
2019,'1492028',1903,,195,67,,,0
2019,'1492032',1348,,196,67,,,0
2019,'1492034',1518,,197,67,,,0
2019,'1492036',1018,,198,67,,,0
2019,'1492037',1548,,199,67,,,0
2019,'1492038',948,,200,67,,,0
2019,'1492040',1148,,201,67,,,0
2019,'1492042',918,,202,67,,,0
2019,'1492043',848,,203,67,,,0
2019,'1492045',1048,,204,67,,,0
2019,'1492048',1618,,205,67,,,0
2019,'1492053',2103,,206,67,,,0
2019,'1492055',748,,207,67,,,0
2019,'1492057',1748,,208,67,,,0
2019,'1492062',1448,,210,67,,,0
2019,'1492064',1118,,211,67,,,0
2019,'1492066',1218,,212,67,,,0
2019,'1492067',1648,,213,67,,,0
2019,'1492068',1818,,214,67,,,0
2019,'1492069',1718,,215,67,,,0
2019,'1492074',818,,216,67,,,0
2019,'1492075',1318,,217,67,,,0
2019,'1492077',718,,218,67,,,0
2019,'1492079',618,,220,45,,,0
2019,'1492080',2003,,221,67,,,0
2019,'1496953',1803,,611,68,,,0
2019,'1496954',2203,,612,68,,,0
2019,'1496955',1403,,613,68,,,0
2019,'1496957',1203,,614,68,,,0
2019,'1496958',1503,,615,68,,,0
2019,'1496961',2103,,616,68,,,0
2019,'1496962',803,,617,68,,,0
2019,'1496968',1303,,618,68,,,0
2019,'1496970',2303,,619,68,,,0
2019,'1496973',1603,,620,68,,,0
2019,'1496974',1903,,621,68,,,0
2019,'1496975',1103,,622,68,,,0
2019,'1496979',1003,,623,68,,,0
2019,'1496981',903,,624,68,,,0
2019,'1496983',1703,,625,68,,,0
2019,'1496984',2003,,626,68,,,0
2019,'1496986',703,,627,68,,,0
2019,'1496987',633,,628,36,,,0
