2029,'1492022',2041,,280,90,,,0
2029,'1492026',941,,281,90,,,0
2029,'1492029',1441,,282,90,,,0
2029,'1492030',1241,,283,90,,,0
2029,'1492031',1841,,284,90,,,0
2029,'1492033',1311,,285,90,,,0
2029,'1492035',1611,,286,90,,,0
2029,'1492039',1011,,287,90,,,0
2029,'1492041',2241,,288,90,,,0
2029,'1492044',841,,289,90,,,0
2029,'1492046',1641,,290,90,,,0
2029,'1492047',1511,,291,90,,,0
2029,'1492049',2336,,292,90,,,0
2029,'1492050',1111,,293,90,,,0
2029,'1492051',741,,294,90,,,0
2029,'1492052',1341,,295,90,,,0
2029,'1492054',1941,,296,90,,,0
2029,'1492056',1711,,297,90,,,0
2029,'1492059',1541,,298,90,,,0
2029,'1492060',1411,,299,90,,,0
2029,'1492061',811,,300,90,,,0
2029,'1492063',1741,,301,90,,,0
2029,'1492065',1041,,302,90,,,0
2029,'1492070',911,,303,90,,,0
2029,'1492071',2141,,304,90,,,0
2029,'1492072',1211,,305,90,,,0
2029,'1492073',1141,,306,90,,,0
2029,'1492076',1811,,307,90,,,0
2029,'1492081',641,,308,54,,,0
2029,'1496956',1741,,630,91,,,0
2029,'1496959',1141,,631,91,,,0
2029,'1496960',2241,,632,91,,,0
2029,'1496963',2336,,633,91,,,0
2029,'1496964',1041,,634,91,,,0
2029,'1496965',2041,,635,91,,,0
2029,'1496966',941,,636,91,,,0
2029,'1496967',1541,,637,91,,,0
2029,'1496969',2141,,638,91,,,0
2029,'1496971',1841,,639,91,,,0
2029,'1496972',1241,,640,91,,,0
2029,'1496976',1441,,641,91,,,0
2029,'1496977',841,,642,91,,,0
2029,'1496978',1341,,643,91,,,0
2029,'1496980',1941,,644,91,,,0
2029,'1496982',1641,,645,91,,,0
2029,'1496985',741,,646,91,,,0
