3029,'1488281',1809,,401,135,,,0
3029,'1488283',2309,,402,135,,,0
3029,'1488287',2009,,403,135,,,0
3029,'1488288',1509,,404,135,,,0
3029,'1488290',2109,,405,135,,,0
3029,'1488292',2359,,406,135,,,0
3029,'1488296',1909,,407,135,,,0
3029,'1488297',1009,,408,135,,,0
3029,'1488301',1109,,409,135,,,0
3029,'1488302',1409,,410,135,,,0
3029,'1488303',1709,,411,135,,,0
3029,'1488305',1209,,412,135,,,0
3029,'1488306',1609,,413,135,,,0
3029,'1488307',2209,,414,135,,,0
3029,'1488308',909,,415,135,,,0
3029,'1488310',1309,,416,135,,,0
3029,'1488379',739,,417,55,,,0
3029,'1488452',1809,,418,135,,,0
3029,'1488454',2309,,419,135,,,0
3029,'1488459',2009,,420,135,,,0
3029,'1488460',1509,,421,135,,,0
3029,'1488462',2109,,422,135,,,0
3029,'1488464',2359,,423,135,,,0
3029,'1488468',1909,,424,135,,,0
3029,'1488469',809,,425,135,,,0
3029,'1488470',1009,,426,135,,,0
3029,'1488474',1109,,427,135,,,0
3029,'1488475',1409,,428,135,,,0
3029,'1488476',1709,,429,135,,,0
3029,'1488478',1209,,430,135,,,0
3029,'1488479',1609,,431,135,,,0
3029,'1488480',2209,,432,135,,,0
3029,'1488481',909,,433,135,,,0
3029,'1488483',1309,,434,135,,,0
3029,'1488487',639,,435,55,,,0
3029,'1488507',939,,436,135,,,0
3029,'1488508',1139,,437,135,,,0
3029,'1488511',2209,,438,135,,,0
3029,'1488515',2309,,439,135,,,0
3029,'1488516',1209,,440,135,,,0
3029,'1488519',1739,,441,135,,,0
3029,'1488521',2359,,442,135,,,0
3029,'1488522',1539,,443,135,,,0
3029,'1488523',2009,,444,135,,,0
3029,'1488525',1309,,445,135,,,0
3029,'1488526',839,,446,135,,,0
3029,'1488529',2109,,447,135,,,0
3029,'1488531',809,,448,135,,,0
3029,'1488533',1839,,449,135,,,0
3029,'1488535',1409,,450,135,,,0
3029,'1488537',1909,,451,135,,,0
3029,'1488538',1109,,452,135,,,0
3029,'1488539',1339,,453,135,,,0
3029,'1488540',1439,,454,135,,,0
3029,'1488542',909,,455,135,,,0
3029,'1488546',1039,,456,135,,,0
3029,'1488547',1709,,457,135,,,0
3029,'1488548',1509,,458,135,,,0
3029,'1488550',1809,,459,135,,,0
3029,'1488551',1239,,460,135,,,0
3029,'1488552',1609,,461,135,,,0
3029,'1488553',639,,462,55,,,0
3029,'1488556',1639,,463,135,,,0
3029,'1488560',1009,,464,135,,,0
3029,'1488565',709,,465,102,,,0
3029,'1488791',939,,466,135,,,0
3029,'1488792',1139,,467,135,,,0
3029,'1488797',1209,,468,135,,,0
3029,'1488800',1739,,469,135,,,0
3029,'1488802',1539,,470,135,,,0
3029,'1488804',1309,,471,135,,,0
3029,'1488805',839,,472,135,,,0
3029,'1488808',809,,473,135,,,0
3029,'1488810',1839,,474,135,,,0
3029,'1488812',1409,,475,135,,,0
3029,'1488813',1109,,476,135,,,0
3029,'1488814',1339,,477,135,,,0
3029,'1488815',1439,,478,135,,,0
3029,'1488817',909,,479,135,,,0
3029,'1488821',1039,,480,135,,,0
3029,'1488822',1709,,481,135,,,0
3029,'1488823',1509,,482,135,,,0
3029,'1488825',1809,,483,135,,,0
3029,'1488826',1239,,484,135,,,0
3029,'1488827',1609,,485,135,,,0
3029,'1488828',639,,486,55,,,0
3029,'1488831',1639,,487,135,,,0
3029,'1488834',1009,,488,135,,,0
3029,'1488837',709,,489,102,,,0
