4019,'1491929',708,,525,55,,,0
4019,'1491930',2345,,526,55,,,0
4019,'1491931',1108,,527,55,,,0
4019,'1491932',908,,528,55,,,0
4019,'1491933',2053,,529,55,,,0
4019,'1491934',1708,,530,55,,,0
4019,'1491935',1908,,531,55,,,0
4019,'1491936',2153,,532,55,,,0
4019,'1491937',1008,,533,55,,,0
4019,'1491938',1208,,534,55,,,0
4019,'1491939',1953,,535,55,,,0
4019,'1491940',808,,536,55,,,0
4019,'1491941',1608,,537,55,,,0
4019,'1491942',1808,,538,55,,,0
4019,'1491943',1408,,539,55,,,0
4019,'1491944',1508,,540,55,,,0
4019,'1491945',2253,,541,55,,,0
4019,'1491946',1308,,542,55,,,0
4019,'1491947',608,,543,21,,,0
4019,'1497026',851,,684,55,,,0
4019,'1497027',751,,685,55,,,0
4019,'1497028',1651,,686,55,,,0
4019,'1497029',2251,,687,55,,,0
4019,'1497030',1751,,688,55,,,0
4019,'1497031',1451,,689,55,,,0
4019,'1497032',2151,,690,55,,,0
4019,'1497033',1051,,691,55,,,0
4019,'1497034',1951,,692,55,,,0
4019,'1497035',1551,,693,55,,,0
4019,'1497036',951,,694,55,,,0
4019,'1497037',1851,,695,55,,,0
4019,'1497038',1351,,696,55,,,0
4019,'1497039',651,,697,55,,,0
4019,'1497040',2051,,698,55,,,0
4019,'1497041',1151,,699,55,,,0
4019,'1497042',1251,,700,55,,,0
4019,'1497043',2344,,701,55,,,0
