4019,'1496112',700,,1237,44,,,0
4019,'1496113',1100,,1238,44,,,0
4019,'1496114',900,,1239,44,,,0
4019,'1496115',1700,,1240,44,,,0
4019,'1496116',1000,,1241,44,,,0
4019,'1496117',1200,,1242,44,,,0
4019,'1496118',800,,1243,44,,,0
4019,'1496119',1600,,1244,44,,,0
4019,'1496120',1800,,1245,44,,,0
4019,'1496121',1400,,1246,44,,,0
4019,'1496122',1500,,1247,44,,,0
4019,'1496123',1300,,1248,44,,,0
4019,'1496124',601,,1249,10,,,0
4019,'1496355',700,,1250,44,,,0
4019,'1496356',2340,,1251,44,,,0
4019,'1496357',1100,,1252,44,,,0
4019,'1496358',900,,1253,44,,,0
4019,'1496359',2045,,1254,44,,,0
4019,'1496360',1700,,1255,44,,,0
4019,'1496361',1900,,1256,44,,,0
4019,'1496362',2145,,1257,44,,,0
4019,'1496363',1000,,1258,44,,,0
4019,'1496364',1200,,1259,44,,,0
4019,'1496365',1945,,1260,44,,,0
4019,'1496366',800,,1261,44,,,0
4019,'1496367',1600,,1262,44,,,0
4019,'1496368',1800,,1263,44,,,0
4019,'1496369',1400,,1264,44,,,0
4019,'1496370',1500,,1265,44,,,0
4019,'1496371',2245,,1266,44,,,0
4019,'1496372',1300,,1267,44,,,0
4019,'1496373',601,,1268,10,,,0
4019,'1496435',845,,1269,44,,,0
4019,'1496436',745,,1270,44,,,0
4019,'1496437',1645,,1271,44,,,0
4019,'1496438',2245,,1272,44,,,0
4019,'1496439',1745,,1273,44,,,0
4019,'1496440',1445,,1274,44,,,0
4019,'1496441',2145,,1275,44,,,0
4019,'1496442',1045,,1276,44,,,0
4019,'1496443',1945,,1277,44,,,0
4019,'1496444',1545,,1278,44,,,0
4019,'1496445',945,,1279,44,,,0
4019,'1496446',1845,,1280,44,,,0
4019,'1496447',1345,,1281,44,,,0
4019,'1496448',645,,1282,44,,,0
4019,'1496449',2045,,1283,44,,,0
4019,'1496450',1145,,1284,44,,,0
4019,'1496451',1245,,1285,44,,,0
4019,'1496452',2340,,1286,44,,,0
4019,'1496661',845,,1287,44,,,0
4019,'1496662',745,,1288,44,,,0
4019,'1496663',1645,,1289,44,,,0
4019,'1496664',2245,,1290,44,,,0
4019,'1496665',1745,,1291,44,,,0
4019,'1496666',1445,,1292,44,,,0
4019,'1496667',2145,,1293,44,,,0
4019,'1496668',1045,,1294,44,,,0
4019,'1496669',1945,,1295,44,,,0
4019,'1496670',1545,,1296,44,,,0
4019,'1496671',945,,1297,44,,,0
4019,'1496672',1845,,1298,44,,,0
4019,'1496673',1345,,1299,44,,,0
4019,'1496674',2045,,1300,44,,,0
4019,'1496675',1145,,1301,44,,,0
4019,'1496676',1245,,1302,44,,,0
4019,'1496677',2340,,1303,44,,,0
