3019,'1491899',1636,,370,103,,,0
3019,'1491900',1806,,371,103,,,0
3019,'1491901',2121,,372,103,,,0
3019,'1491902',936,,373,103,,,0
3019,'1491903',806,,374,103,,,0
3019,'1491904',1706,,375,103,,,0
3019,'1491905',1236,,376,103,,,0
3019,'1491906',1206,,377,103,,,0
3019,'1491907',836,,378,103,,,0
3019,'1491908',1006,,379,103,,,0
3019,'1491909',2321,,380,103,,,0
3019,'1491910',1436,,381,103,,,0
3019,'1491911',1406,,382,103,,,0
3019,'1491912',1536,,383,103,,,0
3019,'1491913',1336,,384,103,,,0
3019,'1491914',2221,,385,103,,,0
3019,'1491915',906,,386,103,,,0
3019,'1491916',1836,,387,103,,,0
3019,'1491917',1506,,388,103,,,0
3019,'1491918',1106,,389,103,,,0
3019,'1491919',1136,,390,103,,,0
3019,'1491920',1306,,391,103,,,0
3019,'1491921',1736,,392,103,,,0
3019,'1491922',1036,,393,103,,,0
3019,'1491923',1606,,394,103,,,0
3019,'1491924',1921,,395,103,,,0
3019,'1491926',606,,397,12,,,0
3019,'1491927',636,,398,46,,,0
3019,'1491928',2021,,399,103,,,0
3019,'1492021',736,,400,103,,,0
3019,'1496989',821,,647,102,,,0
3019,'1496991',1521,,649,102,,,0
3019,'1496993',921,,651,102,,,0
3019,'1496994',1221,,652,102,,,0
3019,'1496995',2321,,653,102,,,0
3019,'1496996',1921,,654,102,,,0
3019,'1496999',1421,,657,102,,,0
3019,'1497001',2021,,659,102,,,0
3019,'1497003',1721,,661,102,,,0
3019,'1497004',1021,,662,102,,,0
3019,'1497005',1321,,663,102,,,0
3019,'1497009',2221,,667,102,,,0
3019,'1497010',1821,,668,102,,,0
3019,'1497011',1121,,669,102,,,0
3019,'1497015',1621,,673,102,,,0
3019,'1497020',2121,,678,102,,,0
3019,'1497022',651,,680,46,,,0
3019,'1497024',721,,682,102,,,0
