2029,'1492022',2050,,280,103,,,0
2029,'1492026',950,,281,103,,,0
2029,'1492029',1450,,282,103,,,0
2029,'1492030',1250,,283,103,,,0
2029,'1492031',1850,,284,103,,,0
2029,'1492033',1320,,285,103,,,0
2029,'1492035',1620,,286,103,,,0
2029,'1492039',1020,,287,103,,,0
2029,'1492041',2250,,288,103,,,0
2029,'1492044',850,,289,103,,,0
2029,'1492046',1650,,290,103,,,0
2029,'1492047',1520,,291,103,,,0
2029,'1492049',2344,,292,103,,,0
2029,'1492050',1120,,293,103,,,0
2029,'1492051',750,,294,103,,,0
2029,'1492052',1350,,295,103,,,0
2029,'1492054',1950,,296,103,,,0
2029,'1492056',1720,,297,103,,,0
2029,'1492059',1550,,298,103,,,0
2029,'1492060',1420,,299,103,,,0
2029,'1492061',820,,300,103,,,0
2029,'1492063',1750,,301,103,,,0
2029,'1492065',1050,,302,103,,,0
2029,'1492070',920,,303,103,,,0
2029,'1492071',2150,,304,103,,,0
2029,'1492072',1220,,305,103,,,0
2029,'1492073',1150,,306,103,,,0
2029,'1492076',1820,,307,103,,,0
2029,'1492081',650,,308,67,,,0
2029,'1496956',1750,,630,104,,,0
2029,'1496959',1150,,631,104,,,0
2029,'1496960',2250,,632,104,,,0
2029,'1496963',2344,,633,104,,,0
2029,'1496964',1050,,634,104,,,0
2029,'1496965',2050,,635,104,,,0
2029,'1496966',950,,636,104,,,0
2029,'1496967',1550,,637,104,,,0
2029,'1496969',2150,,638,104,,,0
2029,'1496971',1850,,639,104,,,0
2029,'1496972',1250,,640,104,,,0
2029,'1496976',1450,,641,104,,,0
2029,'1496977',850,,642,104,,,0
2029,'1496978',1350,,643,104,,,0
2029,'1496980',1950,,644,104,,,0
2029,'1496982',1650,,645,104,,,0
2029,'1496985',750,,646,104,,,0
