2019,'1492023',2226,,191,14,,,0
2019,'1492024',1211,,192,14,,,0
2019,'1492025',1341,,193,14,,,0
2019,'1492027',2126,,194,14,,,0
2019,'1492028',1826,,195,14,,,0
2019,'1492032',1311,,196,14,,,0
2019,'1492034',1441,,197,14,,,0
2019,'1492036',941,,198,14,,,0
2019,'1492037',1511,,199,14,,,0
2019,'1492038',911,,200,14,,,0
2019,'1492040',1111,,201,14,,,0
2019,'1492042',841,,202,14,,,0
2019,'1492043',811,,203,14,,,0
2019,'1492045',1011,,204,14,,,0
2019,'1492048',1541,,205,14,,,0
2019,'1492053',2026,,206,14,,,0
2019,'1492055',711,,207,14,,,0
2019,'1492057',1711,,208,14,,,0
2019,'1492058',2324,,209,14,,,0
2019,'1492062',1411,,210,14,,,0
2019,'1492064',1041,,211,14,,,0
2019,'1492066',1141,,212,14,,,0
2019,'1492067',1611,,213,14,,,0
2019,'1492068',1741,,214,14,,,0
2019,'1492069',1641,,215,14,,,0
2019,'1492074',741,,216,14,,,0
2019,'1492075',1241,,217,14,,,0
2019,'1492077',641,,218,14,,,0
2019,'1492080',1926,,221,14,,,0
2019,'1496953',1726,,611,14,,,0
2019,'1496954',2126,,612,14,,,0
2019,'1496955',1326,,613,14,,,0
2019,'1496957',1126,,614,14,,,0
2019,'1496958',1426,,615,14,,,0
2019,'1496961',2026,,616,14,,,0
2019,'1496962',726,,617,14,,,0
2019,'1496968',1226,,618,14,,,0
2019,'1496970',2226,,619,14,,,0
2019,'1496973',1526,,620,14,,,0
2019,'1496974',1826,,621,14,,,0
2019,'1496975',1026,,622,14,,,0
2019,'1496979',926,,623,14,,,0
2019,'1496981',826,,624,14,,,0
2019,'1496983',1626,,625,14,,,0
2019,'1496984',1926,,626,14,,,0
2019,'1496986',626,,627,14,,,0
2019,'1496988',2323,,629,14,,,0
