2019,'1492023',2312,,191,81,,,0
2019,'1492024',1257,,192,81,,,0
2019,'1492025',1427,,193,81,,,0
2019,'1492027',2212,,194,81,,,0
2019,'1492028',1912,,195,81,,,0
2019,'1492032',1357,,196,81,,,0
2019,'1492034',1527,,197,81,,,0
2019,'1492036',1027,,198,81,,,0
2019,'1492037',1557,,199,81,,,0
2019,'1492038',957,,200,81,,,0
2019,'1492040',1157,,201,81,,,0
2019,'1492042',927,,202,81,,,0
2019,'1492043',857,,203,81,,,0
2019,'1492045',1057,,204,81,,,0
2019,'1492048',1627,,205,81,,,0
2019,'1492053',2112,,206,81,,,0
2019,'1492055',757,,207,81,,,0
2019,'1492057',1757,,208,81,,,0
2019,'1492062',1457,,210,81,,,0
2019,'1492064',1127,,211,81,,,0
2019,'1492066',1227,,212,81,,,0
2019,'1492067',1657,,213,81,,,0
2019,'1492068',1827,,214,81,,,0
2019,'1492069',1727,,215,81,,,0
2019,'1492074',827,,216,81,,,0
2019,'1492075',1327,,217,81,,,0
2019,'1492077',727,,218,81,,,0
2019,'1492079',627,,220,59,,,0
2019,'1492080',2012,,221,81,,,0
2019,'1496953',1812,,611,82,,,0
2019,'1496954',2212,,612,82,,,0
2019,'1496955',1412,,613,82,,,0
2019,'1496957',1212,,614,82,,,0
2019,'1496958',1512,,615,82,,,0
2019,'1496961',2112,,616,82,,,0
2019,'1496962',812,,617,82,,,0
2019,'1496968',1312,,618,82,,,0
2019,'1496970',2312,,619,82,,,0
2019,'1496973',1612,,620,82,,,0
2019,'1496974',1912,,621,82,,,0
2019,'1496975',1112,,622,82,,,0
2019,'1496979',1012,,623,82,,,0
2019,'1496981',912,,624,82,,,0
2019,'1496983',1712,,625,82,,,0
2019,'1496984',2012,,626,82,,,0
2019,'1496986',712,,627,82,,,0
2019,'1496987',642,,628,50,,,0
