2019,'1496174',1201,,878,2,,,0
2019,'1496175',1331,,879,2,,,0
2019,'1496179',1301,,880,2,,,0
2019,'1496181',1431,,881,2,,,0
2019,'1496183',931,,882,2,,,0
2019,'1496184',1501,,883,2,,,0
2019,'1496185',901,,884,2,,,0
2019,'1496187',1101,,885,2,,,0
2019,'1496188',831,,886,2,,,0
2019,'1496189',801,,887,2,,,0
2019,'1496191',1001,,888,2,,,0
2019,'1496194',1531,,889,2,,,0
2019,'1496198',701,,890,2,,,0
2019,'1496200',1701,,891,2,,,0
2019,'1496204',1401,,892,2,,,0
2019,'1496206',1031,,893,2,,,0
2019,'1496208',1131,,894,2,,,0
2019,'1496209',1601,,895,2,,,0
2019,'1496210',1731,,896,2,,,0
2019,'1496211',1631,,897,2,,,0
2019,'1496215',731,,898,2,,,0
2019,'1496216',1231,,899,2,,,0
2019,'1496218',631,,900,2,,,0
2019,'1496223',2216,,903,2,,,0
2019,'1496224',1201,,904,2,,,0
2019,'1496225',1331,,905,2,,,0
2019,'1496227',2116,,906,2,,,0
2019,'1496228',1816,,907,2,,,0
2019,'1496232',1301,,908,2,,,0
2019,'1496234',1431,,909,2,,,0
2019,'1496236',931,,910,2,,,0
2019,'1496237',1501,,911,2,,,0
2019,'1496238',901,,912,2,,,0
2019,'1496240',1101,,913,2,,,0
2019,'1496242',831,,914,2,,,0
2019,'1496243',801,,915,2,,,0
2019,'1496245',1001,,916,2,,,0
2019,'1496248',1531,,917,2,,,0
2019,'1496253',2016,,918,2,,,0
2019,'1496255',701,,919,2,,,0
2019,'1496257',1701,,920,2,,,0
2019,'1496258',2316,,921,2,,,0
2019,'1496262',1401,,922,2,,,0
2019,'1496264',1031,,923,2,,,0
2019,'1496266',1131,,924,2,,,0
2019,'1496267',1601,,925,2,,,0
2019,'1496268',1731,,926,2,,,0
2019,'1496269',1631,,927,2,,,0
2019,'1496274',731,,928,2,,,0
2019,'1496275',1231,,929,2,,,0
2019,'1496277',631,,930,2,,,0
2019,'1496280',1916,,933,2,,,0
2019,'1496490',1716,,934,2,,,0
2019,'1496491',2116,,935,2,,,0
2019,'1496492',1316,,936,2,,,0
2019,'1496494',1116,,937,2,,,0
2019,'1496495',1416,,938,2,,,0
2019,'1496498',2016,,939,2,,,0
2019,'1496499',716,,940,2,,,0
2019,'1496505',1216,,941,2,,,0
2019,'1496507',2216,,942,2,,,0
2019,'1496510',1516,,943,2,,,0
2019,'1496511',1816,,944,2,,,0
2019,'1496512',1016,,945,2,,,0
2019,'1496516',916,,946,2,,,0
2019,'1496518',816,,947,2,,,0
2019,'1496520',1616,,948,2,,,0
2019,'1496521',1916,,949,2,,,0
2019,'1496523',616,,950,2,,,0
2019,'1496525',2316,,952,2,,,0
2019,'1496594',1716,,953,2,,,0
2019,'1496595',2116,,954,2,,,0
2019,'1496596',1316,,955,2,,,0
2019,'1496598',1116,,956,2,,,0
2019,'1496599',1416,,957,2,,,0
2019,'1496602',2016,,958,2,,,0
2019,'1496603',716,,959,2,,,0
2019,'1496609',1216,,960,2,,,0
2019,'1496613',1516,,961,2,,,0
2019,'1496614',1816,,962,2,,,0
2019,'1496615',1016,,963,2,,,0
2019,'1496619',916,,964,2,,,0
2019,'1496621',816,,965,2,,,0
2019,'1496623',1616,,966,2,,,0
2019,'1496624',1916,,967,2,,,0
2019,'1496626',2316,,969,2,,,0
3019,'1496125',1531,,1056,2,,,0
3019,'1496126',816,,1057,2,0,5,0
3019,'1496127',1016,,1058,2,0,5,0
3019,'1496128',1701,,1059,2,,,0
3019,'1496129',831,,1060,2,,,0
3019,'1496130',701,,1061,2,,,0
3019,'1496131',1601,,1062,2,,,0
3019,'1496132',1046,,1063,2,0,5,0
3019,'1496133',1131,,1064,2,,,0
3019,'1496134',1101,,1065,2,,,0
3019,'1496135',1616,,1066,2,0,5,0
3019,'1496136',731,,1067,2,,,0
3019,'1496137',1416,,1068,2,0,5,0
3019,'1496138',901,,1069,2,,,0
3019,'1496139',1146,,1070,2,0,5,0
3019,'1496140',716,,1071,2,0,5,0
3019,'1496141',1331,,1072,2,,,0
3019,'1496142',1301,,1073,2,,,0
3019,'1496143',646,,1074,2,0,5,0
3019,'1496144',1431,,1075,2,,,0
3019,'1496145',1716,,1076,2,0,5,0
3019,'1496146',1231,,1077,2,,,0
3019,'1496147',1246,,1078,2,0,5,0
3019,'1496148',946,,1079,2,0,5,0
3019,'1496149',1216,,1080,2,0,5,0
3019,'1496150',1316,,1081,2,0,5,0
3019,'1496151',801,,1082,2,,,0
3019,'1496152',746,,1083,2,0,5,0
3019,'1496153',1731,,1084,2,,,0
3019,'1496154',1401,,1085,2,,,0
3019,'1496155',1001,,1086,2,,,0
3019,'1496156',916,,1087,2,0,5,0
3019,'1496157',1546,,1088,2,0,5,0
3019,'1496158',1346,,1089,2,0,5,0
3019,'1496159',1031,,1090,2,,,0
3019,'1496160',1646,,1091,2,0,5,0
3019,'1496161',1116,,1092,2,0,5,0
3019,'1496162',1446,,1093,2,0,5,0
3019,'1496164',1201,,1095,2,,,0
3019,'1496165',1631,,1096,2,,,0
3019,'1496166',1516,,1097,2,0,5,0
3019,'1496167',931,,1098,2,,,0
3019,'1496168',1501,,1099,2,,,0
3019,'1496169',846,,1100,2,0,5,0
3019,'1496173',631,,1104,2,,,0
3019,'1496374',1531,,1105,2,,,0
3019,'1496375',816,,1106,2,0,5,0
3019,'1496376',1016,,1107,2,0,5,0
3019,'1496377',1701,,1108,2,,,0
3019,'1496378',2016,,1109,2,,,0
3019,'1496379',2046,,1110,2,0,5,0
3019,'1496380',831,,1111,2,,,0
3019,'1496381',701,,1112,2,,,0
3019,'1496382',1601,,1113,2,,,0
3019,'1496383',2146,,1114,2,0,5,0
3019,'1496384',1046,,1115,2,0,5,0
3019,'1496385',1131,,1116,2,,,0
3019,'1496386',1101,,1117,2,,,0
3019,'1496387',1616,,1118,2,0,5,0
3019,'1496388',731,,1119,2,,,0
3019,'1496389',2246,,1120,2,0,5,0
3019,'1496390',1416,,1121,2,0,5,0
3019,'1496391',1846,,1122,2,0,5,0
3019,'1496392',901,,1123,2,,,0
3019,'1496393',1146,,1124,2,0,5,0
3019,'1496394',716,,1125,2,0,5,0
3019,'1496395',2216,,1126,2,,,0
3019,'1496396',1331,,1127,2,,,0
3019,'1496397',1946,,1128,2,0,5,0
3019,'1496398',1301,,1129,2,,,0
3019,'1496399',646,,1130,2,0,5,0
3019,'1496400',1431,,1131,2,,,0
3019,'1496401',1716,,1132,2,0,5,0
3019,'1496402',1231,,1133,2,,,0
3019,'1496403',1246,,1134,2,0,5,0
3019,'1496404',2116,,1135,2,,,0
3019,'1496405',1746,,1136,2,0,5,0
3019,'1496406',946,,1137,2,0,5,0
3019,'1496407',1216,,1138,2,0,5,0
3019,'1496408',1316,,1139,2,0,5,0
3019,'1496409',801,,1140,2,,,0
3019,'1496410',746,,1141,2,0,5,0
3019,'1496411',1731,,1142,2,,,0
3019,'1496412',1401,,1143,2,,,0
3019,'1496413',1001,,1144,2,,,0
3019,'1496414',916,,1145,2,0,5,0
3019,'1496415',1546,,1146,2,0,5,0
3019,'1496416',1346,,1147,2,0,5,0
3019,'1496417',1031,,1148,2,,,0
3019,'1496418',1646,,1149,2,0,5,0
3019,'1496419',1116,,1150,2,0,5,0
3019,'1496420',1446,,1151,2,0,5,0
3019,'1496422',1201,,1153,2,,,0
3019,'1496423',1631,,1154,2,,,0
3019,'1496424',1516,,1155,2,0,5,0
3019,'1496425',931,,1156,2,,,0
3019,'1496426',1501,,1157,2,,,0
3019,'1496427',1816,,1158,2,,,0
3019,'1496428',846,,1159,2,0,5,0
3019,'1496429',2316,,1160,2,,,0
3019,'1496432',1916,,1163,2,,,0
3019,'1496434',631,,1165,2,,,0
3019,'1496453',716,,1166,2,,,0
3019,'1496454',1646,,1167,2,0,5,0
3019,'1496455',1416,,1168,2,,,0
3019,'1496456',2146,,1169,2,0,5,0
3019,'1496457',816,,1170,2,,,0
3019,'1496458',1116,,1171,2,,,0
3019,'1496459',2216,,1172,2,,,0
3019,'1496460',1816,,1173,2,,,0
3019,'1496461',1846,,1174,2,0,5,0
3019,'1496462',1346,,1175,2,0,5,0
3019,'1496463',1316,,1176,2,,,0
3019,'1496464',1946,,1177,2,0,5,0
3019,'1496465',1916,,1178,2,,,0
3019,'1496466',2246,,1179,2,0,5,0
3019,'1496467',1616,,1180,2,,,0
3019,'1496468',916,,1181,2,,,0
3019,'1496469',1216,,1182,2,,,0
3019,'1496470',1746,,1183,2,0,5,0
3019,'1496471',646,,1184,2,0,5,0
3019,'1496472',846,,1185,2,0,5,0
3019,'1496473',2116,,1186,2,,,0
3019,'1496474',1716,,1187,2,,,0
3019,'1496475',1016,,1188,2,,,0
3019,'1496476',946,,1189,2,0,5,0
3019,'1496477',1246,,1190,2,0,5,0
3019,'1496478',1546,,1191,2,0,5,0
3019,'1496479',1516,,1192,2,,,0
3019,'1496480',1046,,1193,2,0,5,0
3019,'1496481',1446,,1194,2,0,5,0
3019,'1496482',2046,,1195,2,0,5,0
3019,'1496483',746,,1196,2,0,5,0
3019,'1496484',2016,,1197,2,,,0
3019,'1496485',1146,,1198,2,0,5,0
3019,'1496487',2316,,1200,2,,,0
3019,'1496488',616,,1201,2,,,0
3019,'1496627',716,,1203,2,,,0
3019,'1496628',1646,,1204,2,0,5,0
3019,'1496629',1416,,1205,2,,,0
3019,'1496630',2146,,1206,2,0,5,0
3019,'1496631',816,,1207,2,,,0
3019,'1496632',1116,,1208,2,,,0
3019,'1496633',1816,,1209,2,,,0
3019,'1496634',1846,,1210,2,0,5,0
3019,'1496635',1346,,1211,2,0,5,0
3019,'1496636',1316,,1212,2,,,0
3019,'1496637',1946,,1213,2,0,5,0
3019,'1496638',1916,,1214,2,,,0
3019,'1496639',2246,,1215,2,0,5,0
3019,'1496640',1616,,1216,2,,,0
3019,'1496641',916,,1217,2,,,0
3019,'1496642',1216,,1218,2,,,0
3019,'1496643',1746,,1219,2,0,5,0
3019,'1496644',846,,1220,2,0,5,0
3019,'1496645',2116,,1221,2,,,0
3019,'1496646',1716,,1222,2,,,0
3019,'1496647',1016,,1223,2,,,0
3019,'1496648',946,,1224,2,0,5,0
3019,'1496649',1246,,1225,2,0,5,0
3019,'1496650',1546,,1226,2,0,5,0
3019,'1496651',1516,,1227,2,,,0
3019,'1496652',1046,,1228,2,0,5,0
3019,'1496653',1446,,1229,2,0,5,0
3019,'1496654',2046,,1230,2,0,5,0
3019,'1496655',746,,1231,2,0,5,0
3019,'1496656',2016,,1232,2,,,0
3019,'1496657',1146,,1233,2,0,5,0
3019,'1496659',2316,,1235,2,,,0
