2029,'1496221',614,,971,15,,,0
2029,'1496281',614,,972,15,,,0
2029,'1497044',915,,973,52,,,0
2029,'1497045',1415,,974,52,,,0
2029,'1497046',1215,,975,52,,,0
2029,'1497047',1245,,976,52,,,0
2029,'1497048',1545,,977,52,,,0
2029,'1497049',945,,978,52,,,0
2029,'1497050',815,,979,52,,,0
2029,'1497051',1615,,980,52,,,0
2029,'1497052',1445,,981,52,,,0
2029,'1497053',1045,,982,52,,,0
2029,'1497054',715,,983,52,,,0
2029,'1497055',1315,,984,52,,,0
2029,'1497056',1645,,985,52,,,0
2029,'1497057',1515,,986,52,,,0
2029,'1497058',1345,,987,52,,,0
2029,'1497059',745,,988,52,,,0
2029,'1497060',1715,,989,52,,,0
2029,'1497061',1015,,990,52,,,0
2029,'1497062',845,,991,52,,,0
2029,'1497063',1145,,992,52,,,0
2029,'1497064',1115,,993,52,,,0
2029,'1497065',1745,,994,52,,,0
2029,'1497066',2015,,995,52,,,0
2029,'1497067',915,,996,52,,,0
2029,'1497068',1415,,997,52,,,0
2029,'1497069',1215,,998,52,,,0
2029,'1497070',1815,,999,52,,,0
2029,'1497071',1245,,1000,52,,,0
2029,'1497072',1545,,1001,52,,,0
2029,'1497073',945,,1002,52,,,0
2029,'1497074',2215,,1003,52,,,0
2029,'1497075',815,,1004,52,,,0
2029,'1497076',1615,,1005,52,,,0
2029,'1497077',1445,,1006,52,,,0
2029,'1497078',2312,,1007,52,,,0
2029,'1497079',1045,,1008,52,,,0
2029,'1497080',715,,1009,52,,,0
2029,'1497081',1315,,1010,52,,,0
2029,'1497082',1915,,1011,52,,,0
2029,'1497083',1645,,1012,52,,,0
2029,'1497084',1515,,1013,52,,,0
2029,'1497085',1345,,1014,52,,,0
2029,'1497086',745,,1015,52,,,0
2029,'1497087',1715,,1016,52,,,0
2029,'1497088',1015,,1017,52,,,0
2029,'1497089',845,,1018,52,,,0
2029,'1497090',2115,,1019,52,,,0
2029,'1497091',1145,,1020,52,,,0
2029,'1497092',1115,,1021,52,,,0
2029,'1497093',1745,,1022,52,,,0
2029,'1497094',1715,,1023,52,,,0
2029,'1497095',1115,,1024,52,,,0
2029,'1497096',2215,,1025,52,,,0
2029,'1497097',2312,,1026,52,,,0
2029,'1497098',1015,,1027,52,,,0
2029,'1497099',2015,,1028,52,,,0
2029,'1497100',915,,1029,52,,,0
2029,'1497101',1515,,1030,52,,,0
2029,'1497102',2115,,1031,52,,,0
2029,'1497103',1815,,1032,52,,,0
2029,'1497104',1215,,1033,52,,,0
2029,'1497105',1415,,1034,52,,,0
2029,'1497106',815,,1035,52,,,0
2029,'1497107',1315,,1036,52,,,0
2029,'1497108',1915,,1037,52,,,0
2029,'1497109',1615,,1038,52,,,0
2029,'1497110',715,,1039,52,,,0
2029,'1497111',1715,,1040,52,,,0
2029,'1497112',1115,,1041,52,,,0
2029,'1497113',2215,,1042,52,,,0
2029,'1497114',2312,,1043,52,,,0
2029,'1497115',1015,,1044,52,,,0
2029,'1497116',2015,,1045,52,,,0
2029,'1497117',915,,1046,52,,,0
2029,'1497118',1515,,1047,52,,,0
2029,'1497119',2115,,1048,52,,,0
2029,'1497120',1815,,1049,52,,,0
2029,'1497121',1215,,1050,52,,,0
2029,'1497122',1415,,1051,52,,,0
2029,'1497123',815,,1052,52,,,0
2029,'1497124',1315,,1053,52,,,0
2029,'1497125',1915,,1054,52,,,0
2029,'1497126',1615,,1055,52,,,0
