4019,'1491929',637,,525,12,,,0
4019,'1491930',2321,,526,12,,,0
4019,'1491931',1037,,527,12,,,0
4019,'1491932',837,,528,12,,,0
4019,'1491933',2022,,529,12,,,0
4019,'1491934',1637,,530,12,,,0
4019,'1491935',1837,,531,12,,,0
4019,'1491936',2122,,532,12,,,0
4019,'1491937',937,,533,12,,,0
4019,'1491938',1137,,534,12,,,0
4019,'1491939',1922,,535,12,,,0
4019,'1491940',737,,536,12,,,0
4019,'1491941',1537,,537,12,,,0
4019,'1491942',1737,,538,12,,,0
4019,'1491943',1337,,539,12,,,0
4019,'1491944',1437,,540,12,,,0
4019,'1491945',2222,,541,12,,,0
4019,'1491946',1237,,542,12,,,0
4019,'1497026',822,,684,12,,,0
4019,'1497027',722,,685,12,,,0
4019,'1497028',1622,,686,12,,,0
4019,'1497029',2222,,687,12,,,0
4019,'1497030',1722,,688,12,,,0
4019,'1497031',1422,,689,12,,,0
4019,'1497032',2122,,690,12,,,0
4019,'1497033',1022,,691,12,,,0
4019,'1497034',1922,,692,12,,,0
4019,'1497035',1522,,693,12,,,0
4019,'1497036',922,,694,12,,,0
4019,'1497037',1822,,695,12,,,0
4019,'1497038',1322,,696,12,,,0
4019,'1497039',622,,697,12,,,0
4019,'1497040',2022,,698,12,,,0
4019,'1497041',1122,,699,12,,,0
4019,'1497042',1222,,700,12,,,0
4019,'1497043',2321,,701,12,,,0
