2019,'1492023',2240,,191,36,,,0
2019,'1492024',1225,,192,36,,,0
2019,'1492025',1355,,193,36,,,0
2019,'1492027',2140,,194,36,,,0
2019,'1492028',1840,,195,36,,,0
2019,'1492032',1325,,196,36,,,0
2019,'1492034',1455,,197,36,,,0
2019,'1492036',955,,198,36,,,0
2019,'1492037',1525,,199,36,,,0
2019,'1492038',925,,200,36,,,0
2019,'1492040',1125,,201,36,,,0
2019,'1492042',855,,202,36,,,0
2019,'1492043',825,,203,36,,,0
2019,'1492045',1025,,204,36,,,0
2019,'1492048',1555,,205,36,,,0
2019,'1492053',2040,,206,36,,,0
2019,'1492055',725,,207,36,,,0
2019,'1492057',1725,,208,36,,,0
2019,'1492058',2338,,209,36,,,0
2019,'1492062',1425,,210,36,,,0
2019,'1492064',1055,,211,36,,,0
2019,'1492066',1155,,212,36,,,0
2019,'1492067',1625,,213,36,,,0
2019,'1492068',1755,,214,36,,,0
2019,'1492069',1655,,215,36,,,0
2019,'1492074',755,,216,36,,,0
2019,'1492075',1255,,217,36,,,0
2019,'1492077',655,,218,36,,,0
2019,'1492079',555,,220,14,,,0
2019,'1492080',1940,,221,36,,,0
2019,'1496953',1740,,611,37,,,0
2019,'1496954',2140,,612,37,,,0
2019,'1496955',1340,,613,37,,,0
2019,'1496957',1140,,614,37,,,0
2019,'1496958',1440,,615,37,,,0
2019,'1496961',2040,,616,37,,,0
2019,'1496962',740,,617,37,,,0
2019,'1496968',1240,,618,37,,,0
2019,'1496970',2240,,619,37,,,0
2019,'1496973',1540,,620,37,,,0
2019,'1496974',1840,,621,37,,,0
2019,'1496975',1040,,622,37,,,0
2019,'1496979',940,,623,37,,,0
2019,'1496981',840,,624,37,,,0
2019,'1496983',1640,,625,37,,,0
2019,'1496984',1940,,626,37,,,0
2019,'1496986',640,,627,37,,,0
2019,'1496987',610,,628,5,,,0
2019,'1496988',2339,,629,37,,,0
