2019,'1492023',2306,,191,71,,,0
2019,'1492024',1251,,192,71,,,0
2019,'1492025',1421,,193,71,,,0
2019,'1492027',2206,,194,71,,,0
2019,'1492028',1906,,195,71,,,0
2019,'1492032',1351,,196,71,,,0
2019,'1492034',1521,,197,71,,,0
2019,'1492036',1021,,198,71,,,0
2019,'1492037',1551,,199,71,,,0
2019,'1492038',951,,200,71,,,0
2019,'1492040',1151,,201,71,,,0
2019,'1492042',921,,202,71,,,0
2019,'1492043',851,,203,71,,,0
2019,'1492045',1051,,204,71,,,0
2019,'1492048',1621,,205,71,,,0
2019,'1492053',2106,,206,71,,,0
2019,'1492055',751,,207,71,,,0
2019,'1492057',1751,,208,71,,,0
2019,'1492062',1451,,210,71,,,0
2019,'1492064',1121,,211,71,,,0
2019,'1492066',1221,,212,71,,,0
2019,'1492067',1651,,213,71,,,0
2019,'1492068',1821,,214,71,,,0
2019,'1492069',1721,,215,71,,,0
2019,'1492074',821,,216,71,,,0
2019,'1492075',1321,,217,71,,,0
2019,'1492077',721,,218,71,,,0
2019,'1492079',621,,220,49,,,0
2019,'1492080',2006,,221,71,,,0
2019,'1496953',1806,,611,72,,,0
2019,'1496954',2206,,612,72,,,0
2019,'1496955',1406,,613,72,,,0
2019,'1496957',1206,,614,72,,,0
2019,'1496958',1506,,615,72,,,0
2019,'1496961',2106,,616,72,,,0
2019,'1496962',806,,617,72,,,0
2019,'1496968',1306,,618,72,,,0
2019,'1496970',2306,,619,72,,,0
2019,'1496973',1606,,620,72,,,0
2019,'1496974',1906,,621,72,,,0
2019,'1496975',1106,,622,72,,,0
2019,'1496979',1006,,623,72,,,0
2019,'1496981',906,,624,72,,,0
2019,'1496983',1706,,625,72,,,0
2019,'1496984',2006,,626,72,,,0
2019,'1496986',706,,627,72,,,0
2019,'1496987',636,,628,40,,,0
