3019,'1496125',1559,,1056,55,,,0
3019,'1496128',1729,,1059,55,,,0
3019,'1496129',859,,1060,55,,,0
3019,'1496130',729,,1061,55,,,0
3019,'1496131',1629,,1062,55,,,0
3019,'1496133',1159,,1064,55,,,0
3019,'1496134',1129,,1065,55,,,0
3019,'1496136',759,,1067,55,,,0
3019,'1496138',929,,1069,55,,,0
3019,'1496141',1359,,1072,55,,,0
3019,'1496142',1329,,1073,55,,,0
3019,'1496144',1459,,1075,55,,,0
3019,'1496146',1259,,1077,55,,,0
3019,'1496151',829,,1082,55,,,0
3019,'1496153',1759,,1084,55,,,0
3019,'1496154',1429,,1085,55,,,0
3019,'1496155',1029,,1086,55,,,0
3019,'1496159',1059,,1090,55,,,0
3019,'1496164',1229,,1095,55,,,0
3019,'1496165',1659,,1096,55,,,0
3019,'1496167',959,,1098,55,,,0
3019,'1496168',1529,,1099,55,,,0
3019,'1496173',659,,1104,55,,,0
3019,'1496374',1559,,1105,55,,,0
3019,'1496377',1729,,1108,55,,,0
3019,'1496378',2044,,1109,55,,,0
3019,'1496380',859,,1111,55,,,0
3019,'1496381',729,,1112,55,,,0
3019,'1496382',1629,,1113,55,,,0
3019,'1496385',1159,,1116,55,,,0
3019,'1496386',1129,,1117,55,,,0
3019,'1496388',759,,1119,55,,,0
3019,'1496392',929,,1123,55,,,0
3019,'1496395',2244,,1126,55,,,0
3019,'1496396',1359,,1127,55,,,0
3019,'1496398',1329,,1129,55,,,0
3019,'1496400',1459,,1131,55,,,0
3019,'1496402',1259,,1133,55,,,0
3019,'1496404',2144,,1135,55,,,0
3019,'1496409',829,,1140,55,,,0
3019,'1496411',1759,,1142,55,,,0
3019,'1496412',1429,,1143,55,,,0
3019,'1496413',1029,,1144,55,,,0
3019,'1496417',1059,,1148,55,,,0
3019,'1496422',1229,,1153,55,,,0
3019,'1496423',1659,,1154,55,,,0
3019,'1496425',959,,1156,55,,,0
3019,'1496426',1529,,1157,55,,,0
3019,'1496427',1844,,1158,55,,,0
3019,'1496429',2340,,1160,55,,,0
3019,'1496432',1944,,1163,55,,,0
3019,'1496434',659,,1165,55,,,0
3019,'1496453',744,,1166,55,,,0
3019,'1496455',1444,,1168,55,,,0
3019,'1496457',844,,1170,55,,,0
3019,'1496458',1144,,1171,55,,,0
3019,'1496459',2244,,1172,55,,,0
3019,'1496460',1844,,1173,55,,,0
3019,'1496463',1344,,1176,55,,,0
3019,'1496465',1944,,1178,55,,,0
3019,'1496467',1644,,1180,55,,,0
3019,'1496468',944,,1181,55,,,0
3019,'1496469',1244,,1182,55,,,0
3019,'1496473',2144,,1186,55,,,0
3019,'1496474',1744,,1187,55,,,0
3019,'1496475',1044,,1188,55,,,0
3019,'1496479',1544,,1192,55,,,0
3019,'1496484',2044,,1197,55,,,0
3019,'1496487',2340,,1200,55,,,0
3019,'1496488',644,,1201,55,,,0
3019,'1496627',744,,1203,55,,,0
3019,'1496629',1444,,1205,55,,,0
3019,'1496631',844,,1207,55,,,0
3019,'1496632',1144,,1208,55,,,0
3019,'1496633',1844,,1209,55,,,0
3019,'1496636',1344,,1212,55,,,0
3019,'1496638',1944,,1214,55,,,0
3019,'1496640',1644,,1216,55,,,0
3019,'1496641',944,,1217,55,,,0
3019,'1496642',1244,,1218,55,,,0
3019,'1496645',2144,,1221,55,,,0
3019,'1496646',1744,,1222,55,,,0
3019,'1496647',1044,,1223,55,,,0
3019,'1496651',1544,,1227,55,,,0
3019,'1496656',2044,,1232,55,,,0
3019,'1496659',2340,,1235,55,,,0
