1,1019,'1491950',37
1,1019,'1491952',38
1,1019,'1491955',39
1,1019,'1491956',40
1,1019,'1491957',41
1,1019,'1491959',42
1,1019,'1491960',43
1,1019,'1491961',44
1,1019,'1491962',45
1,1019,'1491967',46
1,1019,'1491968',47
1,1019,'1491969',48
1,1019,'1491975',49
1,1019,'1491977',50
1,1019,'1491980',51
1,1019,'1491981',52
1,1019,'1491982',53
1,1019,'1491984',54
1,1019,'1491985',55
1,1019,'1491988',56
1,1019,'1491990',57
1,1019,'1491992',58
1,1019,'1491994',59
1,1019,'1491995',60
1,1019,'1491997',61
1,1019,'1491998',62
1,1019,'1491999',63
1,1019,'1492002',64
1,1019,'1492004',65
1,1019,'1492005',66
1,1019,'1492007',67
1,1019,'1496918',576
1,1019,'1496921',577
1,1019,'1496922',578
1,1019,'1496923',579
1,1019,'1496924',580
1,1019,'1496928',581
1,1019,'1496930',582
1,1019,'1496933',583
1,1019,'1496935',584
1,1019,'1496938',585
1,1019,'1496940',586
1,1019,'1496941',587
1,1019,'1496945',588
1,1019,'1496946',589
1,1019,'1496949',590
1,1019,'1496950',591
1,1019,'1496951',592
1,1019,'1496952',593
1,1029,'1491948',124
1,1029,'1491949',125
1,1029,'1491951',126
1,1029,'1491953',127
1,1029,'1491954',128
1,1029,'1491958',129
1,1029,'1491963',130
1,1029,'1491964',131
1,1029,'1491965',132
1,1029,'1491966',133
1,1029,'1491970',134
1,1029,'1491971',135
1,1029,'1491972',136
1,1029,'1491973',137
1,1029,'1491974',138
1,1029,'1491976',139
1,1029,'1491978',140
1,1029,'1491979',141
1,1029,'1491983',142
1,1029,'1491986',143
1,1029,'1491987',144
1,1029,'1491989',145
1,1029,'1491991',146
1,1029,'1491993',147
1,1029,'1491996',148
1,1029,'1492000',149
1,1029,'1492001',150
1,1029,'1492003',151
1,1029,'1492006',152
1,1029,'1492008',153
1,1029,'1496919',594
1,1029,'1496920',595
1,1029,'1496925',596
1,1029,'1496926',597
1,1029,'1496927',598
1,1029,'1496929',599
1,1029,'1496931',600
1,1029,'1496932',601
1,1029,'1496934',602
1,1029,'1496936',603
1,1029,'1496937',604
1,1029,'1496939',605
1,1029,'1496942',606
1,1029,'1496943',607
1,1029,'1496944',608
1,1029,'1496947',609
1,1029,'1496948',610
2,2019,'1492023',191
2,2019,'1492024',192
2,2019,'1492025',193
2,2019,'1492027',194
2,2019,'1492028',195
2,2019,'1492032',196
2,2019,'1492034',197
2,2019,'1492036',198
2,2019,'1492037',199
2,2019,'1492038',200
2,2019,'1492040',201
2,2019,'1492042',202
2,2019,'1492043',203
2,2019,'1492045',204
2,2019,'1492048',205
2,2019,'1492053',206
2,2019,'1492055',207
2,2019,'1492057',208
2,2019,'1492058',209
2,2019,'1492062',210
2,2019,'1492064',211
2,2019,'1492066',212
2,2019,'1492067',213
2,2019,'1492068',214
2,2019,'1492069',215
2,2019,'1492074',216
2,2019,'1492075',217
2,2019,'1492077',218
2,2019,'1492078',219
2,2019,'1492079',220
2,2019,'1492080',221
2,2019,'1496953',611
2,2019,'1496954',612
2,2019,'1496955',613
2,2019,'1496957',614
2,2019,'1496958',615
2,2019,'1496961',616
2,2019,'1496962',617
2,2019,'1496968',618
2,2019,'1496970',619
2,2019,'1496973',620
2,2019,'1496974',621
2,2019,'1496975',622
2,2019,'1496979',623
2,2019,'1496981',624
2,2019,'1496983',625
2,2019,'1496984',626
2,2019,'1496986',627
2,2019,'1496987',628
2,2019,'1496988',629
2,2029,'1492022',280
2,2029,'1492026',281
2,2029,'1492029',282
2,2029,'1492030',283
2,2029,'1492031',284
2,2029,'1492033',285
2,2029,'1492035',286
2,2029,'1492039',287
2,2029,'1492041',288
2,2029,'1492044',289
2,2029,'1492046',290
2,2029,'1492047',291
2,2029,'1492049',292
2,2029,'1492050',293
2,2029,'1492051',294
2,2029,'1492052',295
2,2029,'1492054',296
2,2029,'1492056',297
2,2029,'1492059',298
2,2029,'1492060',299
2,2029,'1492061',300
2,2029,'1492063',301
2,2029,'1492065',302
2,2029,'1492070',303
2,2029,'1492071',304
2,2029,'1492072',305
2,2029,'1492073',306
2,2029,'1492076',307
2,2029,'1492081',308
2,2029,'1496956',630
2,2029,'1496959',631
2,2029,'1496960',632
2,2029,'1496963',633
2,2029,'1496964',634
2,2029,'1496965',635
2,2029,'1496966',636
2,2029,'1496967',637
2,2029,'1496969',638
2,2029,'1496971',639
2,2029,'1496972',640
2,2029,'1496976',641
2,2029,'1496977',642
2,2029,'1496978',643
2,2029,'1496980',644
2,2029,'1496982',645
2,2029,'1496985',646
3,3019,'1488507',436
3,3019,'1488508',437
3,3019,'1488511',438
3,3019,'1488515',439
3,3019,'1488516',440
3,3019,'1488519',441
3,3019,'1488521',442
3,3019,'1488522',443
3,3019,'1488523',444
3,3019,'1488525',445
3,3019,'1488526',446
3,3019,'1488529',447
3,3019,'1488531',448
3,3019,'1488533',449
3,3019,'1488535',450
3,3019,'1488537',451
3,3019,'1488538',452
3,3019,'1488539',453
3,3019,'1488540',454
3,3019,'1488542',455
3,3019,'1488546',456
3,3019,'1488547',457
3,3019,'1488548',458
3,3019,'1488550',459
3,3019,'1488551',460
3,3019,'1488552',461
3,3019,'1488553',462
3,3019,'1488556',463
3,3019,'1488560',464
3,3019,'1488565',465
3,3019,'1491899',370
3,3019,'1491900',371
3,3019,'1491901',372
3,3019,'1491902',373
3,3019,'1491903',374
3,3019,'1491904',375
3,3019,'1491905',376
3,3019,'1491906',377
3,3019,'1491907',378
3,3019,'1491908',379
3,3019,'1491909',380
3,3019,'1491910',381
3,3019,'1491911',382
3,3019,'1491912',383
3,3019,'1491913',384
3,3019,'1491914',385
3,3019,'1491915',386
3,3019,'1491916',387
3,3019,'1491917',388
3,3019,'1491918',389
3,3019,'1491919',390
3,3019,'1491920',391
3,3019,'1491921',392
3,3019,'1491922',393
3,3019,'1491923',394
3,3019,'1491924',395
3,3019,'1491925',396
3,3019,'1491926',397
3,3019,'1491927',398
3,3019,'1491928',399
3,3019,'1492021',400
3,3019,'1496989',647
3,3019,'1496990',648
3,3019,'1496991',649
3,3019,'1496992',650
3,3019,'1496993',651
3,3019,'1496994',652
3,3019,'1496995',653
3,3019,'1496996',654
3,3019,'1496997',655
3,3019,'1496998',656
3,3019,'1496999',657
3,3019,'1497000',658
3,3019,'1497001',659
3,3019,'1497002',660
3,3019,'1497003',661
3,3019,'1497004',662
3,3019,'1497005',663
3,3019,'1497006',664
3,3019,'1497007',665
3,3019,'1497008',666
3,3019,'1497009',667
3,3019,'1497010',668
3,3019,'1497011',669
3,3019,'1497012',670
3,3019,'1497013',671
3,3019,'1497014',672
3,3019,'1497015',673
3,3019,'1497016',674
3,3019,'1497017',675
3,3019,'1497018',676
3,3019,'1497019',677
3,3019,'1497020',678
3,3019,'1497021',679
3,3019,'1497022',680
3,3019,'1497023',681
3,3019,'1497024',682
3,3019,'1497025',683
4,4019,'1491929',525
4,4019,'1491930',526
4,4019,'1491931',527
4,4019,'1491932',528
4,4019,'1491933',529
4,4019,'1491934',530
4,4019,'1491935',531
4,4019,'1491936',532
4,4019,'1491937',533
4,4019,'1491938',534
4,4019,'1491939',535
4,4019,'1491940',536
4,4019,'1491941',537
4,4019,'1491942',538
4,4019,'1491943',539
4,4019,'1491944',540
4,4019,'1491945',541
4,4019,'1491946',542
4,4019,'1491947',543
4,4019,'1497026',684
4,4019,'1497027',685
4,4019,'1497028',686
4,4019,'1497029',687
4,4019,'1497030',688
4,4019,'1497031',689
4,4019,'1497032',690
4,4019,'1497033',691
4,4019,'1497034',692
4,4019,'1497035',693
4,4019,'1497036',694
4,4019,'1497037',695
4,4019,'1497038',696
4,4019,'1497039',697
4,4019,'1497040',698
4,4019,'1497041',699
4,4019,'1497042',700
4,4019,'1497043',701
8,8019,'1492009',556
8,8019,'1492010',557
8,8019,'1492011',558
8,8019,'1492012',559
8,8019,'1492013',560
8,8019,'1492014',561
8,8019,'1492015',562
8,8019,'1492016',563
8,8019,'1492017',564
8,8019,'1492018',565
8,8019,'1492019',566
8,8019,'1492020',567
10,10019,'1492131',574
10,10019,'1492132',575
