1029,'1491948',1449,,124,48,,,0
1029,'1491949',1549,,125,48,,,0
1029,'1491951',1649,,126,48,,,0
1029,'1491953',749,,127,48,,,0
1029,'1491954',2119,,128,48,,,0
1029,'1491958',1049,,129,48,,,0
1029,'1491963',2019,,130,48,,,0
1029,'1491964',919,,131,48,,,0
1029,'1491965',1719,,132,48,,,0
1029,'1491966',1619,,133,48,,,0
1029,'1491970',1819,,134,48,,,0
1029,'1491971',1219,,135,48,,,0
1029,'1491972',1249,,136,48,,,0
1029,'1491973',1419,,137,48,,,0
1029,'1491974',1019,,138,48,,,0
1029,'1491976',719,,139,48,,,0
1029,'1491978',1849,,140,48,,,0
1029,'1491979',1749,,141,48,,,0
1029,'1491983',1349,,142,48,,,0
1029,'1491986',949,,143,48,,,0
1029,'1491987',2219,,144,48,,,0
1029,'1491989',1149,,145,48,,,0
1029,'1491991',2319,,146,48,,,0
1029,'1491993',849,,147,48,,,0
1029,'1491996',819,,148,48,,,0
1029,'1492000',1519,,149,48,,,0
1029,'1492001',1319,,150,48,,,0
1029,'1492003',1119,,151,48,,,0
1029,'1492006',619,,152,3,,,0
1029,'1492008',1919,,153,48,,,0
1029,'1496919',1917,,594,48,,,0
1029,'1496920',2117,,595,48,,,0
1029,'1496925',1817,,596,48,,,0
1029,'1496926',2217,,597,48,,,0
1029,'1496927',1317,,598,48,,,0
1029,'1496929',1117,,599,48,,,0
1029,'1496931',1017,,600,48,,,0
1029,'1496932',2017,,601,48,,,0
1029,'1496934',717,,602,48,,,0
1029,'1496936',2317,,603,48,,,0
1029,'1496937',1517,,604,48,,,0
1029,'1496939',1617,,605,48,,,0
1029,'1496942',817,,606,48,,,0
1029,'1496943',1217,,607,48,,,0
1029,'1496944',917,,608,48,,,0
1029,'1496947',1717,,609,48,,,0
1029,'1496948',1417,,610,48,,,0
3019,'1488507',827,,436,22,0,5,0
3019,'1488508',1027,,437,22,0,5,0
3019,'1488511',2057,,438,22,0,5,0
3019,'1488515',2157,,439,22,0,5,0
3019,'1488516',1057,,440,22,0,5,0
3019,'1488519',1627,,441,22,0,5,0
3019,'1488521',2257,,442,22,0,5,0
3019,'1488522',1427,,443,22,0,5,0
3019,'1488523',1857,,444,22,0,5,0
3019,'1488525',1157,,445,22,0,5,0
3019,'1488526',727,,446,22,0,5,0
3019,'1488529',1957,,447,22,0,5,0
3019,'1488531',657,,448,22,0,5,0
3019,'1488533',1727,,449,22,0,5,0
3019,'1488535',1257,,450,22,0,5,0
3019,'1488537',1757,,451,22,0,5,0
3019,'1488538',957,,452,22,0,5,0
3019,'1488539',1227,,453,22,0,5,0
3019,'1488540',1327,,454,22,0,5,0
3019,'1488542',757,,455,22,0,5,0
3019,'1488546',927,,456,22,0,5,0
3019,'1488547',1557,,457,22,0,5,0
3019,'1488548',1357,,458,22,0,5,0
3019,'1488550',1657,,459,22,0,5,0
3019,'1488551',1127,,460,22,0,5,0
3019,'1488552',1457,,461,22,0,5,0
3019,'1488556',1527,,463,22,0,5,0
3019,'1488560',857,,464,22,0,5,0
3019,'1496990',1657,,648,21,0,5,0
3019,'1496992',2157,,650,21,0,5,0
3019,'1496997',1857,,655,21,0,5,0
3019,'1496998',1357,,656,21,0,5,0
3019,'1497000',1957,,658,21,0,5,0
3019,'1497002',2257,,660,21,0,5,0
3019,'1497006',1757,,664,21,0,5,0
3019,'1497007',657,,665,21,0,5,0
3019,'1497008',857,,666,21,0,5,0
3019,'1497012',957,,670,21,0,5,0
3019,'1497013',1257,,671,21,0,5,0
3019,'1497014',1557,,672,21,0,5,0
3019,'1497016',1057,,674,21,0,5,0
3019,'1497017',1457,,675,21,0,5,0
3019,'1497018',2057,,676,21,0,5,0
3019,'1497019',757,,677,21,0,5,0
3019,'1497021',1157,,679,21,0,5,0
