3019,'1488507',925,,436,106,0,5,0
3019,'1488508',1125,,437,106,0,5,0
3019,'1488511',2155,,438,106,0,5,0
3019,'1488515',2255,,439,106,0,5,0
3019,'1488516',1155,,440,106,0,5,0
3019,'1488519',1725,,441,106,0,5,0
3019,'1488521',2345,,442,106,0,5,0
3019,'1488522',1525,,443,106,0,5,0
3019,'1488523',1955,,444,106,0,5,0
3019,'1488525',1255,,445,106,0,5,0
3019,'1488526',825,,446,106,0,5,0
3019,'1488529',2055,,447,106,0,5,0
3019,'1488531',755,,448,106,0,5,0
3019,'1488533',1825,,449,106,0,5,0
3019,'1488535',1355,,450,106,0,5,0
3019,'1488537',1855,,451,106,0,5,0
3019,'1488538',1055,,452,106,0,5,0
3019,'1488539',1325,,453,106,0,5,0
3019,'1488540',1425,,454,106,0,5,0
3019,'1488542',855,,455,106,0,5,0
3019,'1488546',1025,,456,106,0,5,0
3019,'1488547',1655,,457,106,0,5,0
3019,'1488548',1455,,458,106,0,5,0
3019,'1488550',1755,,459,106,0,5,0
3019,'1488551',1225,,460,106,0,5,0
3019,'1488552',1555,,461,106,0,5,0
3019,'1488553',625,,462,26,0,5,0
3019,'1488556',1625,,463,106,0,5,0
3019,'1488560',955,,464,106,0,5,0
3019,'1488565',655,,465,73,0,5,0
3019,'1491899',1547,,370,34,,,0
3019,'1491900',1717,,371,34,,,0
3019,'1491901',2032,,372,34,,,0
3019,'1491902',847,,373,34,,,0
3019,'1491903',717,,374,34,,,0
3019,'1491904',1617,,375,34,,,0
3019,'1491905',1147,,376,34,,,0
3019,'1491906',1117,,377,34,,,0
3019,'1491907',747,,378,34,,,0
3019,'1491908',917,,379,34,,,0
3019,'1491909',2232,,380,34,,,0
3019,'1491910',1347,,381,34,,,0
3019,'1491911',1317,,382,34,,,0
3019,'1491912',1447,,383,34,,,0
3019,'1491913',1247,,384,34,,,0
3019,'1491914',2132,,385,34,,,0
3019,'1491915',817,,386,34,,,0
3019,'1491916',1747,,387,34,,,0
3019,'1491917',1417,,388,34,,,0
3019,'1491918',1017,,389,34,,,0
3019,'1491919',1047,,390,34,,,0
3019,'1491920',1217,,391,34,,,0
3019,'1491921',1647,,392,34,,,0
3019,'1491922',947,,393,34,,,0
3019,'1491923',1517,,394,34,,,0
3019,'1491924',1832,,395,34,,,0
3019,'1491925',2330,,396,34,,,0
3019,'1491928',1932,,399,34,,,0
3019,'1492021',647,,400,34,,,0
3019,'1496989',732,,647,33,,,0
3019,'1496990',1755,,648,104,0,5,0
3019,'1496991',1432,,649,33,,,0
3019,'1496992',2255,,650,104,0,5,0
3019,'1496993',832,,651,33,,,0
3019,'1496994',1132,,652,33,,,0
3019,'1496995',2232,,653,33,,,0
3019,'1496996',1832,,654,33,,,0
3019,'1496997',1955,,655,104,0,5,0
3019,'1496998',1455,,656,104,0,5,0
3019,'1496999',1332,,657,33,,,0
3019,'1497000',2055,,658,104,0,5,0
3019,'1497001',1932,,659,33,,,0
3019,'1497002',2345,,660,104,0,5,0
3019,'1497003',1632,,661,33,,,0
3019,'1497004',932,,662,33,,,0
3019,'1497005',1232,,663,33,,,0
3019,'1497006',1855,,664,104,0,5,0
3019,'1497007',755,,665,104,0,5,0
3019,'1497008',955,,666,104,0,5,0
3019,'1497009',2132,,667,33,,,0
3019,'1497010',1732,,668,33,,,0
3019,'1497011',1032,,669,33,,,0
3019,'1497012',1055,,670,104,0,5,0
3019,'1497013',1355,,671,104,0,5,0
3019,'1497014',1655,,672,104,0,5,0
3019,'1497015',1532,,673,33,,,0
3019,'1497016',1155,,674,104,0,5,0
3019,'1497017',1555,,675,104,0,5,0
3019,'1497018',2155,,676,104,0,5,0
3019,'1497019',855,,677,104,0,5,0
3019,'1497020',2032,,678,33,,,0
3019,'1497021',1255,,679,104,0,5,0
3019,'1497023',2330,,681,33,,,0
3019,'1497024',632,,682,33,,,0
3019,'1497025',625,,683,26,0,5,0
