3019,'1491899',1538,,370,16,,,0
3019,'1491900',1708,,371,16,,,0
3019,'1491901',2023,,372,16,,,0
3019,'1491902',838,,373,16,,,0
3019,'1491903',708,,374,16,,,0
3019,'1491904',1608,,375,16,,,0
3019,'1491905',1138,,376,16,,,0
3019,'1491906',1108,,377,16,,,0
3019,'1491907',738,,378,16,,,0
3019,'1491908',908,,379,16,,,0
3019,'1491909',2223,,380,16,,,0
3019,'1491910',1338,,381,16,,,0
3019,'1491911',1308,,382,16,,,0
3019,'1491912',1438,,383,16,,,0
3019,'1491913',1238,,384,16,,,0
3019,'1491914',2123,,385,16,,,0
3019,'1491915',808,,386,16,,,0
3019,'1491916',1738,,387,16,,,0
3019,'1491917',1408,,388,16,,,0
3019,'1491918',1008,,389,16,,,0
3019,'1491919',1038,,390,16,,,0
3019,'1491920',1208,,391,16,,,0
3019,'1491921',1638,,392,16,,,0
3019,'1491922',938,,393,16,,,0
3019,'1491923',1508,,394,16,,,0
3019,'1491924',1823,,395,16,,,0
3019,'1491925',2322,,396,16,,,0
3019,'1491928',1923,,399,16,,,0
3019,'1492021',638,,400,16,,,0
3019,'1496989',723,,647,15,,,0
3019,'1496991',1423,,649,15,,,0
3019,'1496993',823,,651,15,,,0
3019,'1496994',1123,,652,15,,,0
3019,'1496995',2223,,653,15,,,0
3019,'1496996',1823,,654,15,,,0
3019,'1496999',1323,,657,15,,,0
3019,'1497001',1923,,659,15,,,0
3019,'1497003',1623,,661,15,,,0
3019,'1497004',923,,662,15,,,0
3019,'1497005',1223,,663,15,,,0
3019,'1497009',2123,,667,15,,,0
3019,'1497010',1723,,668,15,,,0
3019,'1497011',1023,,669,15,,,0
3019,'1497015',1523,,673,15,,,0
3019,'1497020',2023,,678,15,,,0
3019,'1497023',2322,,681,15,,,0
3019,'1497024',623,,682,15,,,0
