3019,'1488507',823,,436,14,0,5,0
3019,'1488508',1023,,437,14,0,5,0
3019,'1488511',2053,,438,14,0,5,0
3019,'1488515',2153,,439,14,0,5,0
3019,'1488516',1053,,440,14,0,5,0
3019,'1488519',1623,,441,14,0,5,0
3019,'1488521',2253,,442,14,0,5,0
3019,'1488522',1423,,443,14,0,5,0
3019,'1488523',1853,,444,14,0,5,0
3019,'1488525',1153,,445,14,0,5,0
3019,'1488526',723,,446,14,0,5,0
3019,'1488529',1953,,447,14,0,5,0
3019,'1488531',653,,448,14,0,5,0
3019,'1488533',1723,,449,14,0,5,0
3019,'1488535',1253,,450,14,0,5,0
3019,'1488537',1753,,451,14,0,5,0
3019,'1488538',953,,452,14,0,5,0
3019,'1488539',1223,,453,14,0,5,0
3019,'1488540',1323,,454,14,0,5,0
3019,'1488542',753,,455,14,0,5,0
3019,'1488546',923,,456,14,0,5,0
3019,'1488547',1553,,457,14,0,5,0
3019,'1488548',1353,,458,14,0,5,0
3019,'1488550',1653,,459,14,0,5,0
3019,'1488551',1123,,460,14,0,5,0
3019,'1488552',1453,,461,14,0,5,0
3019,'1488556',1523,,463,14,0,5,0
3019,'1488560',853,,464,14,0,5,0
3019,'1496990',1653,,648,13,0,5,0
3019,'1496992',2153,,650,13,0,5,0
3019,'1496997',1853,,655,13,0,5,0
3019,'1496998',1353,,656,13,0,5,0
3019,'1497000',1953,,658,13,0,5,0
3019,'1497002',2253,,660,13,0,5,0
3019,'1497006',1753,,664,13,0,5,0
3019,'1497007',653,,665,13,0,5,0
3019,'1497008',853,,666,13,0,5,0
3019,'1497012',953,,670,13,0,5,0
3019,'1497013',1253,,671,13,0,5,0
3019,'1497014',1553,,672,13,0,5,0
3019,'1497016',1053,,674,13,0,5,0
3019,'1497017',1453,,675,13,0,5,0
3019,'1497018',2053,,676,13,0,5,0
3019,'1497019',753,,677,13,0,5,0
3019,'1497021',1153,,679,13,0,5,0
