3019,'1488507',923,,436,101,0,5,0
3019,'1488508',1123,,437,101,0,5,0
3019,'1488511',2153,,438,101,0,5,0
3019,'1488515',2253,,439,101,0,5,0
3019,'1488516',1153,,440,101,0,5,0
3019,'1488519',1723,,441,101,0,5,0
3019,'1488521',2343,,442,101,0,5,0
3019,'1488522',1523,,443,101,0,5,0
3019,'1488523',1953,,444,101,0,5,0
3019,'1488525',1253,,445,101,0,5,0
3019,'1488526',823,,446,101,0,5,0
3019,'1488529',2053,,447,101,0,5,0
3019,'1488531',753,,448,101,0,5,0
3019,'1488533',1823,,449,101,0,5,0
3019,'1488535',1353,,450,101,0,5,0
3019,'1488537',1853,,451,101,0,5,0
3019,'1488538',1053,,452,101,0,5,0
3019,'1488539',1323,,453,101,0,5,0
3019,'1488540',1423,,454,101,0,5,0
3019,'1488542',853,,455,101,0,5,0
3019,'1488546',1023,,456,101,0,5,0
3019,'1488547',1653,,457,101,0,5,0
3019,'1488548',1453,,458,101,0,5,0
3019,'1488550',1753,,459,101,0,5,0
3019,'1488551',1223,,460,101,0,5,0
3019,'1488552',1553,,461,101,0,5,0
3019,'1488553',623,,462,21,0,5,0
3019,'1488556',1623,,463,101,0,5,0
3019,'1488560',953,,464,101,0,5,0
3019,'1488565',653,,465,68,0,5,0
3019,'1496990',1753,,648,99,0,5,0
3019,'1496992',2253,,650,99,0,5,0
3019,'1496997',1953,,655,99,0,5,0
3019,'1496998',1453,,656,99,0,5,0
3019,'1497000',2053,,658,99,0,5,0
3019,'1497002',2343,,660,99,0,5,0
3019,'1497006',1853,,664,99,0,5,0
3019,'1497007',753,,665,99,0,5,0
3019,'1497008',953,,666,99,0,5,0
3019,'1497012',1053,,670,99,0,5,0
3019,'1497013',1353,,671,99,0,5,0
3019,'1497014',1653,,672,99,0,5,0
3019,'1497016',1153,,674,99,0,5,0
3019,'1497017',1553,,675,99,0,5,0
3019,'1497018',2153,,676,99,0,5,0
3019,'1497019',853,,677,99,0,5,0
3019,'1497021',1253,,679,99,0,5,0
3019,'1497025',623,,683,21,0,5,0
