3019,'1496126',851,,1057,49,0,5,0
3019,'1496127',1051,,1058,49,0,5,0
3019,'1496132',1121,,1063,49,0,5,0
3019,'1496135',1651,,1066,49,0,5,0
3019,'1496137',1451,,1068,49,0,5,0
3019,'1496139',1221,,1070,49,0,5,0
3019,'1496140',751,,1071,49,0,5,0
3019,'1496143',721,,1074,49,0,5,0
3019,'1496145',1751,,1076,49,0,5,0
3019,'1496147',1321,,1078,49,0,5,0
3019,'1496148',1021,,1079,49,0,5,0
3019,'1496149',1251,,1080,49,0,5,0
3019,'1496150',1351,,1081,49,0,5,0
3019,'1496152',821,,1083,49,0,5,0
3019,'1496156',951,,1087,49,0,5,0
3019,'1496157',1621,,1088,49,0,5,0
3019,'1496158',1421,,1089,49,0,5,0
3019,'1496160',1721,,1091,49,0,5,0
3019,'1496161',1151,,1092,49,0,5,0
3019,'1496162',1521,,1093,49,0,5,0
3019,'1496166',1551,,1097,49,0,5,0
3019,'1496169',921,,1100,49,0,5,0
3019,'1496172',621,,1103,18,0,5,0
3019,'1496375',851,,1106,49,0,5,0
3019,'1496376',1051,,1107,49,0,5,0
3019,'1496379',2121,,1110,49,0,5,0
3019,'1496383',2221,,1114,49,0,5,0
3019,'1496384',1121,,1115,49,0,5,0
3019,'1496387',1651,,1118,49,0,5,0
3019,'1496389',2316,,1120,49,0,5,0
3019,'1496390',1451,,1121,49,0,5,0
3019,'1496391',1921,,1122,49,0,5,0
3019,'1496393',1221,,1124,49,0,5,0
3019,'1496394',751,,1125,49,0,5,0
3019,'1496397',2021,,1128,49,0,5,0
3019,'1496399',721,,1130,49,0,5,0
3019,'1496401',1751,,1132,49,0,5,0
3019,'1496403',1321,,1134,49,0,5,0
3019,'1496405',1821,,1136,49,0,5,0
3019,'1496406',1021,,1137,49,0,5,0
3019,'1496407',1251,,1138,49,0,5,0
3019,'1496408',1351,,1139,49,0,5,0
3019,'1496410',821,,1141,49,0,5,0
3019,'1496414',951,,1145,49,0,5,0
3019,'1496415',1621,,1146,49,0,5,0
3019,'1496416',1421,,1147,49,0,5,0
3019,'1496418',1721,,1149,49,0,5,0
3019,'1496419',1151,,1150,49,0,5,0
3019,'1496420',1521,,1151,49,0,5,0
3019,'1496424',1551,,1155,49,0,5,0
3019,'1496428',921,,1159,49,0,5,0
3019,'1496433',621,,1164,18,0,5,0
3019,'1496454',1721,,1167,49,0,5,0
3019,'1496456',2221,,1169,49,0,5,0
3019,'1496461',1921,,1174,49,0,5,0
3019,'1496462',1421,,1175,49,0,5,0
3019,'1496464',2021,,1177,49,0,5,0
3019,'1496466',2318,,1179,49,0,5,0
3019,'1496470',1821,,1183,49,0,5,0
3019,'1496471',721,,1184,49,0,5,0
3019,'1496472',921,,1185,49,0,5,0
3019,'1496476',1021,,1189,49,0,5,0
3019,'1496477',1321,,1190,49,0,5,0
3019,'1496478',1621,,1191,49,0,5,0
3019,'1496480',1121,,1193,49,0,5,0
3019,'1496481',1521,,1194,49,0,5,0
3019,'1496482',2121,,1195,49,0,5,0
3019,'1496483',821,,1196,49,0,5,0
3019,'1496485',1221,,1198,49,0,5,0
3019,'1496628',1721,,1204,49,0,5,0
3019,'1496630',2221,,1206,49,0,5,0
3019,'1496634',1921,,1210,49,0,5,0
3019,'1496635',1421,,1211,49,0,5,0
3019,'1496637',2021,,1213,49,0,5,0
3019,'1496639',2318,,1215,49,0,5,0
3019,'1496643',1821,,1219,49,0,5,0
3019,'1496644',921,,1220,49,0,5,0
3019,'1496648',1021,,1224,49,0,5,0
3019,'1496649',1321,,1225,49,0,5,0
3019,'1496650',1621,,1226,49,0,5,0
3019,'1496652',1121,,1228,49,0,5,0
3019,'1496653',1521,,1229,49,0,5,0
3019,'1496654',2121,,1230,49,0,5,0
3019,'1496655',821,,1231,49,0,5,0
3019,'1496657',1221,,1233,49,0,5,0
