2029,'1492022',2054,,280,110,,,0
2029,'1492026',954,,281,110,,,0
2029,'1492029',1454,,282,110,,,0
2029,'1492030',1254,,283,110,,,0
2029,'1492031',1854,,284,110,,,0
2029,'1492033',1324,,285,110,,,0
2029,'1492035',1624,,286,110,,,0
2029,'1492039',1024,,287,110,,,0
2029,'1492041',2254,,288,110,,,0
2029,'1492044',854,,289,110,,,0
2029,'1492046',1654,,290,110,,,0
2029,'1492047',1524,,291,110,,,0
2029,'1492049',2347,,292,110,,,0
2029,'1492050',1124,,293,110,,,0
2029,'1492051',754,,294,110,,,0
2029,'1492052',1354,,295,110,,,0
2029,'1492054',1954,,296,110,,,0
2029,'1492056',1724,,297,110,,,0
2029,'1492059',1554,,298,110,,,0
2029,'1492060',1424,,299,110,,,0
2029,'1492061',824,,300,110,,,0
2029,'1492063',1754,,301,110,,,0
2029,'1492065',1054,,302,110,,,0
2029,'1492070',924,,303,110,,,0
2029,'1492071',2154,,304,110,,,0
2029,'1492072',1224,,305,110,,,0
2029,'1492073',1154,,306,110,,,0
2029,'1492076',1824,,307,110,,,0
2029,'1492081',654,,308,74,,,0
2029,'1496956',1754,,630,111,,,0
2029,'1496959',1154,,631,111,,,0
2029,'1496960',2254,,632,111,,,0
2029,'1496963',2347,,633,111,,,0
2029,'1496964',1054,,634,111,,,0
2029,'1496965',2054,,635,111,,,0
2029,'1496966',954,,636,111,,,0
2029,'1496967',1554,,637,111,,,0
2029,'1496969',2154,,638,111,,,0
2029,'1496971',1854,,639,111,,,0
2029,'1496972',1254,,640,111,,,0
2029,'1496976',1454,,641,111,,,0
2029,'1496977',854,,642,111,,,0
2029,'1496978',1354,,643,111,,,0
2029,'1496980',1954,,644,111,,,0
2029,'1496982',1654,,645,111,,,0
2029,'1496985',754,,646,111,,,0
3019,'1488507',859,,436,62,0,5,0
3019,'1488508',1059,,437,62,0,5,0
3019,'1488511',2129,,438,62,0,5,0
3019,'1488515',2229,,439,62,0,5,0
3019,'1488516',1129,,440,62,0,5,0
3019,'1488519',1659,,441,62,0,5,0
3019,'1488521',2323,,442,62,0,5,0
3019,'1488522',1459,,443,62,0,5,0
3019,'1488523',1929,,444,62,0,5,0
3019,'1488525',1229,,445,62,0,5,0
3019,'1488526',759,,446,62,0,5,0
3019,'1488529',2029,,447,62,0,5,0
3019,'1488531',729,,448,62,0,5,0
3019,'1488533',1759,,449,62,0,5,0
3019,'1488535',1329,,450,62,0,5,0
3019,'1488537',1829,,451,62,0,5,0
3019,'1488538',1029,,452,62,0,5,0
3019,'1488539',1259,,453,62,0,5,0
3019,'1488540',1359,,454,62,0,5,0
3019,'1488542',829,,455,62,0,5,0
3019,'1488546',959,,456,62,0,5,0
3019,'1488547',1629,,457,62,0,5,0
3019,'1488548',1429,,458,62,0,5,0
3019,'1488550',1729,,459,62,0,5,0
3019,'1488551',1159,,460,62,0,5,0
3019,'1488552',1529,,461,62,0,5,0
3019,'1488556',1559,,463,62,0,5,0
3019,'1488560',929,,464,62,0,5,0
3019,'1488565',629,,465,29,0,5,0
3019,'1496990',1729,,648,60,0,5,0
3019,'1496992',2229,,650,60,0,5,0
3019,'1496997',1929,,655,60,0,5,0
3019,'1496998',1429,,656,60,0,5,0
3019,'1497000',2029,,658,60,0,5,0
3019,'1497002',2323,,660,60,0,5,0
3019,'1497006',1829,,664,60,0,5,0
3019,'1497007',729,,665,60,0,5,0
3019,'1497008',929,,666,60,0,5,0
3019,'1497012',1029,,670,60,0,5,0
3019,'1497013',1329,,671,60,0,5,0
3019,'1497014',1629,,672,60,0,5,0
3019,'1497016',1129,,674,60,0,5,0
3019,'1497017',1529,,675,60,0,5,0
3019,'1497018',2129,,676,60,0,5,0
3019,'1497019',829,,677,60,0,5,0
3019,'1497021',1229,,679,60,0,5,0
