3019,'1491899',1552,,370,43,,,0
3019,'1491900',1722,,371,43,,,0
3019,'1491901',2037,,372,43,,,0
3019,'1491902',852,,373,43,,,0
3019,'1491903',722,,374,43,,,0
3019,'1491904',1622,,375,43,,,0
3019,'1491905',1152,,376,43,,,0
3019,'1491906',1122,,377,43,,,0
3019,'1491907',752,,378,43,,,0
3019,'1491908',922,,379,43,,,0
3019,'1491909',2237,,380,43,,,0
3019,'1491910',1352,,381,43,,,0
3019,'1491911',1322,,382,43,,,0
3019,'1491912',1452,,383,43,,,0
3019,'1491913',1252,,384,43,,,0
3019,'1491914',2137,,385,43,,,0
3019,'1491915',822,,386,43,,,0
3019,'1491916',1752,,387,43,,,0
3019,'1491917',1422,,388,43,,,0
3019,'1491918',1022,,389,43,,,0
3019,'1491919',1052,,390,43,,,0
3019,'1491920',1222,,391,43,,,0
3019,'1491921',1652,,392,43,,,0
3019,'1491922',952,,393,43,,,0
3019,'1491923',1522,,394,43,,,0
3019,'1491924',1837,,395,43,,,0
3019,'1491925',2334,,396,43,,,0
3019,'1491928',1937,,399,43,,,0
3019,'1492021',652,,400,43,,,0
3019,'1496989',737,,647,42,,,0
3019,'1496991',1437,,649,42,,,0
3019,'1496993',837,,651,42,,,0
3019,'1496994',1137,,652,42,,,0
3019,'1496995',2237,,653,42,,,0
3019,'1496996',1837,,654,42,,,0
3019,'1496999',1337,,657,42,,,0
3019,'1497001',1937,,659,42,,,0
3019,'1497003',1637,,661,42,,,0
3019,'1497004',937,,662,42,,,0
3019,'1497005',1237,,663,42,,,0
3019,'1497009',2137,,667,42,,,0
3019,'1497010',1737,,668,42,,,0
3019,'1497011',1037,,669,42,,,0
3019,'1497015',1537,,673,42,,,0
3019,'1497020',2037,,678,42,,,0
3019,'1497023',2334,,681,42,,,0
3019,'1497024',637,,682,42,,,0
