2019,'1492023',2221,,191,10,,,0
2019,'1492024',1206,,192,10,,,0
2019,'1492025',1336,,193,10,,,0
2019,'1492027',2121,,194,10,,,0
2019,'1492028',1821,,195,10,,,0
2019,'1492032',1306,,196,10,,,0
2019,'1492034',1436,,197,10,,,0
2019,'1492036',936,,198,10,,,0
2019,'1492037',1506,,199,10,,,0
2019,'1492038',906,,200,10,,,0
2019,'1492040',1106,,201,10,,,0
2019,'1492042',836,,202,10,,,0
2019,'1492043',806,,203,10,,,0
2019,'1492045',1006,,204,10,,,0
2019,'1492048',1536,,205,10,,,0
2019,'1492053',2021,,206,10,,,0
2019,'1492055',706,,207,10,,,0
2019,'1492057',1706,,208,10,,,0
2019,'1492058',2319,,209,10,,,0
2019,'1492062',1406,,210,10,,,0
2019,'1492064',1036,,211,10,,,0
2019,'1492066',1136,,212,10,,,0
2019,'1492067',1606,,213,10,,,0
2019,'1492068',1736,,214,10,,,0
2019,'1492069',1636,,215,10,,,0
2019,'1492074',736,,216,10,,,0
2019,'1492075',1236,,217,10,,,0
2019,'1492077',636,,218,10,,,0
2019,'1492080',1921,,221,10,,,0
2019,'1496953',1721,,611,10,,,0
2019,'1496954',2121,,612,10,,,0
2019,'1496955',1321,,613,10,,,0
2019,'1496957',1121,,614,10,,,0
2019,'1496958',1421,,615,10,,,0
2019,'1496961',2021,,616,10,,,0
2019,'1496962',721,,617,10,,,0
2019,'1496968',1221,,618,10,,,0
2019,'1496970',2221,,619,10,,,0
2019,'1496973',1521,,620,10,,,0
2019,'1496974',1821,,621,10,,,0
2019,'1496975',1021,,622,10,,,0
2019,'1496979',921,,623,10,,,0
2019,'1496981',821,,624,10,,,0
2019,'1496983',1621,,625,10,,,0
2019,'1496984',1921,,626,10,,,0
2019,'1496986',621,,627,10,,,0
2019,'1496988',2319,,629,10,,,0
