1019,'1491950',749,,37,62,,,0
1019,'1491952',849,,38,62,,,0
1019,'1491955',1619,,39,62,,,0
1019,'1491956',2204,,40,62,,,0
1019,'1491957',1719,,41,62,,,0
1019,'1491959',819,,42,62,,,0
1019,'1491960',1519,,43,62,,,0
1019,'1491961',1319,,44,62,,,0
1019,'1491962',1849,,45,62,,,0
1019,'1491967',1419,,46,62,,,0
1019,'1491968',2004,,47,62,,,0
1019,'1491969',2104,,48,62,,,0
1019,'1491975',1119,,49,62,,,0
1019,'1491977',1349,,50,62,,,0
1019,'1491980',919,,51,62,,,0
1019,'1491981',1219,,52,62,,,0
1019,'1491982',1019,,53,62,,,0
1019,'1491984',2355,,54,62,,,0
1019,'1491985',1819,,55,62,,,0
1019,'1491988',1049,,56,62,,,0
1019,'1491990',949,,57,62,,,0
1019,'1491992',2304,,58,62,,,0
1019,'1491994',1449,,59,62,,,0
1019,'1491995',1549,,60,62,,,0
1019,'1491997',719,,61,62,,,0
1019,'1491998',1249,,62,62,,,0
1019,'1491999',1149,,63,62,,,0
1019,'1492002',1749,,64,62,,,0
1019,'1492004',1649,,65,62,,,0
1019,'1492005',619,,66,32,,,0
1019,'1492007',1919,,67,62,,,0
1019,'1496918',1404,,576,63,,,0
1019,'1496921',2004,,577,63,,,0
1019,'1496922',804,,578,63,,,0
1019,'1496923',704,,579,63,,,0
1019,'1496924',2104,,580,63,,,0
1019,'1496928',1104,,581,63,,,0
1019,'1496930',1504,,582,63,,,0
1019,'1496933',1704,,583,63,,,0
1019,'1496935',1204,,584,63,,,0
1019,'1496938',2204,,585,63,,,0
1019,'1496940',1604,,586,63,,,0
1019,'1496941',1804,,587,63,,,0
1019,'1496945',1004,,588,63,,,0
1019,'1496946',904,,589,63,,,0
1019,'1496949',1304,,590,63,,,0
1019,'1496950',1904,,591,63,,,0
1019,'1496951',2353,,592,63,,,0
1019,'1496952',2304,,593,63,,,0
