2019,'1492023',2309,,191,76,,,0
2019,'1492024',1254,,192,76,,,0
2019,'1492025',1424,,193,76,,,0
2019,'1492027',2209,,194,76,,,0
2019,'1492028',1909,,195,76,,,0
2019,'1492032',1354,,196,76,,,0
2019,'1492034',1524,,197,76,,,0
2019,'1492036',1024,,198,76,,,0
2019,'1492037',1554,,199,76,,,0
2019,'1492038',954,,200,76,,,0
2019,'1492040',1154,,201,76,,,0
2019,'1492042',924,,202,76,,,0
2019,'1492043',854,,203,76,,,0
2019,'1492045',1054,,204,76,,,0
2019,'1492048',1624,,205,76,,,0
2019,'1492053',2109,,206,76,,,0
2019,'1492055',754,,207,76,,,0
2019,'1492057',1754,,208,76,,,0
2019,'1492062',1454,,210,76,,,0
2019,'1492064',1124,,211,76,,,0
2019,'1492066',1224,,212,76,,,0
2019,'1492067',1654,,213,76,,,0
2019,'1492068',1824,,214,76,,,0
2019,'1492069',1724,,215,76,,,0
2019,'1492074',824,,216,76,,,0
2019,'1492075',1324,,217,76,,,0
2019,'1492077',724,,218,76,,,0
2019,'1492079',624,,220,54,,,0
2019,'1492080',2009,,221,76,,,0
2019,'1496953',1809,,611,77,,,0
2019,'1496954',2209,,612,77,,,0
2019,'1496955',1409,,613,77,,,0
2019,'1496957',1209,,614,77,,,0
2019,'1496958',1509,,615,77,,,0
2019,'1496961',2109,,616,77,,,0
2019,'1496962',809,,617,77,,,0
2019,'1496968',1309,,618,77,,,0
2019,'1496970',2309,,619,77,,,0
2019,'1496973',1609,,620,77,,,0
2019,'1496974',1909,,621,77,,,0
2019,'1496975',1109,,622,77,,,0
2019,'1496979',1009,,623,77,,,0
2019,'1496981',909,,624,77,,,0
2019,'1496983',1709,,625,77,,,0
2019,'1496984',2009,,626,77,,,0
2019,'1496986',709,,627,77,,,0
2019,'1496987',639,,628,45,,,0
