2029,'1492022',2048,,280,99,,,0
2029,'1492026',948,,281,99,,,0
2029,'1492029',1448,,282,99,,,0
2029,'1492030',1248,,283,99,,,0
2029,'1492031',1848,,284,99,,,0
2029,'1492033',1318,,285,99,,,0
2029,'1492035',1618,,286,99,,,0
2029,'1492039',1018,,287,99,,,0
2029,'1492041',2248,,288,99,,,0
2029,'1492044',848,,289,99,,,0
2029,'1492046',1648,,290,99,,,0
2029,'1492047',1518,,291,99,,,0
2029,'1492049',2342,,292,99,,,0
2029,'1492050',1118,,293,99,,,0
2029,'1492051',748,,294,99,,,0
2029,'1492052',1348,,295,99,,,0
2029,'1492054',1948,,296,99,,,0
2029,'1492056',1718,,297,99,,,0
2029,'1492059',1548,,298,99,,,0
2029,'1492060',1418,,299,99,,,0
2029,'1492061',818,,300,99,,,0
2029,'1492063',1748,,301,99,,,0
2029,'1492065',1048,,302,99,,,0
2029,'1492070',918,,303,99,,,0
2029,'1492071',2148,,304,99,,,0
2029,'1492072',1218,,305,99,,,0
2029,'1492073',1148,,306,99,,,0
2029,'1492076',1818,,307,99,,,0
2029,'1492081',648,,308,63,,,0
2029,'1496956',1748,,630,100,,,0
2029,'1496959',1148,,631,100,,,0
2029,'1496960',2248,,632,100,,,0
2029,'1496963',2342,,633,100,,,0
2029,'1496964',1048,,634,100,,,0
2029,'1496965',2048,,635,100,,,0
2029,'1496966',948,,636,100,,,0
2029,'1496967',1548,,637,100,,,0
2029,'1496969',2148,,638,100,,,0
2029,'1496971',1848,,639,100,,,0
2029,'1496972',1248,,640,100,,,0
2029,'1496976',1448,,641,100,,,0
2029,'1496977',848,,642,100,,,0
2029,'1496978',1348,,643,100,,,0
2029,'1496980',1948,,644,100,,,0
2029,'1496982',1648,,645,100,,,0
2029,'1496985',748,,646,100,,,0
