2019,'1492023',2305,,191,70,,,0
2019,'1492024',1250,,192,70,,,0
2019,'1492025',1420,,193,70,,,0
2019,'1492027',2205,,194,70,,,0
2019,'1492028',1905,,195,70,,,0
2019,'1492032',1350,,196,70,,,0
2019,'1492034',1520,,197,70,,,0
2019,'1492036',1020,,198,70,,,0
2019,'1492037',1550,,199,70,,,0
2019,'1492038',950,,200,70,,,0
2019,'1492040',1150,,201,70,,,0
2019,'1492042',920,,202,70,,,0
2019,'1492043',850,,203,70,,,0
2019,'1492045',1050,,204,70,,,0
2019,'1492048',1620,,205,70,,,0
2019,'1492053',2105,,206,70,,,0
2019,'1492055',750,,207,70,,,0
2019,'1492057',1750,,208,70,,,0
2019,'1492062',1450,,210,70,,,0
2019,'1492064',1120,,211,70,,,0
2019,'1492066',1220,,212,70,,,0
2019,'1492067',1650,,213,70,,,0
2019,'1492068',1820,,214,70,,,0
2019,'1492069',1720,,215,70,,,0
2019,'1492074',820,,216,70,,,0
2019,'1492075',1320,,217,70,,,0
2019,'1492077',720,,218,70,,,0
2019,'1492079',620,,220,48,,,0
2019,'1492080',2005,,221,70,,,0
2019,'1496953',1805,,611,71,,,0
2019,'1496954',2205,,612,71,,,0
2019,'1496955',1405,,613,71,,,0
2019,'1496957',1205,,614,71,,,0
2019,'1496958',1505,,615,71,,,0
2019,'1496961',2105,,616,71,,,0
2019,'1496962',805,,617,71,,,0
2019,'1496968',1305,,618,71,,,0
2019,'1496970',2305,,619,71,,,0
2019,'1496973',1605,,620,71,,,0
2019,'1496974',1905,,621,71,,,0
2019,'1496975',1105,,622,71,,,0
2019,'1496979',1005,,623,71,,,0
2019,'1496981',905,,624,71,,,0
2019,'1496983',1705,,625,71,,,0
2019,'1496984',2005,,626,71,,,0
2019,'1496986',705,,627,71,,,0
2019,'1496987',635,,628,39,,,0
