2019,'1492023',2319,,191,95,,,0
2019,'1492024',1304,,192,95,,,0
2019,'1492025',1434,,193,95,,,0
2019,'1492027',2219,,194,95,,,0
2019,'1492028',1919,,195,95,,,0
2019,'1492032',1404,,196,95,,,0
2019,'1492034',1534,,197,95,,,0
2019,'1492036',1034,,198,95,,,0
2019,'1492037',1604,,199,95,,,0
2019,'1492038',1004,,200,95,,,0
2019,'1492040',1204,,201,95,,,0
2019,'1492042',934,,202,95,,,0
2019,'1492043',904,,203,95,,,0
2019,'1492045',1104,,204,95,,,0
2019,'1492048',1634,,205,95,,,0
2019,'1492053',2119,,206,95,,,0
2019,'1492055',804,,207,95,,,0
2019,'1492057',1804,,208,95,,,0
2019,'1492062',1504,,210,95,,,0
2019,'1492064',1134,,211,95,,,0
2019,'1492066',1234,,212,95,,,0
2019,'1492067',1704,,213,95,,,0
2019,'1492068',1834,,214,95,,,0
2019,'1492069',1734,,215,95,,,0
2019,'1492074',834,,216,95,,,0
2019,'1492075',1334,,217,95,,,0
2019,'1492077',734,,218,95,,,0
2019,'1492078',604,,219,10,,,0
2019,'1492079',634,,220,73,,,0
2019,'1492080',2019,,221,95,,,0
2019,'1496953',1819,,611,96,,,0
2019,'1496954',2219,,612,96,,,0
2019,'1496955',1419,,613,96,,,0
2019,'1496957',1219,,614,96,,,0
2019,'1496958',1519,,615,96,,,0
2019,'1496961',2119,,616,96,,,0
2019,'1496962',819,,617,96,,,0
2019,'1496968',1319,,618,96,,,0
2019,'1496970',2319,,619,96,,,0
2019,'1496973',1619,,620,96,,,0
2019,'1496974',1919,,621,96,,,0
2019,'1496975',1119,,622,96,,,0
2019,'1496979',1019,,623,96,,,0
2019,'1496981',919,,624,96,,,0
2019,'1496983',1719,,625,96,,,0
2019,'1496984',2019,,626,96,,,0
2019,'1496986',719,,627,96,,,0
2019,'1496987',649,,628,64,,,0
