2019,'1492023',2230,,191,21,,,0
2019,'1492024',1215,,192,21,,,0
2019,'1492025',1345,,193,21,,,0
2019,'1492027',2130,,194,21,,,0
2019,'1492028',1830,,195,21,,,0
2019,'1492032',1315,,196,21,,,0
2019,'1492034',1445,,197,21,,,0
2019,'1492036',945,,198,21,,,0
2019,'1492037',1515,,199,21,,,0
2019,'1492038',915,,200,21,,,0
2019,'1492040',1115,,201,21,,,0
2019,'1492042',845,,202,21,,,0
2019,'1492043',815,,203,21,,,0
2019,'1492045',1015,,204,21,,,0
2019,'1492048',1545,,205,21,,,0
2019,'1492053',2030,,206,21,,,0
2019,'1492055',715,,207,21,,,0
2019,'1492057',1715,,208,21,,,0
2019,'1492058',2328,,209,21,,,0
2019,'1492062',1415,,210,21,,,0
2019,'1492064',1045,,211,21,,,0
2019,'1492066',1145,,212,21,,,0
2019,'1492067',1615,,213,21,,,0
2019,'1492068',1745,,214,21,,,0
2019,'1492069',1645,,215,21,,,0
2019,'1492074',745,,216,21,,,0
2019,'1492075',1245,,217,21,,,0
2019,'1492077',645,,218,21,,,0
2019,'1492080',1930,,221,21,,,0
2019,'1496953',1730,,611,21,,,0
2019,'1496954',2130,,612,21,,,0
2019,'1496955',1330,,613,21,,,0
2019,'1496957',1130,,614,21,,,0
2019,'1496958',1430,,615,21,,,0
2019,'1496961',2030,,616,21,,,0
2019,'1496962',730,,617,21,,,0
2019,'1496968',1230,,618,21,,,0
2019,'1496970',2230,,619,21,,,0
2019,'1496973',1530,,620,21,,,0
2019,'1496974',1830,,621,21,,,0
2019,'1496975',1030,,622,21,,,0
2019,'1496979',930,,623,21,,,0
2019,'1496981',830,,624,21,,,0
2019,'1496983',1630,,625,21,,,0
2019,'1496984',1930,,626,21,,,0
2019,'1496986',630,,627,21,,,0
2019,'1496988',2327,,629,21,,,0
3019,'1491899',1610,,370,71,,,0
3019,'1491900',1740,,371,71,,,0
3019,'1491901',2055,,372,71,,,0
3019,'1491902',910,,373,71,,,0
3019,'1491903',740,,374,71,,,0
3019,'1491904',1640,,375,71,,,0
3019,'1491905',1210,,376,71,,,0
3019,'1491906',1140,,377,71,,,0
3019,'1491907',810,,378,71,,,0
3019,'1491908',940,,379,71,,,0
3019,'1491909',2255,,380,71,,,0
3019,'1491910',1410,,381,71,,,0
3019,'1491911',1340,,382,71,,,0
3019,'1491912',1510,,383,71,,,0
3019,'1491913',1310,,384,71,,,0
3019,'1491914',2155,,385,71,,,0
3019,'1491915',840,,386,71,,,0
3019,'1491916',1810,,387,71,,,0
3019,'1491917',1440,,388,71,,,0
3019,'1491918',1040,,389,71,,,0
3019,'1491919',1110,,390,71,,,0
3019,'1491920',1240,,391,71,,,0
3019,'1491921',1710,,392,71,,,0
3019,'1491922',1010,,393,71,,,0
3019,'1491923',1540,,394,71,,,0
3019,'1491924',1855,,395,71,,,0
3019,'1491925',2350,,396,71,,,0
3019,'1491927',610,,398,14,,,0
3019,'1491928',1955,,399,71,,,0
3019,'1492021',710,,400,71,,,0
3019,'1496989',755,,647,70,,,0
3019,'1496991',1455,,649,70,,,0
3019,'1496993',855,,651,70,,,0
3019,'1496994',1155,,652,70,,,0
3019,'1496995',2255,,653,70,,,0
3019,'1496996',1855,,654,70,,,0
3019,'1496999',1355,,657,70,,,0
3019,'1497001',1955,,659,70,,,0
3019,'1497003',1655,,661,70,,,0
3019,'1497004',955,,662,70,,,0
3019,'1497005',1255,,663,70,,,0
3019,'1497009',2155,,667,70,,,0
3019,'1497010',1755,,668,70,,,0
3019,'1497011',1055,,669,70,,,0
3019,'1497015',1555,,673,70,,,0
3019,'1497020',2055,,678,70,,,0
3019,'1497022',625,,680,14,,,0
3019,'1497023',2350,,681,70,,,0
3019,'1497024',655,,682,70,,,0
