2019,'1492023',2251,,191,47,,,0
2019,'1492024',1236,,192,47,,,0
2019,'1492025',1406,,193,47,,,0
2019,'1492027',2151,,194,47,,,0
2019,'1492028',1851,,195,47,,,0
2019,'1492032',1336,,196,47,,,0
2019,'1492034',1506,,197,47,,,0
2019,'1492036',1006,,198,47,,,0
2019,'1492037',1536,,199,47,,,0
2019,'1492038',936,,200,47,,,0
2019,'1492040',1136,,201,47,,,0
2019,'1492042',906,,202,47,,,0
2019,'1492043',836,,203,47,,,0
2019,'1492045',1036,,204,47,,,0
2019,'1492048',1606,,205,47,,,0
2019,'1492053',2051,,206,47,,,0
2019,'1492055',736,,207,47,,,0
2019,'1492057',1736,,208,47,,,0
2019,'1492058',2347,,209,47,,,0
2019,'1492062',1436,,210,47,,,0
2019,'1492064',1106,,211,47,,,0
2019,'1492066',1206,,212,47,,,0
2019,'1492067',1636,,213,47,,,0
2019,'1492068',1806,,214,47,,,0
2019,'1492069',1706,,215,47,,,0
2019,'1492074',806,,216,47,,,0
2019,'1492075',1306,,217,47,,,0
2019,'1492077',706,,218,47,,,0
2019,'1492079',606,,220,25,,,0
2019,'1492080',1951,,221,47,,,0
2019,'1496953',1749,,611,48,,,0
2019,'1496954',2149,,612,48,,,0
2019,'1496955',1349,,613,48,,,0
2019,'1496957',1149,,614,48,,,0
2019,'1496958',1449,,615,48,,,0
2019,'1496961',2049,,616,48,,,0
2019,'1496962',749,,617,48,,,0
2019,'1496968',1249,,618,48,,,0
2019,'1496970',2249,,619,48,,,0
2019,'1496973',1549,,620,48,,,0
2019,'1496974',1849,,621,48,,,0
2019,'1496975',1049,,622,48,,,0
2019,'1496979',949,,623,48,,,0
2019,'1496981',849,,624,48,,,0
2019,'1496983',1649,,625,48,,,0
2019,'1496984',1949,,626,48,,,0
2019,'1496986',649,,627,48,,,0
2019,'1496987',619,,628,16,,,0
2019,'1496988',2347,,629,48,,,0
3019,'1488507',849,,436,48,0,5,0
3019,'1488508',1049,,437,48,0,5,0
3019,'1488511',2119,,438,48,0,5,0
3019,'1488515',2219,,439,48,0,5,0
3019,'1488516',1119,,440,48,0,5,0
3019,'1488519',1649,,441,48,0,5,0
3019,'1488521',2314,,442,48,0,5,0
3019,'1488522',1449,,443,48,0,5,0
3019,'1488523',1919,,444,48,0,5,0
3019,'1488525',1219,,445,48,0,5,0
3019,'1488526',749,,446,48,0,5,0
3019,'1488529',2019,,447,48,0,5,0
3019,'1488531',719,,448,48,0,5,0
3019,'1488533',1749,,449,48,0,5,0
3019,'1488535',1319,,450,48,0,5,0
3019,'1488537',1819,,451,48,0,5,0
3019,'1488538',1019,,452,48,0,5,0
3019,'1488539',1249,,453,48,0,5,0
3019,'1488540',1349,,454,48,0,5,0
3019,'1488542',819,,455,48,0,5,0
3019,'1488546',949,,456,48,0,5,0
3019,'1488547',1619,,457,48,0,5,0
3019,'1488548',1419,,458,48,0,5,0
3019,'1488550',1719,,459,48,0,5,0
3019,'1488551',1149,,460,48,0,5,0
3019,'1488552',1519,,461,48,0,5,0
3019,'1488556',1549,,463,48,0,5,0
3019,'1488560',919,,464,48,0,5,0
3019,'1488565',619,,465,15,0,5,0
3019,'1496990',1719,,648,46,0,5,0
3019,'1496992',2219,,650,46,0,5,0
3019,'1496997',1919,,655,46,0,5,0
3019,'1496998',1419,,656,46,0,5,0
3019,'1497000',2019,,658,46,0,5,0
3019,'1497002',2316,,660,46,0,5,0
3019,'1497006',1819,,664,46,0,5,0
3019,'1497007',719,,665,46,0,5,0
3019,'1497008',919,,666,46,0,5,0
3019,'1497012',1019,,670,46,0,5,0
3019,'1497013',1319,,671,46,0,5,0
3019,'1497014',1619,,672,46,0,5,0
3019,'1497016',1119,,674,46,0,5,0
3019,'1497017',1519,,675,46,0,5,0
3019,'1497018',2119,,676,46,0,5,0
3019,'1497019',819,,677,46,0,5,0
3019,'1497021',1219,,679,46,0,5,0
