1019,'1491950',751,,37,64,,,0
1019,'1491952',851,,38,64,,,0
1019,'1491955',1621,,39,64,,,0
1019,'1491956',2206,,40,64,,,0
1019,'1491957',1721,,41,64,,,0
1019,'1491959',821,,42,64,,,0
1019,'1491960',1521,,43,64,,,0
1019,'1491961',1321,,44,64,,,0
1019,'1491962',1851,,45,64,,,0
1019,'1491967',1421,,46,64,,,0
1019,'1491968',2006,,47,64,,,0
1019,'1491969',2106,,48,64,,,0
1019,'1491975',1121,,49,64,,,0
1019,'1491977',1351,,50,64,,,0
1019,'1491980',921,,51,64,,,0
1019,'1491981',1221,,52,64,,,0
1019,'1491982',1021,,53,64,,,0
1019,'1491984',2356,,54,64,,,0
1019,'1491985',1821,,55,64,,,0
1019,'1491988',1051,,56,64,,,0
1019,'1491990',951,,57,64,,,0
1019,'1491992',2306,,58,64,,,0
1019,'1491994',1451,,59,64,,,0
1019,'1491995',1551,,60,64,,,0
1019,'1491997',721,,61,64,,,0
1019,'1491998',1251,,62,64,,,0
1019,'1491999',1151,,63,64,,,0
1019,'1492002',1751,,64,64,,,0
1019,'1492004',1651,,65,64,,,0
1019,'1492005',621,,66,34,,,0
1019,'1492007',1921,,67,64,,,0
1019,'1496918',1405,,576,65,,,0
1019,'1496921',2005,,577,65,,,0
1019,'1496922',805,,578,65,,,0
1019,'1496923',705,,579,65,,,0
1019,'1496924',2105,,580,65,,,0
1019,'1496928',1105,,581,65,,,0
1019,'1496930',1505,,582,65,,,0
1019,'1496933',1705,,583,65,,,0
1019,'1496935',1205,,584,65,,,0
1019,'1496938',2205,,585,65,,,0
1019,'1496940',1605,,586,65,,,0
1019,'1496941',1805,,587,65,,,0
1019,'1496945',1005,,588,65,,,0
1019,'1496946',905,,589,65,,,0
1019,'1496949',1305,,590,65,,,0
1019,'1496950',1905,,591,65,,,0
1019,'1496951',2353,,592,65,,,0
1019,'1496952',2305,,593,65,,,0
2019,'1492023',2336,,191,120,,,0
2019,'1492024',1321,,192,120,,,0
2019,'1492025',1451,,193,120,,,0
2019,'1492027',2236,,194,120,,,0
2019,'1492028',1936,,195,120,,,0
2019,'1492032',1421,,196,120,,,0
2019,'1492034',1551,,197,120,,,0
2019,'1492036',1051,,198,120,,,0
2019,'1492037',1621,,199,120,,,0
2019,'1492038',1021,,200,120,,,0
2019,'1492040',1221,,201,120,,,0
2019,'1492042',951,,202,120,,,0
2019,'1492043',921,,203,120,,,0
2019,'1492045',1121,,204,120,,,0
2019,'1492048',1651,,205,120,,,0
2019,'1492053',2136,,206,120,,,0
2019,'1492055',821,,207,120,,,0
2019,'1492057',1821,,208,120,,,0
2019,'1492062',1521,,210,120,,,0
2019,'1492064',1151,,211,120,,,0
2019,'1492066',1251,,212,120,,,0
2019,'1492067',1721,,213,120,,,0
2019,'1492068',1851,,214,120,,,0
2019,'1492069',1751,,215,120,,,0
2019,'1492074',851,,216,120,,,0
2019,'1492075',1351,,217,120,,,0
2019,'1492077',751,,218,120,,,0
2019,'1492078',621,,219,35,,,0
2019,'1492079',651,,220,98,,,0
2019,'1492080',2036,,221,120,,,0
2019,'1496953',1836,,611,121,,,0
2019,'1496954',2236,,612,121,,,0
2019,'1496955',1436,,613,121,,,0
2019,'1496957',1236,,614,121,,,0
2019,'1496958',1536,,615,121,,,0
2019,'1496961',2136,,616,121,,,0
2019,'1496962',836,,617,121,,,0
2019,'1496968',1336,,618,121,,,0
2019,'1496970',2336,,619,121,,,0
2019,'1496973',1636,,620,121,,,0
2019,'1496974',1936,,621,121,,,0
2019,'1496975',1136,,622,121,,,0
2019,'1496979',1036,,623,121,,,0
2019,'1496981',936,,624,121,,,0
2019,'1496983',1736,,625,121,,,0
2019,'1496984',2036,,626,121,,,0
2019,'1496986',736,,627,121,,,0
2019,'1496987',706,,628,89,,,0
3019,'1491899',1651,,370,123,,,0
3019,'1491900',1821,,371,123,,,0
3019,'1491901',2136,,372,123,,,0
3019,'1491902',951,,373,123,,,0
3019,'1491903',821,,374,123,,,0
3019,'1491904',1721,,375,123,,,0
3019,'1491905',1251,,376,123,,,0
3019,'1491906',1221,,377,123,,,0
3019,'1491907',851,,378,123,,,0
3019,'1491908',1021,,379,123,,,0
3019,'1491909',2336,,380,123,,,0
3019,'1491910',1451,,381,123,,,0
3019,'1491911',1421,,382,123,,,0
3019,'1491912',1551,,383,123,,,0
3019,'1491913',1351,,384,123,,,0
3019,'1491914',2236,,385,123,,,0
3019,'1491915',921,,386,123,,,0
3019,'1491916',1851,,387,123,,,0
3019,'1491917',1521,,388,123,,,0
3019,'1491918',1121,,389,123,,,0
3019,'1491919',1151,,390,123,,,0
3019,'1491920',1321,,391,123,,,0
3019,'1491921',1751,,392,123,,,0
3019,'1491922',1051,,393,123,,,0
3019,'1491923',1621,,394,123,,,0
3019,'1491924',1936,,395,123,,,0
3019,'1491926',621,,397,32,,,0
3019,'1491927',651,,398,66,,,0
3019,'1491928',2036,,399,123,,,0
3019,'1492021',751,,400,123,,,0
3019,'1496989',836,,647,123,,,0
3019,'1496991',1536,,649,123,,,0
3019,'1496993',936,,651,123,,,0
3019,'1496994',1236,,652,123,,,0
3019,'1496995',2336,,653,123,,,0
3019,'1496996',1936,,654,123,,,0
3019,'1496999',1436,,657,123,,,0
3019,'1497001',2036,,659,123,,,0
3019,'1497003',1736,,661,123,,,0
3019,'1497004',1036,,662,123,,,0
3019,'1497005',1336,,663,123,,,0
3019,'1497009',2236,,667,123,,,0
3019,'1497010',1836,,668,123,,,0
3019,'1497011',1136,,669,123,,,0
3019,'1497015',1636,,673,123,,,0
3019,'1497020',2136,,678,123,,,0
3019,'1497022',706,,680,67,,,0
3019,'1497024',736,,682,123,,,0
