1029,'1491948',1447,,124,45,,,0
1029,'1491949',1547,,125,45,,,0
1029,'1491951',1647,,126,45,,,0
1029,'1491953',747,,127,45,,,0
1029,'1491954',2117,,128,45,,,0
1029,'1491958',1047,,129,45,,,0
1029,'1491963',2017,,130,45,,,0
1029,'1491964',917,,131,45,,,0
1029,'1491965',1717,,132,45,,,0
1029,'1491966',1617,,133,45,,,0
1029,'1491970',1817,,134,45,,,0
1029,'1491971',1217,,135,45,,,0
1029,'1491972',1247,,136,45,,,0
1029,'1491973',1417,,137,45,,,0
1029,'1491974',1017,,138,45,,,0
1029,'1491976',717,,139,45,,,0
1029,'1491978',1847,,140,45,,,0
1029,'1491979',1747,,141,45,,,0
1029,'1491983',1347,,142,45,,,0
1029,'1491986',947,,143,45,,,0
1029,'1491987',2217,,144,45,,,0
1029,'1491989',1147,,145,45,,,0
1029,'1491991',2317,,146,45,,,0
1029,'1491993',847,,147,45,,,0
1029,'1491996',817,,148,45,,,0
1029,'1492000',1517,,149,45,,,0
1029,'1492001',1317,,150,45,,,0
1029,'1492003',1117,,151,45,,,0
1029,'1492008',1917,,153,45,,,0
1029,'1496919',1915,,594,45,,,0
1029,'1496920',2115,,595,45,,,0
1029,'1496925',1815,,596,45,,,0
1029,'1496926',2215,,597,45,,,0
1029,'1496927',1315,,598,45,,,0
1029,'1496929',1115,,599,45,,,0
1029,'1496931',1015,,600,45,,,0
1029,'1496932',2015,,601,45,,,0
1029,'1496934',715,,602,45,,,0
1029,'1496936',2315,,603,45,,,0
1029,'1496937',1515,,604,45,,,0
1029,'1496939',1615,,605,45,,,0
1029,'1496942',815,,606,45,,,0
1029,'1496943',1215,,607,45,,,0
1029,'1496944',915,,608,45,,,0
1029,'1496947',1715,,609,45,,,0
1029,'1496948',1415,,610,45,,,0
3019,'1488507',825,,436,19,0,5,0
3019,'1488508',1025,,437,19,0,5,0
3019,'1488511',2055,,438,19,0,5,0
3019,'1488515',2155,,439,19,0,5,0
3019,'1488516',1055,,440,19,0,5,0
3019,'1488519',1625,,441,19,0,5,0
3019,'1488521',2255,,442,19,0,5,0
3019,'1488522',1425,,443,19,0,5,0
3019,'1488523',1855,,444,19,0,5,0
3019,'1488525',1155,,445,19,0,5,0
3019,'1488526',725,,446,19,0,5,0
3019,'1488529',1955,,447,19,0,5,0
3019,'1488531',655,,448,19,0,5,0
3019,'1488533',1725,,449,19,0,5,0
3019,'1488535',1255,,450,19,0,5,0
3019,'1488537',1755,,451,19,0,5,0
3019,'1488538',955,,452,19,0,5,0
3019,'1488539',1225,,453,19,0,5,0
3019,'1488540',1325,,454,19,0,5,0
3019,'1488542',755,,455,19,0,5,0
3019,'1488546',925,,456,19,0,5,0
3019,'1488547',1555,,457,19,0,5,0
3019,'1488548',1355,,458,19,0,5,0
3019,'1488550',1655,,459,19,0,5,0
3019,'1488551',1125,,460,19,0,5,0
3019,'1488552',1455,,461,19,0,5,0
3019,'1488556',1525,,463,19,0,5,0
3019,'1488560',855,,464,19,0,5,0
3019,'1496990',1655,,648,18,0,5,0
3019,'1496992',2155,,650,18,0,5,0
3019,'1496997',1855,,655,18,0,5,0
3019,'1496998',1355,,656,18,0,5,0
3019,'1497000',1955,,658,18,0,5,0
3019,'1497002',2255,,660,18,0,5,0
3019,'1497006',1755,,664,18,0,5,0
3019,'1497007',655,,665,18,0,5,0
3019,'1497008',855,,666,18,0,5,0
3019,'1497012',955,,670,18,0,5,0
3019,'1497013',1255,,671,18,0,5,0
3019,'1497014',1555,,672,18,0,5,0
3019,'1497016',1055,,674,18,0,5,0
3019,'1497017',1455,,675,18,0,5,0
3019,'1497018',2055,,676,18,0,5,0
3019,'1497019',755,,677,18,0,5,0
3019,'1497021',1155,,679,18,0,5,0
