3019,'1488507',916,,436,93,0,5,0
3019,'1488508',1116,,437,93,0,5,0
3019,'1488511',2146,,438,93,0,5,0
3019,'1488515',2246,,439,93,0,5,0
3019,'1488516',1146,,440,93,0,5,0
3019,'1488519',1716,,441,93,0,5,0
3019,'1488521',2338,,442,93,0,5,0
3019,'1488522',1516,,443,93,0,5,0
3019,'1488523',1946,,444,93,0,5,0
3019,'1488525',1246,,445,93,0,5,0
3019,'1488526',816,,446,93,0,5,0
3019,'1488529',2046,,447,93,0,5,0
3019,'1488531',746,,448,93,0,5,0
3019,'1488533',1816,,449,93,0,5,0
3019,'1488535',1346,,450,93,0,5,0
3019,'1488537',1846,,451,93,0,5,0
3019,'1488538',1046,,452,93,0,5,0
3019,'1488539',1316,,453,93,0,5,0
3019,'1488540',1416,,454,93,0,5,0
3019,'1488542',846,,455,93,0,5,0
3019,'1488546',1016,,456,93,0,5,0
3019,'1488547',1646,,457,93,0,5,0
3019,'1488548',1446,,458,93,0,5,0
3019,'1488550',1746,,459,93,0,5,0
3019,'1488551',1216,,460,93,0,5,0
3019,'1488552',1546,,461,93,0,5,0
3019,'1488553',616,,462,13,0,5,0
3019,'1488556',1616,,463,93,0,5,0
3019,'1488560',946,,464,93,0,5,0
3019,'1488565',646,,465,60,0,5,0
3019,'1496990',1746,,648,91,0,5,0
3019,'1496992',2246,,650,91,0,5,0
3019,'1496997',1946,,655,91,0,5,0
3019,'1496998',1446,,656,91,0,5,0
3019,'1497000',2046,,658,91,0,5,0
3019,'1497002',2338,,660,91,0,5,0
3019,'1497006',1846,,664,91,0,5,0
3019,'1497007',746,,665,91,0,5,0
3019,'1497008',946,,666,91,0,5,0
3019,'1497012',1046,,670,91,0,5,0
3019,'1497013',1346,,671,91,0,5,0
3019,'1497014',1646,,672,91,0,5,0
3019,'1497016',1146,,674,91,0,5,0
3019,'1497017',1546,,675,91,0,5,0
3019,'1497018',2146,,676,91,0,5,0
3019,'1497019',846,,677,91,0,5,0
3019,'1497021',1246,,679,91,0,5,0
3019,'1497025',619,,683,13,0,5,0
