4019,'1491929',701,,525,46,,,0
4019,'1491930',2341,,526,46,,,0
4019,'1491931',1101,,527,46,,,0
4019,'1491932',901,,528,46,,,0
4019,'1491933',2046,,529,46,,,0
4019,'1491934',1701,,530,46,,,0
4019,'1491935',1901,,531,46,,,0
4019,'1491936',2146,,532,46,,,0
4019,'1491937',1001,,533,46,,,0
4019,'1491938',1201,,534,46,,,0
4019,'1491939',1946,,535,46,,,0
4019,'1491940',801,,536,46,,,0
4019,'1491941',1601,,537,46,,,0
4019,'1491942',1801,,538,46,,,0
4019,'1491943',1401,,539,46,,,0
4019,'1491944',1501,,540,46,,,0
4019,'1491945',2246,,541,46,,,0
4019,'1491946',1301,,542,46,,,0
4019,'1491947',602,,543,12,,,0
4019,'1497026',846,,684,46,,,0
4019,'1497027',746,,685,46,,,0
4019,'1497028',1646,,686,46,,,0
4019,'1497029',2246,,687,46,,,0
4019,'1497030',1746,,688,46,,,0
4019,'1497031',1446,,689,46,,,0
4019,'1497032',2146,,690,46,,,0
4019,'1497033',1046,,691,46,,,0
4019,'1497034',1946,,692,46,,,0
4019,'1497035',1546,,693,46,,,0
4019,'1497036',946,,694,46,,,0
4019,'1497037',1846,,695,46,,,0
4019,'1497038',1346,,696,46,,,0
4019,'1497039',646,,697,46,,,0
4019,'1497040',2046,,698,46,,,0
4019,'1497041',1146,,699,46,,,0
4019,'1497042',1246,,700,46,,,0
4019,'1497043',2341,,701,46,,,0
