2029,'1491728',1717,,247,56,,,0
2029,'1491731',1117,,248,56,,,0
2029,'1491732',2217,,249,56,,,0
2029,'1491735',2314,,250,56,,,0
2029,'1491736',1017,,251,56,,,0
2029,'1491737',2017,,252,56,,,0
2029,'1491738',917,,253,56,,,0
2029,'1491739',1517,,254,56,,,0
2029,'1491741',2117,,255,56,,,0
2029,'1491742',1817,,256,56,,,0
2029,'1491743',1217,,257,56,,,0
2029,'1491747',1417,,258,56,,,0
2029,'1491748',817,,259,56,,,0
2029,'1491749',1317,,260,56,,,0
2029,'1491751',1917,,261,56,,,0
2029,'1491753',1617,,262,56,,,0
2029,'1491829',1717,,263,56,,,0
2029,'1491832',1117,,264,56,,,0
2029,'1491833',2217,,265,56,,,0
2029,'1491836',2314,,266,56,,,0
2029,'1491837',1017,,267,56,,,0
2029,'1491838',2017,,268,56,,,0
2029,'1491839',917,,269,56,,,0
2029,'1491840',1517,,270,56,,,0
2029,'1491842',2117,,271,56,,,0
2029,'1491844',1817,,272,56,,,0
2029,'1491845',1217,,273,56,,,0
2029,'1491849',1417,,274,56,,,0
2029,'1491850',817,,275,56,,,0
2029,'1491851',1317,,276,56,,,0
2029,'1491853',1917,,277,56,,,0
2029,'1491855',1617,,278,56,,,0
2029,'1491858',717,,279,56,,,0
2029,'1492022',2017,,280,56,,,0
2029,'1492026',917,,281,56,,,0
2029,'1492029',1417,,282,56,,,0
2029,'1492030',1217,,283,56,,,0
2029,'1492031',1817,,284,56,,,0
2029,'1492033',1247,,285,56,,,0
2029,'1492035',1547,,286,56,,,0
2029,'1492039',947,,287,56,,,0
2029,'1492041',2217,,288,56,,,0
2029,'1492044',817,,289,56,,,0
2029,'1492046',1617,,290,56,,,0
2029,'1492047',1447,,291,56,,,0
2029,'1492049',2314,,292,56,,,0
2029,'1492050',1047,,293,56,,,0
2029,'1492051',717,,294,56,,,0
2029,'1492052',1317,,295,56,,,0
2029,'1492054',1917,,296,56,,,0
2029,'1492056',1647,,297,56,,,0
2029,'1492059',1517,,298,56,,,0
2029,'1492060',1347,,299,56,,,0
2029,'1492061',747,,300,56,,,0
2029,'1492063',1717,,301,56,,,0
2029,'1492065',1017,,302,56,,,0
2029,'1492070',847,,303,56,,,0
2029,'1492071',2117,,304,56,,,0
2029,'1492072',1147,,305,56,,,0
2029,'1492073',1117,,306,56,,,0
2029,'1492076',1747,,307,56,,,0
2029,'1492081',617,,308,20,,,0
2029,'1492084',917,,309,56,,,0
2029,'1492085',1417,,310,56,,,0
2029,'1492086',1217,,311,56,,,0
2029,'1492088',1247,,312,56,,,0
2029,'1492090',1547,,313,56,,,0
2029,'1492094',947,,314,56,,,0
2029,'1492098',817,,315,56,,,0
2029,'1492100',1617,,316,56,,,0
2029,'1492101',1447,,317,56,,,0
2029,'1492103',1047,,318,56,,,0
2029,'1492104',717,,319,56,,,0
2029,'1492105',1317,,320,56,,,0
2029,'1492107',1647,,321,56,,,0
2029,'1492109',1517,,322,56,,,0
2029,'1492110',1347,,323,56,,,0
2029,'1492111',747,,324,56,,,0
2029,'1492113',1717,,325,56,,,0
2029,'1492115',1017,,326,56,,,0
2029,'1492120',847,,327,56,,,0
2029,'1492121',1147,,328,56,,,0
2029,'1492122',1117,,329,56,,,0
2029,'1492125',1747,,330,56,,,0
2029,'1492128',617,,331,20,,,0
