4019,'1496112',705,,1237,56,,,0
4019,'1496113',1105,,1238,56,,,0
4019,'1496114',905,,1239,56,,,0
4019,'1496115',1705,,1240,56,,,0
4019,'1496116',1005,,1241,56,,,0
4019,'1496117',1205,,1242,56,,,0
4019,'1496118',805,,1243,56,,,0
4019,'1496119',1605,,1244,56,,,0
4019,'1496120',1805,,1245,56,,,0
4019,'1496121',1405,,1246,56,,,0
4019,'1496122',1505,,1247,56,,,0
4019,'1496123',1305,,1248,56,,,0
4019,'1496124',605,,1249,22,,,0
4019,'1496355',705,,1250,56,,,0
4019,'1496356',2345,,1251,56,,,0
4019,'1496357',1105,,1252,56,,,0
4019,'1496358',905,,1253,56,,,0
4019,'1496359',2050,,1254,56,,,0
4019,'1496360',1705,,1255,56,,,0
4019,'1496361',1905,,1256,56,,,0
4019,'1496362',2150,,1257,56,,,0
4019,'1496363',1005,,1258,56,,,0
4019,'1496364',1205,,1259,56,,,0
4019,'1496365',1950,,1260,56,,,0
4019,'1496366',805,,1261,56,,,0
4019,'1496367',1605,,1262,56,,,0
4019,'1496368',1805,,1263,56,,,0
4019,'1496369',1405,,1264,56,,,0
4019,'1496370',1505,,1265,56,,,0
4019,'1496371',2250,,1266,56,,,0
4019,'1496372',1305,,1267,56,,,0
4019,'1496373',605,,1268,22,,,0
4019,'1496435',851,,1269,56,,,0
4019,'1496436',751,,1270,56,,,0
4019,'1496437',1651,,1271,56,,,0
4019,'1496438',2251,,1272,56,,,0
4019,'1496439',1751,,1273,56,,,0
4019,'1496440',1451,,1274,56,,,0
4019,'1496441',2151,,1275,56,,,0
4019,'1496442',1051,,1276,56,,,0
4019,'1496443',1951,,1277,56,,,0
4019,'1496444',1551,,1278,56,,,0
4019,'1496445',951,,1279,56,,,0
4019,'1496446',1851,,1280,56,,,0
4019,'1496447',1351,,1281,56,,,0
4019,'1496448',651,,1282,56,,,0
4019,'1496449',2051,,1283,56,,,0
4019,'1496450',1151,,1284,56,,,0
4019,'1496451',1251,,1285,56,,,0
4019,'1496452',2345,,1286,56,,,0
4019,'1496661',851,,1287,56,,,0
4019,'1496662',751,,1288,56,,,0
4019,'1496663',1651,,1289,56,,,0
4019,'1496664',2251,,1290,56,,,0
4019,'1496665',1751,,1291,56,,,0
4019,'1496666',1451,,1292,56,,,0
4019,'1496667',2151,,1293,56,,,0
4019,'1496668',1051,,1294,56,,,0
4019,'1496669',1951,,1295,56,,,0
4019,'1496670',1551,,1296,56,,,0
4019,'1496671',951,,1297,56,,,0
4019,'1496672',1851,,1298,56,,,0
4019,'1496673',1351,,1299,56,,,0
4019,'1496674',2051,,1300,56,,,0
4019,'1496675',1151,,1301,56,,,0
4019,'1496676',1251,,1302,56,,,0
4019,'1496677',2345,,1303,56,,,0
