2019,'1492023',2240,,191,35,,,0
2019,'1492024',1225,,192,35,,,0
2019,'1492025',1355,,193,35,,,0
2019,'1492027',2140,,194,35,,,0
2019,'1492028',1840,,195,35,,,0
2019,'1492032',1325,,196,35,,,0
2019,'1492034',1455,,197,35,,,0
2019,'1492036',955,,198,35,,,0
2019,'1492037',1525,,199,35,,,0
2019,'1492038',925,,200,35,,,0
2019,'1492040',1125,,201,35,,,0
2019,'1492042',855,,202,35,,,0
2019,'1492043',825,,203,35,,,0
2019,'1492045',1025,,204,35,,,0
2019,'1492048',1555,,205,35,,,0
2019,'1492053',2040,,206,35,,,0
2019,'1492055',725,,207,35,,,0
2019,'1492057',1725,,208,35,,,0
2019,'1492058',2337,,209,35,,,0
2019,'1492062',1425,,210,35,,,0
2019,'1492064',1055,,211,35,,,0
2019,'1492066',1155,,212,35,,,0
2019,'1492067',1625,,213,35,,,0
2019,'1492068',1755,,214,35,,,0
2019,'1492069',1655,,215,35,,,0
2019,'1492074',755,,216,35,,,0
2019,'1492075',1255,,217,35,,,0
2019,'1492077',655,,218,35,,,0
2019,'1492079',555,,220,13,,,0
2019,'1492080',1940,,221,35,,,0
2019,'1496953',1739,,611,36,,,0
2019,'1496954',2139,,612,36,,,0
2019,'1496955',1339,,613,36,,,0
2019,'1496957',1139,,614,36,,,0
2019,'1496958',1439,,615,36,,,0
2019,'1496961',2039,,616,36,,,0
2019,'1496962',739,,617,36,,,0
2019,'1496968',1239,,618,36,,,0
2019,'1496970',2239,,619,36,,,0
2019,'1496973',1539,,620,36,,,0
2019,'1496974',1839,,621,36,,,0
2019,'1496975',1039,,622,36,,,0
2019,'1496979',939,,623,36,,,0
2019,'1496981',839,,624,36,,,0
2019,'1496983',1639,,625,36,,,0
2019,'1496984',1939,,626,36,,,0
2019,'1496986',639,,627,36,,,0
2019,'1496987',609,,628,4,,,0
2019,'1496988',2338,,629,36,,,0
