1019,'1496067',726,,702,30,,,0
1019,'1496069',826,,703,30,,,0
1019,'1496071',1556,,704,30,,,0
1019,'1496072',1656,,705,30,,,0
1019,'1496074',756,,706,30,,,0
1019,'1496075',1456,,707,30,,,0
1019,'1496076',1256,,708,30,,,0
1019,'1496080',1356,,709,30,,,0
1019,'1496085',1056,,710,30,,,0
1019,'1496087',1326,,711,30,,,0
1019,'1496089',856,,712,30,,,0
1019,'1496090',1156,,713,30,,,0
1019,'1496091',956,,714,30,,,0
1019,'1496093',1756,,715,30,,,0
1019,'1496095',1026,,716,30,,,0
1019,'1496097',926,,717,30,,,0
1019,'1496099',1426,,718,30,,,0
1019,'1496100',1526,,719,30,,,0
1019,'1496102',656,,720,30,,,0
1019,'1496103',1226,,721,30,,,0
1019,'1496104',1126,,722,30,,,0
1019,'1496107',1726,,723,30,,,0
1019,'1496109',1626,,724,30,,,0
1019,'1496296',726,,726,30,,,0
1019,'1496298',826,,727,30,,,0
1019,'1496301',1556,,728,30,,,0
1019,'1496302',2141,,729,30,,,0
1019,'1496303',1656,,730,30,,,0
1019,'1496305',756,,731,30,,,0
1019,'1496306',1456,,732,30,,,0
1019,'1496307',1256,,733,30,,,0
1019,'1496308',1826,,734,30,,,0
1019,'1496313',1356,,735,30,,,0
1019,'1496314',1941,,736,30,,,0
1019,'1496315',2041,,737,30,,,0
1019,'1496321',1056,,738,30,,,0
1019,'1496323',1326,,739,30,,,0
1019,'1496326',856,,740,30,,,0
1019,'1496327',1156,,741,30,,,0
1019,'1496328',956,,742,30,,,0
1019,'1496330',2338,,743,30,,,0
1019,'1496331',1756,,744,30,,,0
1019,'1496334',1026,,745,30,,,0
1019,'1496336',926,,746,30,,,0
1019,'1496338',2241,,747,30,,,0
1019,'1496340',1426,,748,30,,,0
1019,'1496341',1526,,749,30,,,0
1019,'1496343',656,,750,30,,,0
1019,'1496344',1226,,751,30,,,0
1019,'1496345',1126,,752,30,,,0
1019,'1496348',1726,,753,30,,,0
1019,'1496350',1626,,754,30,,,0
1019,'1496353',1856,,756,30,,,0
1019,'1496526',1341,,757,30,,,0
1019,'1496529',1941,,758,30,,,0
1019,'1496530',741,,759,30,,,0
1019,'1496531',641,,760,30,,,0
1019,'1496532',2041,,761,30,,,0
1019,'1496536',1041,,762,30,,,0
1019,'1496538',1441,,763,30,,,0
1019,'1496541',1641,,764,30,,,0
1019,'1496543',1141,,765,30,,,0
1019,'1496546',2141,,766,30,,,0
1019,'1496548',1541,,767,30,,,0
1019,'1496549',1741,,768,30,,,0
1019,'1496553',941,,769,30,,,0
1019,'1496554',841,,770,30,,,0
1019,'1496557',1241,,771,30,,,0
1019,'1496558',1841,,772,30,,,0
1019,'1496559',2338,,773,30,,,0
1019,'1496560',2241,,774,30,,,0
1019,'1496561',1341,,775,30,,,0
1019,'1496564',1941,,776,30,,,0
1019,'1496565',741,,777,30,,,0
1019,'1496566',2041,,778,30,,,0
1019,'1496570',1041,,779,30,,,0
1019,'1496572',1441,,780,30,,,0
1019,'1496575',1641,,781,30,,,0
1019,'1496576',1141,,782,30,,,0
1019,'1496579',2141,,783,30,,,0
1019,'1496581',1541,,784,30,,,0
1019,'1496582',1741,,785,30,,,0
1019,'1496586',941,,786,30,,,0
1019,'1496587',841,,787,30,,,0
1019,'1496590',1241,,788,30,,,0
1019,'1496591',1841,,789,30,,,0
1019,'1496592',2338,,790,30,,,0
1019,'1496593',2241,,791,30,,,0
4019,'1496112',645,,1237,24,,,0
4019,'1496113',1045,,1238,24,,,0
4019,'1496114',845,,1239,24,,,0
4019,'1496115',1645,,1240,24,,,0
4019,'1496116',945,,1241,24,,,0
4019,'1496117',1145,,1242,24,,,0
4019,'1496118',745,,1243,24,,,0
4019,'1496119',1545,,1244,24,,,0
4019,'1496120',1745,,1245,24,,,0
4019,'1496121',1345,,1246,24,,,0
4019,'1496122',1445,,1247,24,,,0
4019,'1496123',1245,,1248,24,,,0
4019,'1496355',645,,1250,24,,,0
4019,'1496356',2327,,1251,24,,,0
4019,'1496357',1045,,1252,24,,,0
4019,'1496358',845,,1253,24,,,0
4019,'1496359',2030,,1254,24,,,0
4019,'1496360',1645,,1255,24,,,0
4019,'1496361',1845,,1256,24,,,0
4019,'1496362',2130,,1257,24,,,0
4019,'1496363',945,,1258,24,,,0
4019,'1496364',1145,,1259,24,,,0
4019,'1496365',1930,,1260,24,,,0
4019,'1496366',745,,1261,24,,,0
4019,'1496367',1545,,1262,24,,,0
4019,'1496368',1745,,1263,24,,,0
4019,'1496369',1345,,1264,24,,,0
4019,'1496370',1445,,1265,24,,,0
4019,'1496371',2230,,1266,24,,,0
4019,'1496372',1245,,1267,24,,,0
4019,'1496435',830,,1269,24,,,0
4019,'1496436',730,,1270,24,,,0
4019,'1496437',1630,,1271,24,,,0
4019,'1496438',2230,,1272,24,,,0
4019,'1496439',1730,,1273,24,,,0
4019,'1496440',1430,,1274,24,,,0
4019,'1496441',2130,,1275,24,,,0
4019,'1496442',1030,,1276,24,,,0
4019,'1496443',1930,,1277,24,,,0
4019,'1496444',1530,,1278,24,,,0
4019,'1496445',930,,1279,24,,,0
4019,'1496446',1830,,1280,24,,,0
4019,'1496447',1330,,1281,24,,,0
4019,'1496448',630,,1282,24,,,0
4019,'1496449',2030,,1283,24,,,0
4019,'1496450',1130,,1284,24,,,0
4019,'1496451',1230,,1285,24,,,0
4019,'1496452',2327,,1286,24,,,0
4019,'1496661',830,,1287,24,,,0
4019,'1496662',730,,1288,24,,,0
4019,'1496663',1630,,1289,24,,,0
4019,'1496664',2230,,1290,24,,,0
4019,'1496665',1730,,1291,24,,,0
4019,'1496666',1430,,1292,24,,,0
4019,'1496667',2130,,1293,24,,,0
4019,'1496668',1030,,1294,24,,,0
4019,'1496669',1930,,1295,24,,,0
4019,'1496670',1530,,1296,24,,,0
4019,'1496671',930,,1297,24,,,0
4019,'1496672',1830,,1298,24,,,0
4019,'1496673',1330,,1299,24,,,0
4019,'1496674',2030,,1300,24,,,0
4019,'1496675',1130,,1301,24,,,0
4019,'1496676',1230,,1302,24,,,0
4019,'1496677',2327,,1303,24,,,0
