2029,'1492022',2105,,280,123,,,0
2029,'1492026',1005,,281,123,,,0
2029,'1492029',1505,,282,123,,,0
2029,'1492030',1305,,283,123,,,0
2029,'1492031',1905,,284,123,,,0
2029,'1492033',1335,,285,123,,,0
2029,'1492035',1635,,286,123,,,0
2029,'1492039',1035,,287,123,,,0
2029,'1492041',2305,,288,123,,,0
2029,'1492044',905,,289,123,,,0
2029,'1492046',1705,,290,123,,,0
2029,'1492047',1535,,291,123,,,0
2029,'1492049',2355,,292,123,,,0
2029,'1492050',1135,,293,123,,,0
2029,'1492051',805,,294,123,,,0
2029,'1492052',1405,,295,123,,,0
2029,'1492054',2005,,296,123,,,0
2029,'1492056',1735,,297,123,,,0
2029,'1492059',1605,,298,123,,,0
2029,'1492060',1435,,299,123,,,0
2029,'1492061',835,,300,123,,,0
2029,'1492063',1805,,301,123,,,0
2029,'1492065',1105,,302,123,,,0
2029,'1492070',935,,303,123,,,0
2029,'1492071',2205,,304,123,,,0
2029,'1492072',1235,,305,123,,,0
2029,'1492073',1205,,306,123,,,0
2029,'1492076',1835,,307,123,,,0
2029,'1492081',705,,308,87,,,0
2029,'1496956',1805,,630,124,,,0
2029,'1496959',1205,,631,124,,,0
2029,'1496960',2305,,632,124,,,0
2029,'1496963',2355,,633,124,,,0
2029,'1496964',1105,,634,124,,,0
2029,'1496965',2105,,635,124,,,0
2029,'1496966',1005,,636,124,,,0
2029,'1496967',1605,,637,124,,,0
2029,'1496969',2205,,638,124,,,0
2029,'1496971',1905,,639,124,,,0
2029,'1496972',1305,,640,124,,,0
2029,'1496976',1505,,641,124,,,0
2029,'1496977',905,,642,124,,,0
2029,'1496978',1405,,643,124,,,0
2029,'1496980',2005,,644,124,,,0
2029,'1496982',1705,,645,124,,,0
2029,'1496985',805,,646,124,,,0
