1029,'1491948',1424,,124,15,,,0
1029,'1491949',1524,,125,15,,,0
1029,'1491951',1624,,126,15,,,0
1029,'1491953',724,,127,15,,,0
1029,'1491954',2054,,128,15,,,0
1029,'1491958',1024,,129,15,,,0
1029,'1491963',1954,,130,15,,,0
1029,'1491964',854,,131,15,,,0
1029,'1491965',1654,,132,15,,,0
1029,'1491966',1554,,133,15,,,0
1029,'1491970',1754,,134,15,,,0
1029,'1491971',1154,,135,15,,,0
1029,'1491972',1224,,136,15,,,0
1029,'1491973',1354,,137,15,,,0
1029,'1491974',954,,138,15,,,0
1029,'1491976',654,,139,15,,,0
1029,'1491978',1824,,140,15,,,0
1029,'1491979',1724,,141,15,,,0
1029,'1491983',1324,,142,15,,,0
1029,'1491986',924,,143,15,,,0
1029,'1491987',2154,,144,15,,,0
1029,'1491989',1124,,145,15,,,0
1029,'1491991',2254,,146,15,,,0
1029,'1491993',824,,147,15,,,0
1029,'1491996',754,,148,15,,,0
1029,'1492000',1454,,149,15,,,0
1029,'1492001',1254,,150,15,,,0
1029,'1492003',1054,,151,15,,,0
1029,'1492008',1854,,153,15,,,0
1029,'1496919',1853,,594,15,,,0
1029,'1496920',2053,,595,15,,,0
1029,'1496925',1753,,596,15,,,0
1029,'1496926',2153,,597,15,,,0
1029,'1496927',1253,,598,15,,,0
1029,'1496929',1053,,599,15,,,0
1029,'1496931',953,,600,15,,,0
1029,'1496932',1953,,601,15,,,0
1029,'1496934',653,,602,15,,,0
1029,'1496936',2253,,603,15,,,0
1029,'1496937',1453,,604,15,,,0
1029,'1496939',1553,,605,15,,,0
1029,'1496942',753,,606,15,,,0
1029,'1496943',1153,,607,15,,,0
1029,'1496944',853,,608,15,,,0
1029,'1496947',1653,,609,15,,,0
1029,'1496948',1353,,610,15,,,0
