2019,'1488885',616,,154,26,,,0
2019,'1491725',1831,,155,111,,,0
2019,'1491726',2231,,156,111,,,0
2019,'1491727',1431,,157,111,,,0
2019,'1491729',1231,,158,111,,,0
2019,'1491730',1531,,159,111,,,0
2019,'1491733',2131,,160,111,,,0
2019,'1491734',831,,161,111,,,0
2019,'1491740',1331,,162,111,,,0
2019,'1491744',1631,,163,111,,,0
2019,'1491745',1931,,164,111,,,0
2019,'1491746',1131,,165,111,,,0
2019,'1491750',1031,,166,111,,,0
2019,'1491752',931,,167,111,,,0
2019,'1491754',1731,,168,111,,,0
2019,'1491755',2031,,169,111,,,0
2019,'1491756',801,,170,79,,,0
2019,'1491826',1831,,172,111,,,0
2019,'1491827',2231,,173,111,,,0
2019,'1491828',1431,,174,111,,,0
2019,'1491830',1231,,175,111,,,0
2019,'1491831',1531,,176,111,,,0
2019,'1491834',2131,,177,111,,,0
2019,'1491835',831,,178,111,,,0
2019,'1491841',1331,,179,111,,,0
2019,'1491843',2331,,180,111,,,0
2019,'1491846',1631,,181,111,,,0
2019,'1491847',1931,,182,111,,,0
2019,'1491848',1131,,183,111,,,0
2019,'1491852',1031,,184,111,,,0
2019,'1491854',931,,185,111,,,0
2019,'1491856',1731,,186,111,,,0
2019,'1491857',2031,,187,111,,,0
2019,'1491859',731,,188,111,,,0
2019,'1491860',701,,189,79,,,0
2019,'1492023',2331,,191,111,,,0
2019,'1492024',1316,,192,111,,,0
2019,'1492025',1446,,193,111,,,0
2019,'1492027',2231,,194,111,,,0
2019,'1492028',1931,,195,111,,,0
2019,'1492032',1416,,196,111,,,0
2019,'1492034',1546,,197,111,,,0
2019,'1492036',1046,,198,111,,,0
2019,'1492037',1616,,199,111,,,0
2019,'1492038',1016,,200,111,,,0
2019,'1492040',1216,,201,111,,,0
2019,'1492042',946,,202,111,,,0
2019,'1492043',916,,203,111,,,0
2019,'1492045',1116,,204,111,,,0
2019,'1492048',1646,,205,111,,,0
2019,'1492053',2131,,206,111,,,0
2019,'1492055',816,,207,111,,,0
2019,'1492057',1816,,208,111,,,0
2019,'1492062',1516,,210,111,,,0
2019,'1492064',1146,,211,111,,,0
2019,'1492066',1246,,212,111,,,0
2019,'1492067',1716,,213,111,,,0
2019,'1492068',1846,,214,111,,,0
2019,'1492069',1746,,215,111,,,0
2019,'1492074',846,,216,111,,,0
2019,'1492075',1346,,217,111,,,0
2019,'1492077',746,,218,111,,,0
2019,'1492078',616,,219,26,,,0
2019,'1492079',646,,220,89,,,0
2019,'1492080',2031,,221,111,,,0
2019,'1492082',1316,,222,111,,,0
2019,'1492083',1446,,223,111,,,0
2019,'1492087',1416,,224,111,,,0
2019,'1492089',1546,,225,111,,,0
2019,'1492091',1046,,226,111,,,0
2019,'1492092',1616,,227,111,,,0
2019,'1492093',1016,,228,111,,,0
2019,'1492095',1216,,229,111,,,0
2019,'1492096',946,,230,111,,,0
2019,'1492097',916,,231,111,,,0
2019,'1492099',1116,,232,111,,,0
2019,'1492102',1646,,233,111,,,0
2019,'1492106',816,,234,111,,,0
2019,'1492108',1816,,235,111,,,0
2019,'1492112',1516,,236,111,,,0
2019,'1492114',1146,,237,111,,,0
2019,'1492116',1246,,238,111,,,0
2019,'1492117',1716,,239,111,,,0
2019,'1492118',1846,,240,111,,,0
2019,'1492119',1746,,241,111,,,0
2019,'1492123',846,,242,111,,,0
2019,'1492124',1346,,243,111,,,0
2019,'1492126',746,,244,111,,,0
2019,'1492127',646,,245,79,,,0
