3019,'1488507',824,,436,16,0,5,0
3019,'1488508',1024,,437,16,0,5,0
3019,'1488511',2054,,438,16,0,5,0
3019,'1488515',2154,,439,16,0,5,0
3019,'1488516',1054,,440,16,0,5,0
3019,'1488519',1624,,441,16,0,5,0
3019,'1488521',2254,,442,16,0,5,0
3019,'1488522',1424,,443,16,0,5,0
3019,'1488523',1854,,444,16,0,5,0
3019,'1488525',1154,,445,16,0,5,0
3019,'1488526',724,,446,16,0,5,0
3019,'1488529',1954,,447,16,0,5,0
3019,'1488531',654,,448,16,0,5,0
3019,'1488533',1724,,449,16,0,5,0
3019,'1488535',1254,,450,16,0,5,0
3019,'1488537',1754,,451,16,0,5,0
3019,'1488538',954,,452,16,0,5,0
3019,'1488539',1224,,453,16,0,5,0
3019,'1488540',1324,,454,16,0,5,0
3019,'1488542',754,,455,16,0,5,0
3019,'1488546',924,,456,16,0,5,0
3019,'1488547',1554,,457,16,0,5,0
3019,'1488548',1354,,458,16,0,5,0
3019,'1488550',1654,,459,16,0,5,0
3019,'1488551',1124,,460,16,0,5,0
3019,'1488552',1454,,461,16,0,5,0
3019,'1488556',1524,,463,16,0,5,0
3019,'1488560',854,,464,16,0,5,0
3019,'1496990',1654,,648,15,0,5,0
3019,'1496992',2154,,650,15,0,5,0
3019,'1496997',1854,,655,15,0,5,0
3019,'1496998',1354,,656,15,0,5,0
3019,'1497000',1954,,658,15,0,5,0
3019,'1497002',2254,,660,15,0,5,0
3019,'1497006',1754,,664,15,0,5,0
3019,'1497007',654,,665,15,0,5,0
3019,'1497008',854,,666,15,0,5,0
3019,'1497012',954,,670,15,0,5,0
3019,'1497013',1254,,671,15,0,5,0
3019,'1497014',1554,,672,15,0,5,0
3019,'1497016',1054,,674,15,0,5,0
3019,'1497017',1454,,675,15,0,5,0
3019,'1497018',2054,,676,15,0,5,0
3019,'1497019',754,,677,15,0,5,0
3019,'1497021',1154,,679,15,0,5,0
