4019,'1491929',721,,525,72,,,0
4019,'1491930',2356,,526,72,,,0
4019,'1491931',1121,,527,72,,,0
4019,'1491932',921,,528,72,,,0
4019,'1491933',2106,,529,72,,,0
4019,'1491934',1721,,530,72,,,0
4019,'1491935',1921,,531,72,,,0
4019,'1491936',2206,,532,72,,,0
4019,'1491937',1021,,533,72,,,0
4019,'1491938',1221,,534,72,,,0
4019,'1491939',2006,,535,72,,,0
4019,'1491940',821,,536,72,,,0
4019,'1491941',1621,,537,72,,,0
4019,'1491942',1821,,538,72,,,0
4019,'1491943',1421,,539,72,,,0
4019,'1491944',1521,,540,72,,,0
4019,'1491945',2306,,541,72,,,0
4019,'1491946',1321,,542,72,,,0
4019,'1491947',621,,543,38,,,0
4019,'1497026',906,,684,76,,,0
4019,'1497027',806,,685,76,,,0
4019,'1497028',1706,,686,76,,,0
4019,'1497029',2306,,687,76,,,0
4019,'1497030',1806,,688,76,,,0
4019,'1497031',1506,,689,76,,,0
4019,'1497032',2206,,690,76,,,0
4019,'1497033',1106,,691,76,,,0
4019,'1497034',2006,,692,76,,,0
4019,'1497035',1606,,693,76,,,0
4019,'1497036',1006,,694,76,,,0
4019,'1497037',1906,,695,76,,,0
4019,'1497038',1406,,696,76,,,0
4019,'1497039',706,,697,76,,,0
4019,'1497040',2106,,698,76,,,0
4019,'1497041',1206,,699,76,,,0
4019,'1497042',1306,,700,76,,,0
4019,'1497043',2356,,701,76,,,0
