3019,'1491899',1551,,370,42,,,0
3019,'1491900',1721,,371,42,,,0
3019,'1491901',2036,,372,42,,,0
3019,'1491902',851,,373,42,,,0
3019,'1491903',721,,374,42,,,0
3019,'1491904',1621,,375,42,,,0
3019,'1491905',1151,,376,42,,,0
3019,'1491906',1121,,377,42,,,0
3019,'1491907',751,,378,42,,,0
3019,'1491908',921,,379,42,,,0
3019,'1491909',2236,,380,42,,,0
3019,'1491910',1351,,381,42,,,0
3019,'1491911',1321,,382,42,,,0
3019,'1491912',1451,,383,42,,,0
3019,'1491913',1251,,384,42,,,0
3019,'1491914',2136,,385,42,,,0
3019,'1491915',821,,386,42,,,0
3019,'1491916',1751,,387,42,,,0
3019,'1491917',1421,,388,42,,,0
3019,'1491918',1021,,389,42,,,0
3019,'1491919',1051,,390,42,,,0
3019,'1491920',1221,,391,42,,,0
3019,'1491921',1651,,392,42,,,0
3019,'1491922',951,,393,42,,,0
3019,'1491923',1521,,394,42,,,0
3019,'1491924',1836,,395,42,,,0
3019,'1491925',2333,,396,42,,,0
3019,'1491928',1936,,399,42,,,0
3019,'1492021',651,,400,42,,,0
3019,'1496989',736,,647,41,,,0
3019,'1496991',1436,,649,41,,,0
3019,'1496993',836,,651,41,,,0
3019,'1496994',1136,,652,41,,,0
3019,'1496995',2236,,653,41,,,0
3019,'1496996',1836,,654,41,,,0
3019,'1496999',1336,,657,41,,,0
3019,'1497001',1936,,659,41,,,0
3019,'1497003',1636,,661,41,,,0
3019,'1497004',936,,662,41,,,0
3019,'1497005',1236,,663,41,,,0
3019,'1497009',2136,,667,41,,,0
3019,'1497010',1736,,668,41,,,0
3019,'1497011',1036,,669,41,,,0
3019,'1497015',1536,,673,41,,,0
3019,'1497020',2036,,678,41,,,0
3019,'1497023',2333,,681,41,,,0
3019,'1497024',636,,682,41,,,0
