4019,'1496112',635,,1237,9,,,0
4019,'1496113',1035,,1238,9,,,0
4019,'1496114',835,,1239,9,,,0
4019,'1496115',1635,,1240,9,,,0
4019,'1496116',935,,1241,9,,,0
4019,'1496117',1135,,1242,9,,,0
4019,'1496118',735,,1243,9,,,0
4019,'1496119',1535,,1244,9,,,0
4019,'1496120',1735,,1245,9,,,0
4019,'1496121',1335,,1246,9,,,0
4019,'1496122',1435,,1247,9,,,0
4019,'1496123',1235,,1248,9,,,0
4019,'1496355',635,,1250,9,,,0
4019,'1496356',2319,,1251,9,,,0
4019,'1496357',1035,,1252,9,,,0
4019,'1496358',835,,1253,9,,,0
4019,'1496359',2020,,1254,9,,,0
4019,'1496360',1635,,1255,9,,,0
4019,'1496361',1835,,1256,9,,,0
4019,'1496362',2120,,1257,9,,,0
4019,'1496363',935,,1258,9,,,0
4019,'1496364',1135,,1259,9,,,0
4019,'1496365',1920,,1260,9,,,0
4019,'1496366',735,,1261,9,,,0
4019,'1496367',1535,,1262,9,,,0
4019,'1496368',1735,,1263,9,,,0
4019,'1496369',1335,,1264,9,,,0
4019,'1496370',1435,,1265,9,,,0
4019,'1496371',2220,,1266,9,,,0
4019,'1496372',1235,,1267,9,,,0
4019,'1496435',820,,1269,9,,,0
4019,'1496436',720,,1270,9,,,0
4019,'1496437',1620,,1271,9,,,0
4019,'1496438',2220,,1272,9,,,0
4019,'1496439',1720,,1273,9,,,0
4019,'1496440',1420,,1274,9,,,0
4019,'1496441',2120,,1275,9,,,0
4019,'1496442',1020,,1276,9,,,0
4019,'1496443',1920,,1277,9,,,0
4019,'1496444',1520,,1278,9,,,0
4019,'1496445',920,,1279,9,,,0
4019,'1496446',1820,,1280,9,,,0
4019,'1496447',1320,,1281,9,,,0
4019,'1496448',620,,1282,9,,,0
4019,'1496449',2020,,1283,9,,,0
4019,'1496450',1120,,1284,9,,,0
4019,'1496451',1220,,1285,9,,,0
4019,'1496452',2319,,1286,9,,,0
4019,'1496661',820,,1287,9,,,0
4019,'1496662',720,,1288,9,,,0
4019,'1496663',1620,,1289,9,,,0
4019,'1496664',2220,,1290,9,,,0
4019,'1496665',1720,,1291,9,,,0
4019,'1496666',1420,,1292,9,,,0
4019,'1496667',2120,,1293,9,,,0
4019,'1496668',1020,,1294,9,,,0
4019,'1496669',1920,,1295,9,,,0
4019,'1496670',1520,,1296,9,,,0
4019,'1496671',920,,1297,9,,,0
4019,'1496672',1820,,1298,9,,,0
4019,'1496673',1320,,1299,9,,,0
4019,'1496674',2020,,1300,9,,,0
4019,'1496675',1120,,1301,9,,,0
4019,'1496676',1220,,1302,9,,,0
4019,'1496677',2319,,1303,9,,,0
