1029,'1491948',1449,,124,49,,,0
1029,'1491949',1549,,125,49,,,0
1029,'1491951',1649,,126,49,,,0
1029,'1491953',749,,127,49,,,0
1029,'1491954',2119,,128,49,,,0
1029,'1491958',1049,,129,49,,,0
1029,'1491963',2019,,130,49,,,0
1029,'1491964',919,,131,49,,,0
1029,'1491965',1719,,132,49,,,0
1029,'1491966',1619,,133,49,,,0
1029,'1491970',1819,,134,49,,,0
1029,'1491971',1219,,135,49,,,0
1029,'1491972',1249,,136,49,,,0
1029,'1491973',1419,,137,49,,,0
1029,'1491974',1019,,138,49,,,0
1029,'1491976',719,,139,49,,,0
1029,'1491978',1849,,140,49,,,0
1029,'1491979',1749,,141,49,,,0
1029,'1491983',1349,,142,49,,,0
1029,'1491986',949,,143,49,,,0
1029,'1491987',2219,,144,49,,,0
1029,'1491989',1149,,145,49,,,0
1029,'1491991',2319,,146,49,,,0
1029,'1491993',849,,147,49,,,0
1029,'1491996',819,,148,49,,,0
1029,'1492000',1519,,149,49,,,0
1029,'1492001',1319,,150,49,,,0
1029,'1492003',1119,,151,49,,,0
1029,'1492006',619,,152,4,,,0
1029,'1492008',1919,,153,49,,,0
1029,'1496919',1917,,594,49,,,0
1029,'1496920',2117,,595,49,,,0
1029,'1496925',1817,,596,49,,,0
1029,'1496926',2217,,597,49,,,0
1029,'1496927',1317,,598,49,,,0
1029,'1496929',1117,,599,49,,,0
1029,'1496931',1017,,600,49,,,0
1029,'1496932',2017,,601,49,,,0
1029,'1496934',717,,602,49,,,0
1029,'1496936',2317,,603,49,,,0
1029,'1496937',1517,,604,49,,,0
1029,'1496939',1617,,605,49,,,0
1029,'1496942',817,,606,49,,,0
1029,'1496943',1217,,607,49,,,0
1029,'1496944',917,,608,49,,,0
1029,'1496947',1717,,609,49,,,0
1029,'1496948',1417,,610,49,,,0
3019,'1488507',828,,436,23,0,5,0
3019,'1488508',1028,,437,23,0,5,0
3019,'1488511',2058,,438,23,0,5,0
3019,'1488515',2158,,439,23,0,5,0
3019,'1488516',1058,,440,23,0,5,0
3019,'1488519',1628,,441,23,0,5,0
3019,'1488521',2258,,442,23,0,5,0
3019,'1488522',1428,,443,23,0,5,0
3019,'1488523',1858,,444,23,0,5,0
3019,'1488525',1158,,445,23,0,5,0
3019,'1488526',728,,446,23,0,5,0
3019,'1488529',1958,,447,23,0,5,0
3019,'1488531',658,,448,23,0,5,0
3019,'1488533',1728,,449,23,0,5,0
3019,'1488535',1258,,450,23,0,5,0
3019,'1488537',1758,,451,23,0,5,0
3019,'1488538',958,,452,23,0,5,0
3019,'1488539',1228,,453,23,0,5,0
3019,'1488540',1328,,454,23,0,5,0
3019,'1488542',758,,455,23,0,5,0
3019,'1488546',928,,456,23,0,5,0
3019,'1488547',1558,,457,23,0,5,0
3019,'1488548',1358,,458,23,0,5,0
3019,'1488550',1658,,459,23,0,5,0
3019,'1488551',1128,,460,23,0,5,0
3019,'1488552',1458,,461,23,0,5,0
3019,'1488556',1528,,463,23,0,5,0
3019,'1488560',858,,464,23,0,5,0
3019,'1496990',1658,,648,22,0,5,0
3019,'1496992',2158,,650,22,0,5,0
3019,'1496997',1858,,655,22,0,5,0
3019,'1496998',1358,,656,22,0,5,0
3019,'1497000',1958,,658,22,0,5,0
3019,'1497002',2258,,660,22,0,5,0
3019,'1497006',1758,,664,22,0,5,0
3019,'1497007',658,,665,22,0,5,0
3019,'1497008',858,,666,22,0,5,0
3019,'1497012',958,,670,22,0,5,0
3019,'1497013',1258,,671,22,0,5,0
3019,'1497014',1558,,672,22,0,5,0
3019,'1497016',1058,,674,22,0,5,0
3019,'1497017',1458,,675,22,0,5,0
3019,'1497018',2058,,676,22,0,5,0
3019,'1497019',758,,677,22,0,5,0
3019,'1497021',1158,,679,22,0,5,0
