3019,'1488507',912,,436,86,0,5,0
3019,'1488508',1112,,437,86,0,5,0
3019,'1488511',2142,,438,86,0,5,0
3019,'1488515',2242,,439,86,0,5,0
3019,'1488516',1142,,440,86,0,5,0
3019,'1488519',1712,,441,86,0,5,0
3019,'1488521',2335,,442,86,0,5,0
3019,'1488522',1512,,443,86,0,5,0
3019,'1488523',1942,,444,86,0,5,0
3019,'1488525',1242,,445,86,0,5,0
3019,'1488526',812,,446,86,0,5,0
3019,'1488529',2042,,447,86,0,5,0
3019,'1488531',742,,448,86,0,5,0
3019,'1488533',1812,,449,86,0,5,0
3019,'1488535',1342,,450,86,0,5,0
3019,'1488537',1842,,451,86,0,5,0
3019,'1488538',1042,,452,86,0,5,0
3019,'1488539',1312,,453,86,0,5,0
3019,'1488540',1412,,454,86,0,5,0
3019,'1488542',842,,455,86,0,5,0
3019,'1488546',1012,,456,86,0,5,0
3019,'1488547',1642,,457,86,0,5,0
3019,'1488548',1442,,458,86,0,5,0
3019,'1488550',1742,,459,86,0,5,0
3019,'1488551',1212,,460,86,0,5,0
3019,'1488552',1542,,461,86,0,5,0
3019,'1488553',612,,462,6,0,5,0
3019,'1488556',1612,,463,86,0,5,0
3019,'1488560',942,,464,86,0,5,0
3019,'1488565',642,,465,53,0,5,0
3019,'1496990',1742,,648,84,0,5,0
3019,'1496992',2242,,650,84,0,5,0
3019,'1496997',1942,,655,84,0,5,0
3019,'1496998',1442,,656,84,0,5,0
3019,'1497000',2042,,658,84,0,5,0
3019,'1497002',2335,,660,84,0,5,0
3019,'1497006',1842,,664,84,0,5,0
3019,'1497007',742,,665,84,0,5,0
3019,'1497008',942,,666,84,0,5,0
3019,'1497012',1042,,670,84,0,5,0
3019,'1497013',1342,,671,84,0,5,0
3019,'1497014',1642,,672,84,0,5,0
3019,'1497016',1142,,674,84,0,5,0
3019,'1497017',1542,,675,84,0,5,0
3019,'1497018',2142,,676,84,0,5,0
3019,'1497019',842,,677,84,0,5,0
3019,'1497021',1242,,679,84,0,5,0
3019,'1497025',617,,683,6,0,5,0
