1019,'1491950',702,,37,4,,,0
1019,'1491952',802,,38,4,,,0
1019,'1491955',1532,,39,4,,,0
1019,'1491956',2117,,40,4,,,0
1019,'1491957',1632,,41,4,,,0
1019,'1491959',732,,42,4,,,0
1019,'1491960',1432,,43,4,,,0
1019,'1491961',1232,,44,4,,,0
1019,'1491962',1802,,45,4,,,0
1019,'1491967',1332,,46,4,,,0
1019,'1491968',1917,,47,4,,,0
1019,'1491969',2017,,48,4,,,0
1019,'1491975',1032,,49,4,,,0
1019,'1491977',1302,,50,4,,,0
1019,'1491980',832,,51,4,,,0
1019,'1491981',1132,,52,4,,,0
1019,'1491982',932,,53,4,,,0
1019,'1491984',2317,,54,4,,,0
1019,'1491985',1732,,55,4,,,0
1019,'1491988',1002,,56,4,,,0
1019,'1491990',902,,57,4,,,0
1019,'1491992',2217,,58,4,,,0
1019,'1491994',1402,,59,4,,,0
1019,'1491995',1502,,60,4,,,0
1019,'1491997',632,,61,4,,,0
1019,'1491998',1202,,62,4,,,0
1019,'1491999',1102,,63,4,,,0
1019,'1492002',1702,,64,4,,,0
1019,'1492004',1602,,65,4,,,0
1019,'1492007',1832,,67,4,,,0
1019,'1496918',1317,,576,4,,,0
1019,'1496921',1917,,577,4,,,0
1019,'1496922',717,,578,4,,,0
1019,'1496923',617,,579,4,,,0
1019,'1496924',2017,,580,4,,,0
1019,'1496928',1017,,581,4,,,0
1019,'1496930',1417,,582,4,,,0
1019,'1496933',1617,,583,4,,,0
1019,'1496935',1117,,584,4,,,0
1019,'1496938',2117,,585,4,,,0
1019,'1496940',1517,,586,4,,,0
1019,'1496941',1717,,587,4,,,0
1019,'1496945',917,,588,4,,,0
1019,'1496946',817,,589,4,,,0
1019,'1496949',1217,,590,4,,,0
1019,'1496950',1817,,591,4,,,0
1019,'1496951',2317,,592,4,,,0
1019,'1496952',2217,,593,4,,,0
