1019,'1491950',739,,37,47,,,0
1019,'1491952',839,,38,47,,,0
1019,'1491955',1609,,39,47,,,0
1019,'1491956',2154,,40,47,,,0
1019,'1491957',1709,,41,47,,,0
1019,'1491959',809,,42,47,,,0
1019,'1491960',1509,,43,47,,,0
1019,'1491961',1309,,44,47,,,0
1019,'1491962',1839,,45,47,,,0
1019,'1491967',1409,,46,47,,,0
1019,'1491968',1954,,47,47,,,0
1019,'1491969',2054,,48,47,,,0
1019,'1491975',1109,,49,47,,,0
1019,'1491977',1339,,50,47,,,0
1019,'1491980',909,,51,47,,,0
1019,'1491981',1209,,52,47,,,0
1019,'1491982',1009,,53,47,,,0
1019,'1491984',2346,,54,47,,,0
1019,'1491985',1809,,55,47,,,0
1019,'1491988',1039,,56,47,,,0
1019,'1491990',939,,57,47,,,0
1019,'1491992',2254,,58,47,,,0
1019,'1491994',1439,,59,47,,,0
1019,'1491995',1539,,60,47,,,0
1019,'1491997',709,,61,47,,,0
1019,'1491998',1239,,62,47,,,0
1019,'1491999',1139,,63,47,,,0
1019,'1492002',1739,,64,47,,,0
1019,'1492004',1639,,65,47,,,0
1019,'1492005',609,,66,17,,,0
1019,'1492007',1909,,67,47,,,0
1019,'1496918',1354,,576,48,,,0
1019,'1496921',1954,,577,48,,,0
1019,'1496922',754,,578,48,,,0
1019,'1496923',654,,579,48,,,0
1019,'1496924',2054,,580,48,,,0
1019,'1496928',1054,,581,48,,,0
1019,'1496930',1454,,582,48,,,0
1019,'1496933',1654,,583,48,,,0
1019,'1496935',1154,,584,48,,,0
1019,'1496938',2154,,585,48,,,0
1019,'1496940',1554,,586,48,,,0
1019,'1496941',1754,,587,48,,,0
1019,'1496945',954,,588,48,,,0
1019,'1496946',854,,589,48,,,0
1019,'1496949',1254,,590,48,,,0
1019,'1496950',1854,,591,48,,,0
1019,'1496951',2345,,592,48,,,0
1019,'1496952',2254,,593,48,,,0
