4019,'1491929',649,,525,30,,,0
4019,'1491930',2331,,526,30,,,0
4019,'1491931',1049,,527,30,,,0
4019,'1491932',849,,528,30,,,0
4019,'1491933',2034,,529,30,,,0
4019,'1491934',1649,,530,30,,,0
4019,'1491935',1849,,531,30,,,0
4019,'1491936',2134,,532,30,,,0
4019,'1491937',949,,533,30,,,0
4019,'1491938',1149,,534,30,,,0
4019,'1491939',1934,,535,30,,,0
4019,'1491940',749,,536,30,,,0
4019,'1491941',1549,,537,30,,,0
4019,'1491942',1749,,538,30,,,0
4019,'1491943',1349,,539,30,,,0
4019,'1491944',1449,,540,30,,,0
4019,'1491945',2234,,541,30,,,0
4019,'1491946',1249,,542,30,,,0
4019,'1497026',834,,684,30,,,0
4019,'1497027',734,,685,30,,,0
4019,'1497028',1634,,686,30,,,0
4019,'1497029',2234,,687,30,,,0
4019,'1497030',1734,,688,30,,,0
4019,'1497031',1434,,689,30,,,0
4019,'1497032',2134,,690,30,,,0
4019,'1497033',1034,,691,30,,,0
4019,'1497034',1934,,692,30,,,0
4019,'1497035',1534,,693,30,,,0
4019,'1497036',934,,694,30,,,0
4019,'1497037',1834,,695,30,,,0
4019,'1497038',1334,,696,30,,,0
4019,'1497039',634,,697,30,,,0
4019,'1497040',2034,,698,30,,,0
4019,'1497041',1134,,699,30,,,0
4019,'1497042',1234,,700,30,,,0
4019,'1497043',2331,,701,30,,,0
