2019,'1496174',1305,,878,97,,,0
2019,'1496175',1435,,879,97,,,0
2019,'1496179',1405,,880,97,,,0
2019,'1496181',1535,,881,97,,,0
2019,'1496183',1035,,882,97,,,0
2019,'1496184',1605,,883,97,,,0
2019,'1496185',1005,,884,97,,,0
2019,'1496187',1205,,885,97,,,0
2019,'1496188',935,,886,97,,,0
2019,'1496189',905,,887,97,,,0
2019,'1496191',1105,,888,97,,,0
2019,'1496194',1635,,889,97,,,0
2019,'1496198',805,,890,97,,,0
2019,'1496200',1805,,891,97,,,0
2019,'1496204',1505,,892,97,,,0
2019,'1496206',1135,,893,97,,,0
2019,'1496208',1235,,894,97,,,0
2019,'1496209',1705,,895,97,,,0
2019,'1496210',1835,,896,97,,,0
2019,'1496211',1735,,897,97,,,0
2019,'1496215',835,,898,97,,,0
2019,'1496216',1335,,899,97,,,0
2019,'1496218',735,,900,97,,,0
2019,'1496219',605,,901,11,,,0
2019,'1496220',635,,902,65,,,0
2019,'1496223',2320,,903,97,,,0
2019,'1496224',1305,,904,97,,,0
2019,'1496225',1435,,905,97,,,0
2019,'1496227',2220,,906,97,,,0
2019,'1496228',1920,,907,97,,,0
2019,'1496232',1405,,908,97,,,0
2019,'1496234',1535,,909,97,,,0
2019,'1496236',1035,,910,97,,,0
2019,'1496237',1605,,911,97,,,0
2019,'1496238',1005,,912,97,,,0
2019,'1496240',1205,,913,97,,,0
2019,'1496242',935,,914,97,,,0
2019,'1496243',905,,915,97,,,0
2019,'1496245',1105,,916,97,,,0
2019,'1496248',1635,,917,97,,,0
2019,'1496253',2120,,918,97,,,0
2019,'1496255',805,,919,97,,,0
2019,'1496257',1805,,920,97,,,0
2019,'1496262',1505,,922,97,,,0
2019,'1496264',1135,,923,97,,,0
2019,'1496266',1235,,924,97,,,0
2019,'1496267',1705,,925,97,,,0
2019,'1496268',1835,,926,97,,,0
2019,'1496269',1735,,927,97,,,0
2019,'1496274',835,,928,97,,,0
2019,'1496275',1335,,929,97,,,0
2019,'1496277',735,,930,97,,,0
2019,'1496278',605,,931,11,,,0
2019,'1496279',635,,932,75,,,0
2019,'1496280',2020,,933,97,,,0
2019,'1496490',1820,,934,97,,,0
2019,'1496491',2220,,935,97,,,0
2019,'1496492',1420,,936,97,,,0
2019,'1496494',1220,,937,97,,,0
2019,'1496495',1520,,938,97,,,0
2019,'1496498',2120,,939,97,,,0
2019,'1496499',820,,940,97,,,0
2019,'1496505',1320,,941,97,,,0
2019,'1496507',2320,,942,97,,,0
2019,'1496510',1620,,943,97,,,0
2019,'1496511',1920,,944,97,,,0
2019,'1496512',1120,,945,97,,,0
2019,'1496516',1020,,946,97,,,0
2019,'1496518',920,,947,97,,,0
2019,'1496520',1720,,948,97,,,0
2019,'1496521',2020,,949,97,,,0
2019,'1496523',720,,950,97,,,0
2019,'1496524',650,,951,65,,,0
2019,'1496594',1820,,953,97,,,0
2019,'1496595',2220,,954,97,,,0
2019,'1496596',1420,,955,97,,,0
2019,'1496598',1220,,956,97,,,0
2019,'1496599',1520,,957,97,,,0
2019,'1496602',2120,,958,97,,,0
2019,'1496603',820,,959,97,,,0
2019,'1496609',1320,,960,97,,,0
2019,'1496613',1620,,961,97,,,0
2019,'1496614',1920,,962,97,,,0
2019,'1496615',1120,,963,97,,,0
2019,'1496619',1020,,964,97,,,0
2019,'1496621',920,,965,97,,,0
2019,'1496623',1720,,966,97,,,0
2019,'1496624',2020,,967,97,,,0
2019,'1496625',750,,968,65,,,0
