1029,'1491948',1459,,124,56,,,0
1029,'1491949',1559,,125,56,,,0
1029,'1491951',1659,,126,56,,,0
1029,'1491953',759,,127,56,,,0
1029,'1491954',2129,,128,56,,,0
1029,'1491958',1059,,129,56,,,0
1029,'1491963',2029,,130,56,,,0
1029,'1491964',929,,131,56,,,0
1029,'1491965',1729,,132,56,,,0
1029,'1491966',1629,,133,56,,,0
1029,'1491970',1829,,134,56,,,0
1029,'1491971',1229,,135,56,,,0
1029,'1491972',1259,,136,56,,,0
1029,'1491973',1429,,137,56,,,0
1029,'1491974',1029,,138,56,,,0
1029,'1491976',729,,139,56,,,0
1029,'1491978',1859,,140,56,,,0
1029,'1491979',1759,,141,56,,,0
1029,'1491983',1359,,142,56,,,0
1029,'1491986',959,,143,56,,,0
1029,'1491987',2229,,144,56,,,0
1029,'1491989',1159,,145,56,,,0
1029,'1491991',2329,,146,56,,,0
1029,'1491993',859,,147,56,,,0
1029,'1491996',829,,148,56,,,0
1029,'1492000',1529,,149,56,,,0
1029,'1492001',1329,,150,56,,,0
1029,'1492003',1129,,151,56,,,0
1029,'1492006',629,,152,11,,,0
1029,'1492008',1929,,153,56,,,0
1029,'1496919',1928,,594,56,,,0
1029,'1496920',2128,,595,56,,,0
1029,'1496925',1828,,596,56,,,0
1029,'1496926',2228,,597,56,,,0
1029,'1496927',1328,,598,56,,,0
1029,'1496929',1128,,599,56,,,0
1029,'1496931',1028,,600,56,,,0
1029,'1496932',2028,,601,56,,,0
1029,'1496934',728,,602,56,,,0
1029,'1496936',2328,,603,56,,,0
1029,'1496937',1528,,604,56,,,0
1029,'1496939',1628,,605,56,,,0
1029,'1496942',828,,606,56,,,0
1029,'1496943',1228,,607,56,,,0
1029,'1496944',928,,608,56,,,0
1029,'1496947',1728,,609,56,,,0
1029,'1496948',1428,,610,56,,,0
