2029,'1496221',625,,971,31,,,0
2029,'1496281',625,,972,31,,,0
2029,'1497044',926,,973,68,,,0
2029,'1497045',1426,,974,68,,,0
2029,'1497046',1226,,975,68,,,0
2029,'1497047',1256,,976,68,,,0
2029,'1497048',1556,,977,68,,,0
2029,'1497049',956,,978,68,,,0
2029,'1497050',826,,979,68,,,0
2029,'1497051',1626,,980,68,,,0
2029,'1497052',1456,,981,68,,,0
2029,'1497053',1056,,982,68,,,0
2029,'1497054',726,,983,68,,,0
2029,'1497055',1326,,984,68,,,0
2029,'1497056',1656,,985,68,,,0
2029,'1497057',1526,,986,68,,,0
2029,'1497058',1356,,987,68,,,0
2029,'1497059',756,,988,68,,,0
2029,'1497060',1726,,989,68,,,0
2029,'1497061',1026,,990,68,,,0
2029,'1497062',856,,991,68,,,0
2029,'1497063',1156,,992,68,,,0
2029,'1497064',1126,,993,68,,,0
2029,'1497065',1756,,994,68,,,0
2029,'1497066',2026,,995,68,,,0
2029,'1497067',926,,996,68,,,0
2029,'1497068',1426,,997,68,,,0
2029,'1497069',1226,,998,68,,,0
2029,'1497070',1826,,999,68,,,0
2029,'1497071',1256,,1000,68,,,0
2029,'1497072',1556,,1001,68,,,0
2029,'1497073',956,,1002,68,,,0
2029,'1497074',2226,,1003,68,,,0
2029,'1497075',826,,1004,68,,,0
2029,'1497076',1626,,1005,68,,,0
2029,'1497077',1456,,1006,68,,,0
2029,'1497078',2323,,1007,68,,,0
2029,'1497079',1056,,1008,68,,,0
2029,'1497080',726,,1009,68,,,0
2029,'1497081',1326,,1010,68,,,0
2029,'1497082',1926,,1011,68,,,0
2029,'1497083',1656,,1012,68,,,0
2029,'1497084',1526,,1013,68,,,0
2029,'1497085',1356,,1014,68,,,0
2029,'1497086',756,,1015,68,,,0
2029,'1497087',1726,,1016,68,,,0
2029,'1497088',1026,,1017,68,,,0
2029,'1497089',856,,1018,68,,,0
2029,'1497090',2126,,1019,68,,,0
2029,'1497091',1156,,1020,68,,,0
2029,'1497092',1126,,1021,68,,,0
2029,'1497093',1756,,1022,68,,,0
2029,'1497094',1726,,1023,68,,,0
2029,'1497095',1126,,1024,68,,,0
2029,'1497096',2226,,1025,68,,,0
2029,'1497097',2323,,1026,68,,,0
2029,'1497098',1026,,1027,68,,,0
2029,'1497099',2026,,1028,68,,,0
2029,'1497100',926,,1029,68,,,0
2029,'1497101',1526,,1030,68,,,0
2029,'1497102',2126,,1031,68,,,0
2029,'1497103',1826,,1032,68,,,0
2029,'1497104',1226,,1033,68,,,0
2029,'1497105',1426,,1034,68,,,0
2029,'1497106',826,,1035,68,,,0
2029,'1497107',1326,,1036,68,,,0
2029,'1497108',1926,,1037,68,,,0
2029,'1497109',1626,,1038,68,,,0
2029,'1497110',726,,1039,68,,,0
2029,'1497111',1726,,1040,68,,,0
2029,'1497112',1126,,1041,68,,,0
2029,'1497113',2226,,1042,68,,,0
2029,'1497114',2323,,1043,68,,,0
2029,'1497115',1026,,1044,68,,,0
2029,'1497116',2026,,1045,68,,,0
2029,'1497117',926,,1046,68,,,0
2029,'1497118',1526,,1047,68,,,0
2029,'1497119',2126,,1048,68,,,0
2029,'1497120',1826,,1049,68,,,0
2029,'1497121',1226,,1050,68,,,0
2029,'1497122',1426,,1051,68,,,0
2029,'1497123',826,,1052,68,,,0
2029,'1497124',1326,,1053,68,,,0
2029,'1497125',1926,,1054,68,,,0
2029,'1497126',1626,,1055,68,,,0
4019,'1496112',717,,1237,69,,,0
4019,'1496113',1117,,1238,69,,,0
4019,'1496114',917,,1239,69,,,0
4019,'1496115',1717,,1240,69,,,0
4019,'1496116',1017,,1241,69,,,0
4019,'1496117',1217,,1242,69,,,0
4019,'1496118',817,,1243,69,,,0
4019,'1496119',1617,,1244,69,,,0
4019,'1496120',1817,,1245,69,,,0
4019,'1496121',1417,,1246,69,,,0
4019,'1496122',1517,,1247,69,,,0
4019,'1496123',1317,,1248,69,,,0
4019,'1496124',617,,1249,35,,,0
4019,'1496355',717,,1250,69,,,0
4019,'1496356',2352,,1251,69,,,0
4019,'1496357',1117,,1252,69,,,0
4019,'1496358',917,,1253,69,,,0
4019,'1496359',2102,,1254,69,,,0
4019,'1496360',1717,,1255,69,,,0
4019,'1496361',1917,,1256,69,,,0
4019,'1496362',2202,,1257,69,,,0
4019,'1496363',1017,,1258,69,,,0
4019,'1496364',1217,,1259,69,,,0
4019,'1496365',2002,,1260,69,,,0
4019,'1496366',817,,1261,69,,,0
4019,'1496367',1617,,1262,69,,,0
4019,'1496368',1817,,1263,69,,,0
4019,'1496369',1417,,1264,69,,,0
4019,'1496370',1517,,1265,69,,,0
4019,'1496371',2302,,1266,69,,,0
4019,'1496372',1317,,1267,69,,,0
4019,'1496373',617,,1268,35,,,0
4019,'1496435',902,,1269,69,,,0
4019,'1496436',802,,1270,69,,,0
4019,'1496437',1702,,1271,69,,,0
4019,'1496438',2302,,1272,69,,,0
4019,'1496439',1802,,1273,69,,,0
4019,'1496440',1502,,1274,69,,,0
4019,'1496441',2202,,1275,69,,,0
4019,'1496442',1102,,1276,69,,,0
4019,'1496443',2002,,1277,69,,,0
4019,'1496444',1602,,1278,69,,,0
4019,'1496445',1002,,1279,69,,,0
4019,'1496446',1902,,1280,69,,,0
4019,'1496447',1402,,1281,69,,,0
4019,'1496448',702,,1282,69,,,0
4019,'1496449',2102,,1283,69,,,0
4019,'1496450',1202,,1284,69,,,0
4019,'1496451',1302,,1285,69,,,0
4019,'1496452',2352,,1286,69,,,0
4019,'1496661',902,,1287,69,,,0
4019,'1496662',802,,1288,69,,,0
4019,'1496663',1702,,1289,69,,,0
4019,'1496664',2302,,1290,69,,,0
4019,'1496665',1802,,1291,69,,,0
4019,'1496666',1502,,1292,69,,,0
4019,'1496667',2202,,1293,69,,,0
4019,'1496668',1102,,1294,69,,,0
4019,'1496669',2002,,1295,69,,,0
4019,'1496670',1602,,1296,69,,,0
4019,'1496671',1002,,1297,69,,,0
4019,'1496672',1902,,1298,69,,,0
4019,'1496673',1402,,1299,69,,,0
4019,'1496674',2102,,1300,69,,,0
4019,'1496675',1202,,1301,69,,,0
4019,'1496676',1302,,1302,69,,,0
4019,'1496677',2352,,1303,69,,,0
