3019,'1488507',822,,436,12,0,5,0
3019,'1488508',1022,,437,12,0,5,0
3019,'1488511',2052,,438,12,0,5,0
3019,'1488515',2152,,439,12,0,5,0
3019,'1488516',1052,,440,12,0,5,0
3019,'1488519',1622,,441,12,0,5,0
3019,'1488521',2252,,442,12,0,5,0
3019,'1488522',1422,,443,12,0,5,0
3019,'1488523',1852,,444,12,0,5,0
3019,'1488525',1152,,445,12,0,5,0
3019,'1488526',722,,446,12,0,5,0
3019,'1488529',1952,,447,12,0,5,0
3019,'1488531',652,,448,12,0,5,0
3019,'1488533',1722,,449,12,0,5,0
3019,'1488535',1252,,450,12,0,5,0
3019,'1488537',1752,,451,12,0,5,0
3019,'1488538',952,,452,12,0,5,0
3019,'1488539',1222,,453,12,0,5,0
3019,'1488540',1322,,454,12,0,5,0
3019,'1488542',752,,455,12,0,5,0
3019,'1488546',922,,456,12,0,5,0
3019,'1488547',1552,,457,12,0,5,0
3019,'1488548',1352,,458,12,0,5,0
3019,'1488550',1652,,459,12,0,5,0
3019,'1488551',1122,,460,12,0,5,0
3019,'1488552',1452,,461,12,0,5,0
3019,'1488556',1522,,463,12,0,5,0
3019,'1488560',852,,464,12,0,5,0
