1029,'1496065',1422,,792,13,,,0
1029,'1496066',1522,,793,13,,,0
1029,'1496068',1622,,794,13,,,0
1029,'1496070',722,,795,13,,,0
1029,'1496073',1022,,796,13,,,0
1029,'1496077',852,,797,13,,,0
1029,'1496078',1652,,798,13,,,0
1029,'1496079',1552,,799,13,,,0
1029,'1496081',1152,,800,13,,,0
1029,'1496082',1222,,801,13,,,0
1029,'1496083',1352,,802,13,,,0
1029,'1496084',952,,803,13,,,0
1029,'1496086',652,,804,13,,,0
1029,'1496088',1722,,805,13,,,0
1029,'1496092',1322,,806,13,,,0
1029,'1496094',922,,807,13,,,0
1029,'1496096',1122,,808,13,,,0
1029,'1496098',822,,809,13,,,0
1029,'1496101',752,,810,13,,,0
1029,'1496105',1452,,811,13,,,0
1029,'1496106',1252,,812,13,,,0
1029,'1496108',1052,,813,13,,,0
1029,'1496294',1422,,815,13,,,0
1029,'1496295',1522,,816,13,,,0
1029,'1496297',1622,,817,13,,,0
1029,'1496299',722,,818,13,,,0
1029,'1496300',2052,,819,13,,,0
1029,'1496304',1022,,820,13,,,0
1029,'1496309',1952,,821,13,,,0
1029,'1496310',852,,822,13,,,0
1029,'1496311',1652,,823,13,,,0
1029,'1496312',1552,,824,13,,,0
1029,'1496316',1752,,825,13,,,0
1029,'1496317',1152,,826,13,,,0
1029,'1496318',1222,,827,13,,,0
1029,'1496319',1352,,828,13,,,0
1029,'1496320',952,,829,13,,,0
1029,'1496322',652,,830,13,,,0
1029,'1496324',1822,,831,13,,,0
1029,'1496325',1722,,832,13,,,0
1029,'1496329',1322,,833,13,,,0
1029,'1496332',922,,834,13,,,0
1029,'1496333',2152,,835,13,,,0
1029,'1496335',1122,,836,13,,,0
1029,'1496337',2252,,837,13,,,0
1029,'1496339',822,,838,13,,,0
1029,'1496342',752,,839,13,,,0
1029,'1496346',1452,,840,13,,,0
1029,'1496347',1252,,841,13,,,0
1029,'1496349',1052,,842,13,,,0
1029,'1496354',1852,,844,13,,,0
1029,'1496527',1852,,845,13,,,0
1029,'1496528',2052,,846,13,,,0
1029,'1496533',1752,,847,13,,,0
1029,'1496534',2152,,848,13,,,0
1029,'1496535',1252,,849,13,,,0
1029,'1496537',1052,,850,13,,,0
1029,'1496539',952,,851,13,,,0
1029,'1496540',1952,,852,13,,,0
1029,'1496542',652,,853,13,,,0
1029,'1496544',2252,,854,13,,,0
1029,'1496545',1452,,855,13,,,0
1029,'1496547',1552,,856,13,,,0
1029,'1496550',752,,857,13,,,0
1029,'1496551',1152,,858,13,,,0
1029,'1496552',852,,859,13,,,0
1029,'1496555',1652,,860,13,,,0
1029,'1496556',1352,,861,13,,,0
1029,'1496562',1852,,862,13,,,0
1029,'1496563',2052,,863,13,,,0
1029,'1496567',1752,,864,13,,,0
1029,'1496568',2152,,865,13,,,0
1029,'1496569',1252,,866,13,,,0
1029,'1496571',1052,,867,13,,,0
1029,'1496573',952,,868,13,,,0
1029,'1496574',1952,,869,13,,,0
1029,'1496577',2252,,870,13,,,0
1029,'1496578',1452,,871,13,,,0
1029,'1496580',1552,,872,13,,,0
1029,'1496583',752,,873,13,,,0
1029,'1496584',1152,,874,13,,,0
1029,'1496585',852,,875,13,,,0
1029,'1496588',1652,,876,13,,,0
1029,'1496589',1352,,877,13,,,0
