4019,'1491929',710,,525,59,,,0
4019,'1491930',2346,,526,59,,,0
4019,'1491931',1110,,527,59,,,0
4019,'1491932',910,,528,59,,,0
4019,'1491933',2055,,529,59,,,0
4019,'1491934',1710,,530,59,,,0
4019,'1491935',1910,,531,59,,,0
4019,'1491936',2155,,532,59,,,0
4019,'1491937',1010,,533,59,,,0
4019,'1491938',1210,,534,59,,,0
4019,'1491939',1955,,535,59,,,0
4019,'1491940',810,,536,59,,,0
4019,'1491941',1610,,537,59,,,0
4019,'1491942',1810,,538,59,,,0
4019,'1491943',1410,,539,59,,,0
4019,'1491944',1510,,540,59,,,0
4019,'1491945',2255,,541,59,,,0
4019,'1491946',1310,,542,59,,,0
4019,'1491947',610,,543,25,,,0
4019,'1497026',855,,684,64,,,0
4019,'1497027',755,,685,64,,,0
4019,'1497028',1655,,686,64,,,0
4019,'1497029',2255,,687,64,,,0
4019,'1497030',1755,,688,64,,,0
4019,'1497031',1455,,689,64,,,0
4019,'1497032',2155,,690,64,,,0
4019,'1497033',1055,,691,64,,,0
4019,'1497034',1955,,692,64,,,0
4019,'1497035',1555,,693,64,,,0
4019,'1497036',955,,694,64,,,0
4019,'1497037',1855,,695,64,,,0
4019,'1497038',1355,,696,64,,,0
4019,'1497039',655,,697,64,,,0
4019,'1497040',2055,,698,64,,,0
4019,'1497041',1155,,699,64,,,0
4019,'1497042',1255,,700,64,,,0
4019,'1497043',2348,,701,64,,,0
