3019,'1488507',838,,436,36,0,5,0
3019,'1488508',1038,,437,36,0,5,0
3019,'1488511',2108,,438,36,0,5,0
3019,'1488515',2208,,439,36,0,5,0
3019,'1488516',1108,,440,36,0,5,0
3019,'1488519',1638,,441,36,0,5,0
3019,'1488521',2307,,442,36,0,5,0
3019,'1488522',1438,,443,36,0,5,0
3019,'1488523',1908,,444,36,0,5,0
3019,'1488525',1208,,445,36,0,5,0
3019,'1488526',738,,446,36,0,5,0
3019,'1488529',2008,,447,36,0,5,0
3019,'1488531',708,,448,36,0,5,0
3019,'1488533',1738,,449,36,0,5,0
3019,'1488535',1308,,450,36,0,5,0
3019,'1488537',1808,,451,36,0,5,0
3019,'1488538',1008,,452,36,0,5,0
3019,'1488539',1238,,453,36,0,5,0
3019,'1488540',1338,,454,36,0,5,0
3019,'1488542',808,,455,36,0,5,0
3019,'1488546',938,,456,36,0,5,0
3019,'1488547',1608,,457,36,0,5,0
3019,'1488548',1408,,458,36,0,5,0
3019,'1488550',1708,,459,36,0,5,0
3019,'1488551',1138,,460,36,0,5,0
3019,'1488552',1508,,461,36,0,5,0
3019,'1488556',1538,,463,36,0,5,0
3019,'1488560',908,,464,36,0,5,0
3019,'1488565',608,,465,3,0,5,0
3019,'1491899',1627,,370,94,,,0
3019,'1491900',1757,,371,94,,,0
3019,'1491901',2112,,372,94,,,0
3019,'1491902',927,,373,94,,,0
3019,'1491903',757,,374,94,,,0
3019,'1491904',1657,,375,94,,,0
3019,'1491905',1227,,376,94,,,0
3019,'1491906',1157,,377,94,,,0
3019,'1491907',827,,378,94,,,0
3019,'1491908',957,,379,94,,,0
3019,'1491909',2312,,380,94,,,0
3019,'1491910',1427,,381,94,,,0
3019,'1491911',1357,,382,94,,,0
3019,'1491912',1527,,383,94,,,0
3019,'1491913',1327,,384,94,,,0
3019,'1491914',2212,,385,94,,,0
3019,'1491915',857,,386,94,,,0
3019,'1491916',1827,,387,94,,,0
3019,'1491917',1457,,388,94,,,0
3019,'1491918',1057,,389,94,,,0
3019,'1491919',1127,,390,94,,,0
3019,'1491920',1257,,391,94,,,0
3019,'1491921',1727,,392,94,,,0
3019,'1491922',1027,,393,94,,,0
3019,'1491923',1557,,394,94,,,0
3019,'1491924',1912,,395,94,,,0
3019,'1491926',557,,397,3,,,0
3019,'1491927',627,,398,37,,,0
3019,'1491928',2012,,399,94,,,0
3019,'1492021',727,,400,94,,,0
3019,'1496989',812,,647,93,,,0
3019,'1496990',1708,,648,34,0,5,0
3019,'1496991',1512,,649,93,,,0
3019,'1496992',2208,,650,34,0,5,0
3019,'1496993',912,,651,93,,,0
3019,'1496994',1212,,652,93,,,0
3019,'1496995',2312,,653,93,,,0
3019,'1496996',1912,,654,93,,,0
3019,'1496997',1908,,655,34,0,5,0
3019,'1496998',1408,,656,34,0,5,0
3019,'1496999',1412,,657,93,,,0
3019,'1497000',2008,,658,34,0,5,0
3019,'1497001',2012,,659,93,,,0
3019,'1497002',2307,,660,34,0,5,0
3019,'1497003',1712,,661,93,,,0
3019,'1497004',1012,,662,93,,,0
3019,'1497005',1312,,663,93,,,0
3019,'1497006',1808,,664,34,0,5,0
3019,'1497007',708,,665,34,0,5,0
3019,'1497008',908,,666,34,0,5,0
3019,'1497009',2212,,667,93,,,0
3019,'1497010',1812,,668,93,,,0
3019,'1497011',1112,,669,93,,,0
3019,'1497012',1008,,670,34,0,5,0
3019,'1497013',1308,,671,34,0,5,0
3019,'1497014',1608,,672,34,0,5,0
3019,'1497015',1612,,673,93,,,0
3019,'1497016',1108,,674,34,0,5,0
3019,'1497017',1508,,675,34,0,5,0
3019,'1497018',2108,,676,34,0,5,0
3019,'1497019',808,,677,34,0,5,0
3019,'1497020',2112,,678,93,,,0
3019,'1497021',1208,,679,34,0,5,0
3019,'1497022',642,,680,37,,,0
3019,'1497024',712,,682,93,,,0
