2019,'1496174',1226,,878,39,,,0
2019,'1496175',1356,,879,39,,,0
2019,'1496179',1326,,880,39,,,0
2019,'1496181',1456,,881,39,,,0
2019,'1496183',956,,882,39,,,0
2019,'1496184',1526,,883,39,,,0
2019,'1496185',926,,884,39,,,0
2019,'1496187',1126,,885,39,,,0
2019,'1496188',856,,886,39,,,0
2019,'1496189',826,,887,39,,,0
2019,'1496191',1026,,888,39,,,0
2019,'1496194',1556,,889,39,,,0
2019,'1496198',726,,890,39,,,0
2019,'1496200',1726,,891,39,,,0
2019,'1496204',1426,,892,39,,,0
2019,'1496206',1056,,893,39,,,0
2019,'1496208',1156,,894,39,,,0
2019,'1496209',1626,,895,39,,,0
2019,'1496210',1756,,896,39,,,0
2019,'1496211',1656,,897,39,,,0
2019,'1496215',756,,898,39,,,0
2019,'1496216',1256,,899,39,,,0
2019,'1496218',656,,900,39,,,0
2019,'1496220',556,,902,7,,,0
2019,'1496223',2241,,903,39,,,0
2019,'1496224',1226,,904,39,,,0
2019,'1496225',1356,,905,39,,,0
2019,'1496227',2141,,906,39,,,0
2019,'1496228',1841,,907,39,,,0
2019,'1496232',1326,,908,39,,,0
2019,'1496234',1456,,909,39,,,0
2019,'1496236',956,,910,39,,,0
2019,'1496237',1526,,911,39,,,0
2019,'1496238',926,,912,39,,,0
2019,'1496240',1126,,913,39,,,0
2019,'1496242',856,,914,39,,,0
2019,'1496243',826,,915,39,,,0
2019,'1496245',1026,,916,39,,,0
2019,'1496248',1556,,917,39,,,0
2019,'1496253',2041,,918,39,,,0
2019,'1496255',726,,919,39,,,0
2019,'1496257',1726,,920,39,,,0
2019,'1496258',2340,,921,39,,,0
2019,'1496262',1426,,922,39,,,0
2019,'1496264',1056,,923,39,,,0
2019,'1496266',1156,,924,39,,,0
2019,'1496267',1626,,925,39,,,0
2019,'1496268',1756,,926,39,,,0
2019,'1496269',1656,,927,39,,,0
2019,'1496274',756,,928,39,,,0
2019,'1496275',1256,,929,39,,,0
2019,'1496277',656,,930,39,,,0
2019,'1496279',556,,932,17,,,0
2019,'1496280',1941,,933,39,,,0
2019,'1496490',1741,,934,39,,,0
2019,'1496491',2141,,935,39,,,0
2019,'1496492',1341,,936,39,,,0
2019,'1496494',1141,,937,39,,,0
2019,'1496495',1441,,938,39,,,0
2019,'1496498',2041,,939,39,,,0
2019,'1496499',741,,940,39,,,0
2019,'1496505',1241,,941,39,,,0
2019,'1496507',2241,,942,39,,,0
2019,'1496510',1541,,943,39,,,0
2019,'1496511',1841,,944,39,,,0
2019,'1496512',1041,,945,39,,,0
2019,'1496516',941,,946,39,,,0
2019,'1496518',841,,947,39,,,0
2019,'1496520',1641,,948,39,,,0
2019,'1496521',1941,,949,39,,,0
2019,'1496523',641,,950,39,,,0
2019,'1496524',611,,951,7,,,0
2019,'1496525',2340,,952,39,,,0
2019,'1496594',1741,,953,39,,,0
2019,'1496595',2141,,954,39,,,0
2019,'1496596',1341,,955,39,,,0
2019,'1496598',1141,,956,39,,,0
2019,'1496599',1441,,957,39,,,0
2019,'1496602',2041,,958,39,,,0
2019,'1496603',741,,959,39,,,0
2019,'1496609',1241,,960,39,,,0
2019,'1496613',1541,,961,39,,,0
2019,'1496614',1841,,962,39,,,0
2019,'1496615',1041,,963,39,,,0
2019,'1496619',941,,964,39,,,0
2019,'1496621',841,,965,39,,,0
2019,'1496623',1641,,966,39,,,0
2019,'1496624',1941,,967,39,,,0
2019,'1496625',711,,968,7,,,0
2019,'1496626',2340,,969,39,,,0
