1029,'1491948',1502,,124,60,,,0
1029,'1491949',1602,,125,60,,,0
1029,'1491951',1702,,126,60,,,0
1029,'1491953',802,,127,60,,,0
1029,'1491954',2132,,128,60,,,0
1029,'1491958',1102,,129,60,,,0
1029,'1491963',2032,,130,60,,,0
1029,'1491964',932,,131,60,,,0
1029,'1491965',1732,,132,60,,,0
1029,'1491966',1632,,133,60,,,0
1029,'1491970',1832,,134,60,,,0
1029,'1491971',1232,,135,60,,,0
1029,'1491972',1302,,136,60,,,0
1029,'1491973',1432,,137,60,,,0
1029,'1491974',1032,,138,60,,,0
1029,'1491976',732,,139,60,,,0
1029,'1491978',1902,,140,60,,,0
1029,'1491979',1802,,141,60,,,0
1029,'1491983',1402,,142,60,,,0
1029,'1491986',1002,,143,60,,,0
1029,'1491987',2232,,144,60,,,0
1029,'1491989',1202,,145,60,,,0
1029,'1491991',2332,,146,60,,,0
1029,'1491993',902,,147,60,,,0
1029,'1491996',832,,148,60,,,0
1029,'1492000',1532,,149,60,,,0
1029,'1492001',1332,,150,60,,,0
1029,'1492003',1132,,151,60,,,0
1029,'1492006',632,,152,15,,,0
1029,'1492008',1932,,153,60,,,0
1029,'1496919',1932,,594,60,,,0
1029,'1496920',2132,,595,60,,,0
1029,'1496925',1832,,596,60,,,0
1029,'1496926',2232,,597,60,,,0
1029,'1496927',1332,,598,60,,,0
1029,'1496929',1132,,599,60,,,0
1029,'1496931',1032,,600,60,,,0
1029,'1496932',2032,,601,60,,,0
1029,'1496934',732,,602,60,,,0
1029,'1496936',2332,,603,60,,,0
1029,'1496937',1532,,604,60,,,0
1029,'1496939',1632,,605,60,,,0
1029,'1496942',832,,606,60,,,0
1029,'1496943',1232,,607,60,,,0
1029,'1496944',932,,608,60,,,0
1029,'1496947',1732,,609,60,,,0
1029,'1496948',1432,,610,60,,,0
