1019,'1496067',742,,702,50,,,0
1019,'1496069',842,,703,50,,,0
1019,'1496071',1612,,704,50,,,0
1019,'1496072',1712,,705,50,,,0
1019,'1496074',812,,706,50,,,0
1019,'1496075',1512,,707,50,,,0
1019,'1496076',1312,,708,50,,,0
1019,'1496080',1412,,709,50,,,0
1019,'1496085',1112,,710,50,,,0
1019,'1496087',1342,,711,50,,,0
1019,'1496089',912,,712,50,,,0
1019,'1496090',1212,,713,50,,,0
1019,'1496091',1012,,714,50,,,0
1019,'1496093',1812,,715,50,,,0
1019,'1496095',1042,,716,50,,,0
1019,'1496097',942,,717,50,,,0
1019,'1496099',1442,,718,50,,,0
1019,'1496100',1542,,719,50,,,0
1019,'1496102',712,,720,50,,,0
1019,'1496103',1242,,721,50,,,0
1019,'1496104',1142,,722,50,,,0
1019,'1496107',1742,,723,50,,,0
1019,'1496109',1642,,724,50,,,0
1019,'1496110',612,,725,19,,,0
1019,'1496296',742,,726,50,,,0
1019,'1496298',842,,727,50,,,0
1019,'1496301',1612,,728,50,,,0
1019,'1496302',2157,,729,50,,,0
1019,'1496303',1712,,730,50,,,0
1019,'1496305',812,,731,50,,,0
1019,'1496306',1512,,732,50,,,0
1019,'1496307',1312,,733,50,,,0
1019,'1496308',1842,,734,50,,,0
1019,'1496313',1412,,735,50,,,0
1019,'1496314',1957,,736,50,,,0
1019,'1496315',2057,,737,50,,,0
1019,'1496321',1112,,738,50,,,0
1019,'1496323',1342,,739,50,,,0
1019,'1496326',912,,740,50,,,0
1019,'1496327',1212,,741,50,,,0
1019,'1496328',1012,,742,50,,,0
1019,'1496330',2349,,743,50,,,0
1019,'1496331',1812,,744,50,,,0
1019,'1496334',1042,,745,50,,,0
1019,'1496336',942,,746,50,,,0
1019,'1496338',2257,,747,50,,,0
1019,'1496340',1442,,748,50,,,0
1019,'1496341',1542,,749,50,,,0
1019,'1496343',712,,750,50,,,0
1019,'1496344',1242,,751,50,,,0
1019,'1496345',1142,,752,50,,,0
1019,'1496348',1742,,753,50,,,0
1019,'1496350',1642,,754,50,,,0
1019,'1496351',612,,755,19,,,0
1019,'1496353',1912,,756,50,,,0
1019,'1496526',1357,,757,50,,,0
1019,'1496529',1957,,758,50,,,0
1019,'1496530',757,,759,50,,,0
1019,'1496531',657,,760,50,,,0
1019,'1496532',2057,,761,50,,,0
1019,'1496536',1057,,762,50,,,0
1019,'1496538',1457,,763,50,,,0
1019,'1496541',1657,,764,50,,,0
1019,'1496543',1157,,765,50,,,0
1019,'1496546',2157,,766,50,,,0
1019,'1496548',1557,,767,50,,,0
1019,'1496549',1757,,768,50,,,0
1019,'1496553',957,,769,50,,,0
1019,'1496554',857,,770,50,,,0
1019,'1496557',1257,,771,50,,,0
1019,'1496558',1857,,772,50,,,0
1019,'1496559',2347,,773,50,,,0
1019,'1496560',2257,,774,50,,,0
1019,'1496561',1357,,775,50,,,0
1019,'1496564',1957,,776,50,,,0
1019,'1496565',757,,777,50,,,0
1019,'1496566',2057,,778,50,,,0
1019,'1496570',1057,,779,50,,,0
1019,'1496572',1457,,780,50,,,0
1019,'1496575',1657,,781,50,,,0
1019,'1496576',1157,,782,50,,,0
1019,'1496579',2157,,783,50,,,0
1019,'1496581',1557,,784,50,,,0
1019,'1496582',1757,,785,50,,,0
1019,'1496586',957,,786,50,,,0
1019,'1496587',857,,787,50,,,0
1019,'1496590',1257,,788,50,,,0
1019,'1496591',1857,,789,50,,,0
1019,'1496592',2347,,790,50,,,0
1019,'1496593',2257,,791,50,,,0
1029,'1496065',1427,,792,22,,,0
1029,'1496066',1527,,793,22,,,0
1029,'1496068',1627,,794,22,,,0
1029,'1496070',727,,795,22,,,0
1029,'1496073',1027,,796,22,,,0
1029,'1496077',857,,797,22,,,0
1029,'1496078',1657,,798,22,,,0
1029,'1496079',1557,,799,22,,,0
1029,'1496081',1157,,800,22,,,0
1029,'1496082',1227,,801,22,,,0
1029,'1496083',1357,,802,22,,,0
1029,'1496084',957,,803,22,,,0
1029,'1496086',657,,804,22,,,0
1029,'1496088',1727,,805,22,,,0
1029,'1496092',1327,,806,22,,,0
1029,'1496094',927,,807,22,,,0
1029,'1496096',1127,,808,22,,,0
1029,'1496098',827,,809,22,,,0
1029,'1496101',757,,810,22,,,0
1029,'1496105',1457,,811,22,,,0
1029,'1496106',1257,,812,22,,,0
1029,'1496108',1057,,813,22,,,0
1029,'1496294',1427,,815,22,,,0
1029,'1496295',1527,,816,22,,,0
1029,'1496297',1627,,817,22,,,0
1029,'1496299',727,,818,22,,,0
1029,'1496300',2057,,819,22,,,0
1029,'1496304',1027,,820,22,,,0
1029,'1496309',1957,,821,22,,,0
1029,'1496310',857,,822,22,,,0
1029,'1496311',1657,,823,22,,,0
1029,'1496312',1557,,824,22,,,0
1029,'1496316',1757,,825,22,,,0
1029,'1496317',1157,,826,22,,,0
1029,'1496318',1227,,827,22,,,0
1029,'1496319',1357,,828,22,,,0
1029,'1496320',957,,829,22,,,0
1029,'1496322',657,,830,22,,,0
1029,'1496324',1827,,831,22,,,0
1029,'1496325',1727,,832,22,,,0
1029,'1496329',1327,,833,22,,,0
1029,'1496332',927,,834,22,,,0
1029,'1496333',2157,,835,22,,,0
1029,'1496335',1127,,836,22,,,0
1029,'1496337',2257,,837,22,,,0
1029,'1496339',827,,838,22,,,0
1029,'1496342',757,,839,22,,,0
1029,'1496346',1457,,840,22,,,0
1029,'1496347',1257,,841,22,,,0
1029,'1496349',1057,,842,22,,,0
1029,'1496354',1857,,844,22,,,0
1029,'1496527',1857,,845,22,,,0
1029,'1496528',2057,,846,22,,,0
1029,'1496533',1757,,847,22,,,0
1029,'1496534',2157,,848,22,,,0
1029,'1496535',1257,,849,22,,,0
1029,'1496537',1057,,850,22,,,0
1029,'1496539',957,,851,22,,,0
1029,'1496540',1957,,852,22,,,0
1029,'1496542',657,,853,22,,,0
1029,'1496544',2257,,854,22,,,0
1029,'1496545',1457,,855,22,,,0
1029,'1496547',1557,,856,22,,,0
1029,'1496550',757,,857,22,,,0
1029,'1496551',1157,,858,22,,,0
1029,'1496552',857,,859,22,,,0
1029,'1496555',1657,,860,22,,,0
1029,'1496556',1357,,861,22,,,0
1029,'1496562',1857,,862,22,,,0
1029,'1496563',2057,,863,22,,,0
1029,'1496567',1757,,864,22,,,0
1029,'1496568',2157,,865,22,,,0
1029,'1496569',1257,,866,22,,,0
1029,'1496571',1057,,867,22,,,0
1029,'1496573',957,,868,22,,,0
1029,'1496574',1957,,869,22,,,0
1029,'1496577',2257,,870,22,,,0
1029,'1496578',1457,,871,22,,,0
1029,'1496580',1557,,872,22,,,0
1029,'1496583',757,,873,22,,,0
1029,'1496584',1157,,874,22,,,0
1029,'1496585',857,,875,22,,,0
1029,'1496588',1657,,876,22,,,0
1029,'1496589',1357,,877,22,,,0
2019,'1496174',1311,,878,105,,,0
2019,'1496175',1441,,879,105,,,0
2019,'1496179',1411,,880,105,,,0
2019,'1496181',1541,,881,105,,,0
2019,'1496183',1041,,882,105,,,0
2019,'1496184',1611,,883,105,,,0
2019,'1496185',1011,,884,105,,,0
2019,'1496187',1211,,885,105,,,0
2019,'1496188',941,,886,105,,,0
2019,'1496189',911,,887,105,,,0
2019,'1496191',1111,,888,105,,,0
2019,'1496194',1641,,889,105,,,0
2019,'1496198',811,,890,105,,,0
2019,'1496200',1811,,891,105,,,0
2019,'1496204',1511,,892,105,,,0
2019,'1496206',1141,,893,105,,,0
2019,'1496208',1241,,894,105,,,0
2019,'1496209',1711,,895,105,,,0
2019,'1496210',1841,,896,105,,,0
2019,'1496211',1741,,897,105,,,0
2019,'1496215',841,,898,105,,,0
2019,'1496216',1341,,899,105,,,0
2019,'1496218',741,,900,105,,,0
2019,'1496219',611,,901,19,,,0
2019,'1496220',641,,902,73,,,0
2019,'1496223',2326,,903,105,,,0
2019,'1496224',1311,,904,105,,,0
2019,'1496225',1441,,905,105,,,0
2019,'1496227',2226,,906,105,,,0
2019,'1496228',1926,,907,105,,,0
2019,'1496232',1411,,908,105,,,0
2019,'1496234',1541,,909,105,,,0
2019,'1496236',1041,,910,105,,,0
2019,'1496237',1611,,911,105,,,0
2019,'1496238',1011,,912,105,,,0
2019,'1496240',1211,,913,105,,,0
2019,'1496242',941,,914,105,,,0
2019,'1496243',911,,915,105,,,0
2019,'1496245',1111,,916,105,,,0
2019,'1496248',1641,,917,105,,,0
2019,'1496253',2126,,918,105,,,0
2019,'1496255',811,,919,105,,,0
2019,'1496257',1811,,920,105,,,0
2019,'1496262',1511,,922,105,,,0
2019,'1496264',1141,,923,105,,,0
2019,'1496266',1241,,924,105,,,0
2019,'1496267',1711,,925,105,,,0
2019,'1496268',1841,,926,105,,,0
2019,'1496269',1741,,927,105,,,0
2019,'1496274',841,,928,105,,,0
2019,'1496275',1341,,929,105,,,0
2019,'1496277',741,,930,105,,,0
2019,'1496278',611,,931,19,,,0
2019,'1496279',641,,932,83,,,0
2019,'1496280',2026,,933,105,,,0
2019,'1496490',1826,,934,105,,,0
2019,'1496491',2226,,935,105,,,0
2019,'1496492',1426,,936,105,,,0
2019,'1496494',1226,,937,105,,,0
2019,'1496495',1526,,938,105,,,0
2019,'1496498',2126,,939,105,,,0
2019,'1496499',826,,940,105,,,0
2019,'1496505',1326,,941,105,,,0
2019,'1496507',2326,,942,105,,,0
2019,'1496510',1626,,943,105,,,0
2019,'1496511',1926,,944,105,,,0
2019,'1496512',1126,,945,105,,,0
2019,'1496516',1026,,946,105,,,0
2019,'1496518',926,,947,105,,,0
2019,'1496520',1726,,948,105,,,0
2019,'1496521',2026,,949,105,,,0
2019,'1496523',726,,950,105,,,0
2019,'1496524',656,,951,73,,,0
2019,'1496594',1826,,953,105,,,0
2019,'1496595',2226,,954,105,,,0
2019,'1496596',1426,,955,105,,,0
2019,'1496598',1226,,956,105,,,0
2019,'1496599',1526,,957,105,,,0
2019,'1496602',2126,,958,105,,,0
2019,'1496603',826,,959,105,,,0
2019,'1496609',1326,,960,105,,,0
2019,'1496613',1626,,961,105,,,0
2019,'1496614',1926,,962,105,,,0
2019,'1496615',1126,,963,105,,,0
2019,'1496619',1026,,964,105,,,0
2019,'1496621',926,,965,105,,,0
2019,'1496623',1726,,966,105,,,0
2019,'1496624',2026,,967,105,,,0
2019,'1496625',756,,968,73,,,0
2029,'1497044',901,,973,23,,,0
2029,'1497045',1401,,974,23,,,0
2029,'1497046',1201,,975,23,,,0
2029,'1497047',1231,,976,23,,,0
2029,'1497048',1531,,977,23,,,0
2029,'1497049',931,,978,23,,,0
2029,'1497050',801,,979,23,,,0
2029,'1497051',1601,,980,23,,,0
2029,'1497052',1431,,981,23,,,0
2029,'1497053',1031,,982,23,,,0
2029,'1497054',701,,983,23,,,0
2029,'1497055',1301,,984,23,,,0
2029,'1497056',1631,,985,23,,,0
2029,'1497057',1501,,986,23,,,0
2029,'1497058',1331,,987,23,,,0
2029,'1497059',731,,988,23,,,0
2029,'1497060',1701,,989,23,,,0
2029,'1497061',1001,,990,23,,,0
2029,'1497062',831,,991,23,,,0
2029,'1497063',1131,,992,23,,,0
2029,'1497064',1101,,993,23,,,0
2029,'1497065',1731,,994,23,,,0
2029,'1497066',2001,,995,23,,,0
2029,'1497067',901,,996,23,,,0
2029,'1497068',1401,,997,23,,,0
2029,'1497069',1201,,998,23,,,0
2029,'1497070',1801,,999,23,,,0
2029,'1497071',1231,,1000,23,,,0
2029,'1497072',1531,,1001,23,,,0
2029,'1497073',931,,1002,23,,,0
2029,'1497074',2201,,1003,23,,,0
2029,'1497075',801,,1004,23,,,0
2029,'1497076',1601,,1005,23,,,0
2029,'1497077',1431,,1006,23,,,0
2029,'1497078',2257,,1007,23,,,0
2029,'1497079',1031,,1008,23,,,0
2029,'1497080',701,,1009,23,,,0
2029,'1497081',1301,,1010,23,,,0
2029,'1497082',1901,,1011,23,,,0
2029,'1497083',1631,,1012,23,,,0
2029,'1497084',1501,,1013,23,,,0
2029,'1497085',1331,,1014,23,,,0
2029,'1497086',731,,1015,23,,,0
2029,'1497087',1701,,1016,23,,,0
2029,'1497088',1001,,1017,23,,,0
2029,'1497089',831,,1018,23,,,0
2029,'1497090',2101,,1019,23,,,0
2029,'1497091',1131,,1020,23,,,0
2029,'1497092',1101,,1021,23,,,0
2029,'1497093',1731,,1022,23,,,0
2029,'1497094',1701,,1023,23,,,0
2029,'1497095',1101,,1024,23,,,0
2029,'1497096',2201,,1025,23,,,0
2029,'1497097',2257,,1026,23,,,0
2029,'1497098',1001,,1027,23,,,0
2029,'1497099',2001,,1028,23,,,0
2029,'1497100',901,,1029,23,,,0
2029,'1497101',1501,,1030,23,,,0
2029,'1497102',2101,,1031,23,,,0
2029,'1497103',1801,,1032,23,,,0
2029,'1497104',1201,,1033,23,,,0
2029,'1497105',1401,,1034,23,,,0
2029,'1497106',801,,1035,23,,,0
2029,'1497107',1301,,1036,23,,,0
2029,'1497108',1901,,1037,23,,,0
2029,'1497109',1601,,1038,23,,,0
2029,'1497110',701,,1039,23,,,0
2029,'1497111',1701,,1040,23,,,0
2029,'1497112',1101,,1041,23,,,0
2029,'1497113',2201,,1042,23,,,0
2029,'1497114',2257,,1043,23,,,0
2029,'1497115',1001,,1044,23,,,0
2029,'1497116',2001,,1045,23,,,0
2029,'1497117',901,,1046,23,,,0
2029,'1497118',1501,,1047,23,,,0
2029,'1497119',2101,,1048,23,,,0
2029,'1497120',1801,,1049,23,,,0
2029,'1497121',1201,,1050,23,,,0
2029,'1497122',1401,,1051,23,,,0
2029,'1497123',801,,1052,23,,,0
2029,'1497124',1301,,1053,23,,,0
2029,'1497125',1901,,1054,23,,,0
2029,'1497126',1601,,1055,23,,,0
