2019,'1492023',2301,,191,63,,,0
2019,'1492024',1246,,192,63,,,0
2019,'1492025',1416,,193,63,,,0
2019,'1492027',2201,,194,63,,,0
2019,'1492028',1901,,195,63,,,0
2019,'1492032',1346,,196,63,,,0
2019,'1492034',1516,,197,63,,,0
2019,'1492036',1016,,198,63,,,0
2019,'1492037',1546,,199,63,,,0
2019,'1492038',946,,200,63,,,0
2019,'1492040',1146,,201,63,,,0
2019,'1492042',916,,202,63,,,0
2019,'1492043',846,,203,63,,,0
2019,'1492045',1046,,204,63,,,0
2019,'1492048',1616,,205,63,,,0
2019,'1492053',2101,,206,63,,,0
2019,'1492055',746,,207,63,,,0
2019,'1492057',1746,,208,63,,,0
2019,'1492062',1446,,210,63,,,0
2019,'1492064',1116,,211,63,,,0
2019,'1492066',1216,,212,63,,,0
2019,'1492067',1646,,213,63,,,0
2019,'1492068',1816,,214,63,,,0
2019,'1492069',1716,,215,63,,,0
2019,'1492074',816,,216,63,,,0
2019,'1492075',1316,,217,63,,,0
2019,'1492077',716,,218,63,,,0
2019,'1492079',616,,220,41,,,0
2019,'1492080',2001,,221,63,,,0
2019,'1496953',1800,,611,64,,,0
2019,'1496954',2200,,612,64,,,0
2019,'1496955',1400,,613,64,,,0
2019,'1496957',1200,,614,64,,,0
2019,'1496958',1500,,615,64,,,0
2019,'1496961',2100,,616,64,,,0
2019,'1496962',800,,617,64,,,0
2019,'1496968',1300,,618,64,,,0
2019,'1496970',2300,,619,64,,,0
2019,'1496973',1600,,620,64,,,0
2019,'1496974',1900,,621,64,,,0
2019,'1496975',1100,,622,64,,,0
2019,'1496979',1000,,623,64,,,0
2019,'1496981',900,,624,64,,,0
2019,'1496983',1700,,625,64,,,0
2019,'1496984',2000,,626,64,,,0
2019,'1496986',700,,627,64,,,0
2019,'1496987',630,,628,32,,,0
4019,'1491929',646,,525,26,,,0
4019,'1491930',2328,,526,26,,,0
4019,'1491931',1046,,527,26,,,0
4019,'1491932',846,,528,26,,,0
4019,'1491933',2031,,529,26,,,0
4019,'1491934',1646,,530,26,,,0
4019,'1491935',1846,,531,26,,,0
4019,'1491936',2131,,532,26,,,0
4019,'1491937',946,,533,26,,,0
4019,'1491938',1146,,534,26,,,0
4019,'1491939',1931,,535,26,,,0
4019,'1491940',746,,536,26,,,0
4019,'1491941',1546,,537,26,,,0
4019,'1491942',1746,,538,26,,,0
4019,'1491943',1346,,539,26,,,0
4019,'1491944',1446,,540,26,,,0
4019,'1491945',2231,,541,26,,,0
4019,'1491946',1246,,542,26,,,0
4019,'1497026',831,,684,26,,,0
4019,'1497027',731,,685,26,,,0
4019,'1497028',1631,,686,26,,,0
4019,'1497029',2231,,687,26,,,0
4019,'1497030',1731,,688,26,,,0
4019,'1497031',1431,,689,26,,,0
4019,'1497032',2131,,690,26,,,0
4019,'1497033',1031,,691,26,,,0
4019,'1497034',1931,,692,26,,,0
4019,'1497035',1531,,693,26,,,0
4019,'1497036',931,,694,26,,,0
4019,'1497037',1831,,695,26,,,0
4019,'1497038',1331,,696,26,,,0
4019,'1497039',631,,697,26,,,0
4019,'1497040',2031,,698,26,,,0
4019,'1497041',1131,,699,26,,,0
4019,'1497042',1231,,700,26,,,0
4019,'1497043',2328,,701,26,,,0
