3019,'1496126',912,,1057,83,0,5,0
3019,'1496127',1112,,1058,83,0,5,0
3019,'1496132',1142,,1063,83,0,5,0
3019,'1496135',1712,,1066,83,0,5,0
3019,'1496137',1512,,1068,83,0,5,0
3019,'1496139',1242,,1070,83,0,5,0
3019,'1496140',812,,1071,83,0,5,0
3019,'1496143',742,,1074,83,0,5,0
3019,'1496145',1812,,1076,83,0,5,0
3019,'1496147',1342,,1078,83,0,5,0
3019,'1496148',1042,,1079,83,0,5,0
3019,'1496149',1312,,1080,83,0,5,0
3019,'1496150',1412,,1081,83,0,5,0
3019,'1496152',842,,1083,83,0,5,0
3019,'1496156',1012,,1087,83,0,5,0
3019,'1496157',1642,,1088,83,0,5,0
3019,'1496158',1442,,1089,83,0,5,0
3019,'1496160',1742,,1091,83,0,5,0
3019,'1496161',1212,,1092,83,0,5,0
3019,'1496162',1542,,1093,83,0,5,0
3019,'1496163',612,,1094,5,0,5,0
3019,'1496166',1612,,1097,83,0,5,0
3019,'1496169',942,,1100,83,0,5,0
3019,'1496172',642,,1103,52,0,5,0
3019,'1496375',912,,1106,83,0,5,0
3019,'1496376',1112,,1107,83,0,5,0
3019,'1496379',2142,,1110,83,0,5,0
3019,'1496383',2242,,1114,83,0,5,0
3019,'1496384',1142,,1115,83,0,5,0
3019,'1496387',1712,,1118,83,0,5,0
3019,'1496389',2334,,1120,83,0,5,0
3019,'1496390',1512,,1121,83,0,5,0
3019,'1496391',1942,,1122,83,0,5,0
3019,'1496393',1242,,1124,83,0,5,0
3019,'1496394',812,,1125,83,0,5,0
3019,'1496397',2042,,1128,83,0,5,0
3019,'1496399',742,,1130,83,0,5,0
3019,'1496401',1812,,1132,83,0,5,0
3019,'1496403',1342,,1134,83,0,5,0
3019,'1496405',1842,,1136,83,0,5,0
3019,'1496406',1042,,1137,83,0,5,0
3019,'1496407',1312,,1138,83,0,5,0
3019,'1496408',1412,,1139,83,0,5,0
3019,'1496410',842,,1141,83,0,5,0
3019,'1496414',1012,,1145,83,0,5,0
3019,'1496415',1642,,1146,83,0,5,0
3019,'1496416',1442,,1147,83,0,5,0
3019,'1496418',1742,,1149,83,0,5,0
3019,'1496419',1212,,1150,83,0,5,0
3019,'1496420',1542,,1151,83,0,5,0
3019,'1496421',612,,1152,5,0,5,0
3019,'1496424',1612,,1155,83,0,5,0
3019,'1496428',942,,1159,83,0,5,0
3019,'1496433',642,,1164,52,0,5,0
3019,'1496454',1742,,1167,83,0,5,0
3019,'1496456',2242,,1169,83,0,5,0
3019,'1496461',1942,,1174,83,0,5,0
3019,'1496462',1442,,1175,83,0,5,0
3019,'1496464',2042,,1177,83,0,5,0
3019,'1496466',2334,,1179,83,0,5,0
3019,'1496470',1842,,1183,83,0,5,0
3019,'1496471',742,,1184,83,0,5,0
3019,'1496472',942,,1185,83,0,5,0
3019,'1496476',1042,,1189,83,0,5,0
3019,'1496477',1342,,1190,83,0,5,0
3019,'1496478',1642,,1191,83,0,5,0
3019,'1496480',1142,,1193,83,0,5,0
3019,'1496481',1542,,1194,83,0,5,0
3019,'1496482',2142,,1195,83,0,5,0
3019,'1496483',842,,1196,83,0,5,0
3019,'1496485',1242,,1198,83,0,5,0
3019,'1496489',617,,1202,5,0,5,0
3019,'1496628',1742,,1204,83,0,5,0
3019,'1496630',2242,,1206,83,0,5,0
3019,'1496634',1942,,1210,83,0,5,0
3019,'1496635',1442,,1211,83,0,5,0
3019,'1496637',2042,,1213,83,0,5,0
3019,'1496639',2334,,1215,83,0,5,0
3019,'1496643',1842,,1219,83,0,5,0
3019,'1496644',942,,1220,83,0,5,0
3019,'1496648',1042,,1224,83,0,5,0
3019,'1496649',1342,,1225,83,0,5,0
3019,'1496650',1642,,1226,83,0,5,0
3019,'1496652',1142,,1228,83,0,5,0
3019,'1496653',1542,,1229,83,0,5,0
3019,'1496654',2142,,1230,83,0,5,0
3019,'1496655',842,,1231,83,0,5,0
3019,'1496657',1242,,1233,83,0,5,0
3019,'1496660',712,,1236,5,0,5,0
