2019,'1492023',2328,,191,107,,,0
2019,'1492024',1313,,192,107,,,0
2019,'1492025',1443,,193,107,,,0
2019,'1492027',2228,,194,107,,,0
2019,'1492028',1928,,195,107,,,0
2019,'1492032',1413,,196,107,,,0
2019,'1492034',1543,,197,107,,,0
2019,'1492036',1043,,198,107,,,0
2019,'1492037',1613,,199,107,,,0
2019,'1492038',1013,,200,107,,,0
2019,'1492040',1213,,201,107,,,0
2019,'1492042',943,,202,107,,,0
2019,'1492043',913,,203,107,,,0
2019,'1492045',1113,,204,107,,,0
2019,'1492048',1643,,205,107,,,0
2019,'1492053',2128,,206,107,,,0
2019,'1492055',813,,207,107,,,0
2019,'1492057',1813,,208,107,,,0
2019,'1492062',1513,,210,107,,,0
2019,'1492064',1143,,211,107,,,0
2019,'1492066',1243,,212,107,,,0
2019,'1492067',1713,,213,107,,,0
2019,'1492068',1843,,214,107,,,0
2019,'1492069',1743,,215,107,,,0
2019,'1492074',843,,216,107,,,0
2019,'1492075',1343,,217,107,,,0
2019,'1492077',743,,218,107,,,0
2019,'1492078',613,,219,22,,,0
2019,'1492079',643,,220,85,,,0
2019,'1492080',2028,,221,107,,,0
2019,'1496953',1828,,611,108,,,0
2019,'1496954',2228,,612,108,,,0
2019,'1496955',1428,,613,108,,,0
2019,'1496957',1228,,614,108,,,0
2019,'1496958',1528,,615,108,,,0
2019,'1496961',2128,,616,108,,,0
2019,'1496962',828,,617,108,,,0
2019,'1496968',1328,,618,108,,,0
2019,'1496970',2328,,619,108,,,0
2019,'1496973',1628,,620,108,,,0
2019,'1496974',1928,,621,108,,,0
2019,'1496975',1128,,622,108,,,0
2019,'1496979',1028,,623,108,,,0
2019,'1496981',928,,624,108,,,0
2019,'1496983',1728,,625,108,,,0
2019,'1496984',2028,,626,108,,,0
2019,'1496986',728,,627,108,,,0
2019,'1496987',658,,628,76,,,0
