2029,'1492022',2019,,280,57,,,0
2029,'1492026',919,,281,57,,,0
2029,'1492029',1419,,282,57,,,0
2029,'1492030',1219,,283,57,,,0
2029,'1492031',1819,,284,57,,,0
2029,'1492033',1249,,285,57,,,0
2029,'1492035',1549,,286,57,,,0
2029,'1492039',949,,287,57,,,0
2029,'1492041',2219,,288,57,,,0
2029,'1492044',819,,289,57,,,0
2029,'1492046',1619,,290,57,,,0
2029,'1492047',1449,,291,57,,,0
2029,'1492049',2316,,292,57,,,0
2029,'1492050',1049,,293,57,,,0
2029,'1492051',719,,294,57,,,0
2029,'1492052',1319,,295,57,,,0
2029,'1492054',1919,,296,57,,,0
2029,'1492056',1649,,297,57,,,0
2029,'1492059',1519,,298,57,,,0
2029,'1492060',1349,,299,57,,,0
2029,'1492061',749,,300,57,,,0
2029,'1492063',1719,,301,57,,,0
2029,'1492065',1019,,302,57,,,0
2029,'1492070',849,,303,57,,,0
2029,'1492071',2119,,304,57,,,0
2029,'1492072',1149,,305,57,,,0
2029,'1492073',1119,,306,57,,,0
2029,'1492076',1749,,307,57,,,0
2029,'1492081',619,,308,21,,,0
2029,'1496956',1719,,630,58,,,0
2029,'1496959',1119,,631,58,,,0
2029,'1496960',2219,,632,58,,,0
2029,'1496963',2316,,633,58,,,0
2029,'1496964',1019,,634,58,,,0
2029,'1496965',2019,,635,58,,,0
2029,'1496966',919,,636,58,,,0
2029,'1496967',1519,,637,58,,,0
2029,'1496969',2119,,638,58,,,0
2029,'1496971',1819,,639,58,,,0
2029,'1496972',1219,,640,58,,,0
2029,'1496976',1419,,641,58,,,0
2029,'1496977',819,,642,58,,,0
2029,'1496978',1319,,643,58,,,0
2029,'1496980',1919,,644,58,,,0
2029,'1496982',1619,,645,58,,,0
2029,'1496985',719,,646,58,,,0
