3019,'1488507',929,,436,114,0,5,0
3019,'1488508',1129,,437,114,0,5,0
3019,'1488511',2159,,438,114,0,5,0
3019,'1488515',2259,,439,114,0,5,0
3019,'1488516',1159,,440,114,0,5,0
3019,'1488519',1729,,441,114,0,5,0
3019,'1488521',2349,,442,114,0,5,0
3019,'1488522',1529,,443,114,0,5,0
3019,'1488523',1959,,444,114,0,5,0
3019,'1488525',1259,,445,114,0,5,0
3019,'1488526',829,,446,114,0,5,0
3019,'1488529',2059,,447,114,0,5,0
3019,'1488531',759,,448,114,0,5,0
3019,'1488533',1829,,449,114,0,5,0
3019,'1488535',1359,,450,114,0,5,0
3019,'1488537',1859,,451,114,0,5,0
3019,'1488538',1059,,452,114,0,5,0
3019,'1488539',1329,,453,114,0,5,0
3019,'1488540',1429,,454,114,0,5,0
3019,'1488542',859,,455,114,0,5,0
3019,'1488546',1029,,456,114,0,5,0
3019,'1488547',1659,,457,114,0,5,0
3019,'1488548',1459,,458,114,0,5,0
3019,'1488550',1759,,459,114,0,5,0
3019,'1488551',1229,,460,114,0,5,0
3019,'1488552',1559,,461,114,0,5,0
3019,'1488553',629,,462,34,0,5,0
3019,'1488556',1629,,463,114,0,5,0
3019,'1488560',959,,464,114,0,5,0
3019,'1488565',659,,465,81,0,5,0
3019,'1496990',1759,,648,112,0,5,0
3019,'1496992',2259,,650,112,0,5,0
3019,'1496997',1959,,655,112,0,5,0
3019,'1496998',1459,,656,112,0,5,0
3019,'1497000',2059,,658,112,0,5,0
3019,'1497002',2349,,660,112,0,5,0
3019,'1497006',1859,,664,112,0,5,0
3019,'1497007',759,,665,112,0,5,0
3019,'1497008',959,,666,112,0,5,0
3019,'1497012',1059,,670,112,0,5,0
3019,'1497013',1359,,671,112,0,5,0
3019,'1497014',1659,,672,112,0,5,0
3019,'1497016',1159,,674,112,0,5,0
3019,'1497017',1559,,675,112,0,5,0
3019,'1497018',2159,,676,112,0,5,0
3019,'1497019',859,,677,112,0,5,0
3019,'1497021',1259,,679,112,0,5,0
3019,'1497025',629,,683,34,0,5,0
