3019,'1491899',1537,,370,13,,,0
3019,'1491900',1707,,371,13,,,0
3019,'1491901',2022,,372,13,,,0
3019,'1491902',837,,373,13,,,0
3019,'1491903',707,,374,13,,,0
3019,'1491904',1607,,375,13,,,0
3019,'1491905',1137,,376,13,,,0
3019,'1491906',1107,,377,13,,,0
3019,'1491907',737,,378,13,,,0
3019,'1491908',907,,379,13,,,0
3019,'1491909',2222,,380,13,,,0
3019,'1491910',1337,,381,13,,,0
3019,'1491911',1307,,382,13,,,0
3019,'1491912',1437,,383,13,,,0
3019,'1491913',1237,,384,13,,,0
3019,'1491914',2122,,385,13,,,0
3019,'1491915',807,,386,13,,,0
3019,'1491916',1737,,387,13,,,0
3019,'1491917',1407,,388,13,,,0
3019,'1491918',1007,,389,13,,,0
3019,'1491919',1037,,390,13,,,0
3019,'1491920',1207,,391,13,,,0
3019,'1491921',1637,,392,13,,,0
3019,'1491922',937,,393,13,,,0
3019,'1491923',1507,,394,13,,,0
3019,'1491924',1822,,395,13,,,0
3019,'1491925',2320,,396,13,,,0
3019,'1491928',1922,,399,13,,,0
3019,'1492021',637,,400,13,,,0
3019,'1496989',722,,647,13,,,0
3019,'1496991',1422,,649,13,,,0
3019,'1496993',822,,651,13,,,0
3019,'1496994',1122,,652,13,,,0
3019,'1496995',2222,,653,13,,,0
3019,'1496996',1822,,654,13,,,0
3019,'1496999',1322,,657,13,,,0
3019,'1497001',1922,,659,13,,,0
3019,'1497003',1622,,661,13,,,0
3019,'1497004',922,,662,13,,,0
3019,'1497005',1222,,663,13,,,0
3019,'1497009',2122,,667,13,,,0
3019,'1497010',1722,,668,13,,,0
3019,'1497011',1022,,669,13,,,0
3019,'1497015',1522,,673,13,,,0
3019,'1497020',2022,,678,13,,,0
3019,'1497023',2320,,681,13,,,0
3019,'1497024',622,,682,13,,,0
