3019,'1491899',1556,,370,48,,,0
3019,'1491900',1726,,371,48,,,0
3019,'1491901',2041,,372,48,,,0
3019,'1491902',856,,373,48,,,0
3019,'1491903',726,,374,48,,,0
3019,'1491904',1626,,375,48,,,0
3019,'1491905',1156,,376,48,,,0
3019,'1491906',1126,,377,48,,,0
3019,'1491907',756,,378,48,,,0
3019,'1491908',926,,379,48,,,0
3019,'1491909',2241,,380,48,,,0
3019,'1491910',1356,,381,48,,,0
3019,'1491911',1326,,382,48,,,0
3019,'1491912',1456,,383,48,,,0
3019,'1491913',1256,,384,48,,,0
3019,'1491914',2141,,385,48,,,0
3019,'1491915',826,,386,48,,,0
3019,'1491916',1756,,387,48,,,0
3019,'1491917',1426,,388,48,,,0
3019,'1491918',1026,,389,48,,,0
3019,'1491919',1056,,390,48,,,0
3019,'1491920',1226,,391,48,,,0
3019,'1491921',1656,,392,48,,,0
3019,'1491922',956,,393,48,,,0
3019,'1491923',1526,,394,48,,,0
3019,'1491924',1841,,395,48,,,0
3019,'1491925',2337,,396,48,,,0
3019,'1491928',1941,,399,48,,,0
3019,'1492021',656,,400,48,,,0
3019,'1496989',741,,647,47,,,0
3019,'1496991',1441,,649,47,,,0
3019,'1496993',841,,651,47,,,0
3019,'1496994',1141,,652,47,,,0
3019,'1496995',2241,,653,47,,,0
3019,'1496996',1841,,654,47,,,0
3019,'1496999',1341,,657,47,,,0
3019,'1497001',1941,,659,47,,,0
3019,'1497003',1641,,661,47,,,0
3019,'1497004',941,,662,47,,,0
3019,'1497005',1241,,663,47,,,0
3019,'1497009',2141,,667,47,,,0
3019,'1497010',1741,,668,47,,,0
3019,'1497011',1041,,669,47,,,0
3019,'1497015',1541,,673,47,,,0
3019,'1497020',2041,,678,47,,,0
3019,'1497023',2337,,681,47,,,0
3019,'1497024',641,,682,47,,,0
