2019,'1492023',2301,,191,62,,,0
2019,'1492024',1246,,192,62,,,0
2019,'1492025',1416,,193,62,,,0
2019,'1492027',2201,,194,62,,,0
2019,'1492028',1901,,195,62,,,0
2019,'1492032',1346,,196,62,,,0
2019,'1492034',1516,,197,62,,,0
2019,'1492036',1016,,198,62,,,0
2019,'1492037',1546,,199,62,,,0
2019,'1492038',946,,200,62,,,0
2019,'1492040',1146,,201,62,,,0
2019,'1492042',916,,202,62,,,0
2019,'1492043',846,,203,62,,,0
2019,'1492045',1046,,204,62,,,0
2019,'1492048',1616,,205,62,,,0
2019,'1492053',2101,,206,62,,,0
2019,'1492055',746,,207,62,,,0
2019,'1492057',1746,,208,62,,,0
2019,'1492062',1446,,210,62,,,0
2019,'1492064',1116,,211,62,,,0
2019,'1492066',1216,,212,62,,,0
2019,'1492067',1646,,213,62,,,0
2019,'1492068',1816,,214,62,,,0
2019,'1492069',1716,,215,62,,,0
2019,'1492074',816,,216,62,,,0
2019,'1492075',1316,,217,62,,,0
2019,'1492077',716,,218,62,,,0
2019,'1492079',616,,220,40,,,0
2019,'1492080',2001,,221,62,,,0
2019,'1496953',1800,,611,63,,,0
2019,'1496954',2200,,612,63,,,0
2019,'1496955',1400,,613,63,,,0
2019,'1496957',1200,,614,63,,,0
2019,'1496958',1500,,615,63,,,0
2019,'1496961',2100,,616,63,,,0
2019,'1496962',800,,617,63,,,0
2019,'1496968',1300,,618,63,,,0
2019,'1496970',2300,,619,63,,,0
2019,'1496973',1600,,620,63,,,0
2019,'1496974',1900,,621,63,,,0
2019,'1496975',1100,,622,63,,,0
2019,'1496979',1000,,623,63,,,0
2019,'1496981',900,,624,63,,,0
2019,'1496983',1700,,625,63,,,0
2019,'1496984',2000,,626,63,,,0
2019,'1496986',700,,627,63,,,0
2019,'1496987',630,,628,31,,,0
