2029,'1492022',2053,,280,108,,,0
2029,'1492026',953,,281,108,,,0
2029,'1492029',1453,,282,108,,,0
2029,'1492030',1253,,283,108,,,0
2029,'1492031',1853,,284,108,,,0
2029,'1492033',1323,,285,108,,,0
2029,'1492035',1623,,286,108,,,0
2029,'1492039',1023,,287,108,,,0
2029,'1492041',2253,,288,108,,,0
2029,'1492044',853,,289,108,,,0
2029,'1492046',1653,,290,108,,,0
2029,'1492047',1523,,291,108,,,0
2029,'1492049',2346,,292,108,,,0
2029,'1492050',1123,,293,108,,,0
2029,'1492051',753,,294,108,,,0
2029,'1492052',1353,,295,108,,,0
2029,'1492054',1953,,296,108,,,0
2029,'1492056',1723,,297,108,,,0
2029,'1492059',1553,,298,108,,,0
2029,'1492060',1423,,299,108,,,0
2029,'1492061',823,,300,108,,,0
2029,'1492063',1753,,301,108,,,0
2029,'1492065',1053,,302,108,,,0
2029,'1492070',923,,303,108,,,0
2029,'1492071',2153,,304,108,,,0
2029,'1492072',1223,,305,108,,,0
2029,'1492073',1153,,306,108,,,0
2029,'1492076',1823,,307,108,,,0
2029,'1492081',653,,308,72,,,0
2029,'1496956',1753,,630,109,,,0
2029,'1496959',1153,,631,109,,,0
2029,'1496960',2253,,632,109,,,0
2029,'1496963',2346,,633,109,,,0
2029,'1496964',1053,,634,109,,,0
2029,'1496965',2053,,635,109,,,0
2029,'1496966',953,,636,109,,,0
2029,'1496967',1553,,637,109,,,0
2029,'1496969',2153,,638,109,,,0
2029,'1496971',1853,,639,109,,,0
2029,'1496972',1253,,640,109,,,0
2029,'1496976',1453,,641,109,,,0
2029,'1496977',853,,642,109,,,0
2029,'1496978',1353,,643,109,,,0
2029,'1496980',1953,,644,109,,,0
2029,'1496982',1653,,645,109,,,0
2029,'1496985',753,,646,109,,,0
