2029,'1492022',2022,,280,62,,,0
2029,'1492026',922,,281,62,,,0
2029,'1492029',1422,,282,62,,,0
2029,'1492030',1222,,283,62,,,0
2029,'1492031',1822,,284,62,,,0
2029,'1492033',1252,,285,62,,,0
2029,'1492035',1552,,286,62,,,0
2029,'1492039',952,,287,62,,,0
2029,'1492041',2222,,288,62,,,0
2029,'1492044',822,,289,62,,,0
2029,'1492046',1622,,290,62,,,0
2029,'1492047',1452,,291,62,,,0
2029,'1492049',2319,,292,62,,,0
2029,'1492050',1052,,293,62,,,0
2029,'1492051',722,,294,62,,,0
2029,'1492052',1322,,295,62,,,0
2029,'1492054',1922,,296,62,,,0
2029,'1492056',1652,,297,62,,,0
2029,'1492059',1522,,298,62,,,0
2029,'1492060',1352,,299,62,,,0
2029,'1492061',752,,300,62,,,0
2029,'1492063',1722,,301,62,,,0
2029,'1492065',1022,,302,62,,,0
2029,'1492070',852,,303,62,,,0
2029,'1492071',2122,,304,62,,,0
2029,'1492072',1152,,305,62,,,0
2029,'1492073',1122,,306,62,,,0
2029,'1492076',1752,,307,62,,,0
2029,'1492081',622,,308,26,,,0
2029,'1496956',1722,,630,63,,,0
2029,'1496959',1122,,631,63,,,0
2029,'1496960',2222,,632,63,,,0
2029,'1496963',2319,,633,63,,,0
2029,'1496964',1022,,634,63,,,0
2029,'1496965',2022,,635,63,,,0
2029,'1496966',922,,636,63,,,0
2029,'1496967',1522,,637,63,,,0
2029,'1496969',2122,,638,63,,,0
2029,'1496971',1822,,639,63,,,0
2029,'1496972',1222,,640,63,,,0
2029,'1496976',1422,,641,63,,,0
2029,'1496977',822,,642,63,,,0
2029,'1496978',1322,,643,63,,,0
2029,'1496980',1922,,644,63,,,0
2029,'1496982',1622,,645,63,,,0
2029,'1496985',722,,646,63,,,0
