'1488507',20260917,1,20260918,1
'1488508',20260917,1,20260918,1
'1488511',20260917,1,20260918,1
'1488515',20260917,1,20260918,1
'1488516',20260917,1,20260918,1
'1488519',20260917,1,20260918,1
'1488521',20260917,1,20260918,1
'1488522',20260917,1,20260918,1
'1488523',20260917,1,20260918,1
'1488525',20260917,1,20260918,1
'1488526',20260917,1,20260918,1
'1488529',20260917,1,20260918,1
'1488531',20260917,1,20260918,1
'1488533',20260917,1,20260918,1
'1488535',20260917,1,20260918,1
'1488537',20260917,1,20260918,1
'1488538',20260917,1,20260918,1
'1488539',20260917,1,20260918,1
'1488540',20260917,1,20260918,1
'1488542',20260917,1,20260918,1
'1488546',20260917,1,20260918,1
'1488547',20260917,1,20260918,1
'1488548',20260917,1,20260918,1
'1488550',20260917,1,20260918,1
'1488551',20260917,1,20260918,1
'1488552',20260917,1,20260918,1
'1488553',20260917,1,20260918,1
'1488556',20260917,1,20260918,1
'1488560',20260917,1,20260918,1
'1488565',20260917,1,20260918,1
'1491899',20260917,1,20260918,1
'1491900',20260917,1,20260918,1
'1491901',20260917,1,20260918,1
'1491902',20260917,1,20260918,1
'1491903',20260917,1,20260918,1
'1491904',20260917,1,20260918,1
'1491905',20260917,1,20260918,1
'1491906',20260917,1,20260918,1
'1491907',20260917,1,20260918,1
'1491908',20260917,1,20260918,1
'1491909',20260917,1,20260918,1
'1491910',20260917,1,20260918,1
'1491911',20260917,1,20260918,1
'1491912',20260917,1,20260918,1
'1491913',20260917,1,20260918,1
'1491914',20260917,1,20260918,1
'1491915',20260917,1,20260918,1
'1491916',20260917,1,20260918,1
'1491917',20260917,1,20260918,1
'1491918',20260917,1,20260918,1
'1491919',20260917,1,20260918,1
'1491920',20260917,1,20260918,1
'1491921',20260917,1,20260918,1
'1491922',20260917,1,20260918,1
'1491923',20260917,1,20260918,1
'1491924',20260917,1,20260918,1
'1491925',20260917,1,20260918,1
'1491926',20260917,1,20260918,1
'1491927',20260917,1,20260918,1
'1491928',20260917,1,20260918,1
'1491929',20260917,1,20260918,1
'1491930',20260917,1,20260918,1
'1491931',20260917,1,20260918,1
'1491932',20260917,1,20260918,1
'1491933',20260917,1,20260918,1
'1491934',20260917,1,20260918,1
'1491935',20260917,1,20260918,1
'1491936',20260917,1,20260918,1
'1491937',20260917,1,20260918,1
'1491938',20260917,1,20260918,1
'1491939',20260917,1,20260918,1
'1491940',20260917,1,20260918,1
'1491941',20260917,1,20260918,1
'1491942',20260917,1,20260918,1
'1491943',20260917,1,20260918,1
'1491944',20260917,1,20260918,1
'1491945',20260917,1,20260918,1
'1491946',20260917,1,20260918,1
'1491947',20260917,1,20260918,1
'1491948',20260917,1,20260918,1
'1491949',20260917,1,20260918,1
'1491950',20260917,1,20260918,1
'1491951',20260917,1,20260918,1
'1491952',20260917,1,20260918,1
'1491953',20260917,1,20260918,1
'1491954',20260917,1,20260918,1
'1491955',20260917,1,20260918,1
'1491956',20260917,1,20260918,1
'1491957',20260917,1,20260918,1
'1491958',20260917,1,20260918,1
'1491959',20260917,1,20260918,1
'1491960',20260917,1,20260918,1
'1491961',20260917,1,20260918,1
'1491962',20260917,1,20260918,1
'1491963',20260917,1,20260918,1
'1491964',20260917,1,20260918,1
'1491965',20260917,1,20260918,1
'1491966',20260917,1,20260918,1
'1491967',20260917,1,20260918,1
'1491968',20260917,1,20260918,1
'1491969',20260917,1,20260918,1
'1491970',20260917,1,20260918,1
'1491971',20260917,1,20260918,1
'1491972',20260917,1,20260918,1
'1491973',20260917,1,20260918,1
'1491974',20260917,1,20260918,1
'1491975',20260917,1,20260918,1
'1491976',20260917,1,20260918,1
'1491977',20260917,1,20260918,1
'1491978',20260917,1,20260918,1
'1491979',20260917,1,20260918,1
'1491980',20260917,1,20260918,1
'1491981',20260917,1,20260918,1
'1491982',20260917,1,20260918,1
'1491983',20260917,1,20260918,1
'1491984',20260917,1,20260918,1
'1491985',20260917,1,20260918,1
'1491986',20260917,1,20260918,1
'1491987',20260917,1,20260918,1
'1491988',20260917,1,20260918,1
'1491989',20260917,1,20260918,1
'1491990',20260917,1,20260918,1
'1491991',20260917,1,20260918,1
'1491992',20260917,1,20260918,1
'1491993',20260917,1,20260918,1
'1491994',20260917,1,20260918,1
'1491995',20260917,1,20260918,1
'1491996',20260917,1,20260918,1
'1491997',20260917,1,20260918,1
'1491998',20260917,1,20260918,1
'1491999',20260917,1,20260918,1
'1492000',20260917,1,20260918,1
'1492001',20260917,1,20260918,1
'1492002',20260917,1,20260918,1
'1492003',20260917,1,20260918,1
'1492004',20260917,1,20260918,1
'1492005',20260917,1,20260918,1
'1492006',20260917,1,20260918,1
'1492007',20260917,1,20260918,1
'1492008',20260917,1,20260918,1
'1492009',20260917,1,20260918,1
'1492010',20260917,1,20260918,1
'1492011',20260917,1,20260918,1
'1492012',20260917,1,20260918,1
'1492013',20260917,1,20260918,1
'1492014',20260917,1,20260918,1
'1492015',20260917,1,20260918,1
'1492016',20260917,1,20260918,1
'1492017',20260917,1,20260918,1
'1492018',20260917,1,20260918,1
'1492019',20260917,1,20260918,1
'1492020',20260917,1,20260918,1
'1492021',20260917,1,20260918,1
'1492022',20260917,1,20260918,1
'1492023',20260917,1,20260918,1
'1492024',20260917,1,20260918,1
'1492025',20260917,1,20260918,1
'1492026',20260917,1,20260918,1
'1492027',20260917,1,20260918,1
'1492028',20260917,1,20260918,1
'1492029',20260917,1,20260918,1
'1492030',20260917,1,20260918,1
'1492031',20260917,1,20260918,1
'1492032',20260917,1,20260918,1
'1492033',20260917,1,20260918,1
'1492034',20260917,1,20260918,1
'1492035',20260917,1,20260918,1
'1492036',20260917,1,20260918,1
'1492037',20260917,1,20260918,1
'1492038',20260917,1,20260918,1
'1492039',20260917,1,20260918,1
'1492040',20260917,1,20260918,1
'1492041',20260917,1,20260918,1
'1492042',20260917,1,20260918,1
'1492043',20260917,1,20260918,1
'1492044',20260917,1,20260918,1
'1492045',20260917,1,20260918,1
'1492046',20260917,1,20260918,1
'1492047',20260917,1,20260918,1
'1492048',20260917,1,20260918,1
'1492049',20260917,1,20260918,1
'1492050',20260917,1,20260918,1
'1492051',20260917,1,20260918,1
'1492052',20260917,1,20260918,1
'1492053',20260917,1,20260918,1
'1492054',20260917,1,20260918,1
'1492055',20260917,1,20260918,1
'1492056',20260917,1,20260918,1
'1492057',20260917,1,20260918,1
'1492058',20260917,1,20260918,1
'1492059',20260917,1,20260918,1
'1492060',20260917,1,20260918,1
'1492061',20260917,1,20260918,1
'1492062',20260917,1,20260918,1
'1492063',20260917,1,20260918,1
'1492064',20260917,1,20260918,1
'1492065',20260917,1,20260918,1
'1492066',20260917,1,20260918,1
'1492067',20260917,1,20260918,1
'1492068',20260917,1,20260918,1
'1492069',20260917,1,20260918,1
'1492070',20260917,1,20260918,1
'1492071',20260917,1,20260918,1
'1492072',20260917,1,20260918,1
'1492073',20260917,1,20260918,1
'1492074',20260917,1,20260918,1
'1492075',20260917,1,20260918,1
'1492076',20260917,1,20260918,1
'1492077',20260917,1,20260918,1
'1492078',20260917,1,20260918,1
'1492079',20260917,1,20260918,1
'1492080',20260917,1,20260918,1
'1492081',20260917,1,20260918,1
'1492131',20260919,1
'1492132',20260919,1
'1496918',20260919,1
'1496919',20260919,1
'1496920',20260919,1
'1496921',20260919,1
'1496922',20260919,1
'1496923',20260919,1
'1496924',20260919,1
'1496925',20260919,1
'1496926',20260919,1
'1496927',20260919,1
'1496928',20260919,1
'1496929',20260919,1
'1496930',20260919,1
'1496931',20260919,1
'1496932',20260919,1
'1496933',20260919,1
'1496934',20260919,1
'1496935',20260919,1
'1496936',20260919,1
'1496937',20260919,1
'1496938',20260919,1
'1496939',20260919,1
'1496940',20260919,1
'1496941',20260919,1
'1496942',20260919,1
'1496943',20260919,1
'1496944',20260919,1
'1496945',20260919,1
'1496946',20260919,1
'1496947',20260919,1
'1496948',20260919,1
'1496949',20260919,1
'1496950',20260919,1
'1496951',20260919,1
'1496952',20260919,1
'1496953',20260919,1
'1496954',20260919,1
'1496955',20260919,1
'1496956',20260919,1
'1496957',20260919,1
'1496958',20260919,1
'1496959',20260919,1
'1496960',20260919,1
'1496961',20260919,1
'1496962',20260919,1
'1496963',20260919,1
'1496964',20260919,1
'1496965',20260919,1
'1496966',20260919,1
'1496967',20260919,1
'1496968',20260919,1
'1496969',20260919,1
'1496970',20260919,1
'1496971',20260919,1
'1496972',20260919,1
'1496973',20260919,1
'1496974',20260919,1
'1496975',20260919,1
'1496976',20260919,1
'1496977',20260919,1
'1496978',20260919,1
'1496979',20260919,1
'1496980',20260919,1
'1496981',20260919,1
'1496982',20260919,1
'1496983',20260919,1
'1496984',20260919,1
'1496985',20260919,1
'1496986',20260919,1
'1496987',20260919,1
'1496988',20260919,1
'1496989',20260919,1
'1496990',20260919,1
'1496991',20260919,1
'1496992',20260919,1
'1496993',20260919,1
'1496994',20260919,1
'1496995',20260919,1
'1496996',20260919,1
'1496997',20260919,1
'1496998',20260919,1
'1496999',20260919,1
'1497000',20260919,1
'1497001',20260919,1
'1497002',20260919,1
'1497003',20260919,1
'1497004',20260919,1
'1497005',20260919,1
'1497006',20260919,1
'1497007',20260919,1
'1497008',20260919,1
'1497009',20260919,1
'1497010',20260919,1
'1497011',20260919,1
'1497012',20260919,1
'1497013',20260919,1
'1497014',20260919,1
'1497015',20260919,1
'1497016',20260919,1
'1497017',20260919,1
'1497018',20260919,1
'1497019',20260919,1
'1497020',20260919,1
'1497021',20260919,1
'1497022',20260919,1
'1497023',20260919,1
'1497024',20260919,1
'1497025',20260919,1
'1497026',20260919,1
'1497027',20260919,1
'1497028',20260919,1
'1497029',20260919,1
'1497030',20260919,1
'1497031',20260919,1
'1497032',20260919,1
'1497033',20260919,1
'1497034',20260919,1
'1497035',20260919,1
'1497036',20260919,1
'1497037',20260919,1
'1497038',20260919,1
'1497039',20260919,1
'1497040',20260919,1
'1497041',20260919,1
'1497042',20260919,1
'1497043',20260919,1
