3019,'1491899',1541,,370,22,,,0
3019,'1491900',1711,,371,22,,,0
3019,'1491901',2026,,372,22,,,0
3019,'1491902',841,,373,22,,,0
3019,'1491903',711,,374,22,,,0
3019,'1491904',1611,,375,22,,,0
3019,'1491905',1141,,376,22,,,0
3019,'1491906',1111,,377,22,,,0
3019,'1491907',741,,378,22,,,0
3019,'1491908',911,,379,22,,,0
3019,'1491909',2226,,380,22,,,0
3019,'1491910',1341,,381,22,,,0
3019,'1491911',1311,,382,22,,,0
3019,'1491912',1441,,383,22,,,0
3019,'1491913',1241,,384,22,,,0
3019,'1491914',2126,,385,22,,,0
3019,'1491915',811,,386,22,,,0
3019,'1491916',1741,,387,22,,,0
3019,'1491917',1411,,388,22,,,0
3019,'1491918',1011,,389,22,,,0
3019,'1491919',1041,,390,22,,,0
3019,'1491920',1211,,391,22,,,0
3019,'1491921',1641,,392,22,,,0
3019,'1491922',941,,393,22,,,0
3019,'1491923',1511,,394,22,,,0
3019,'1491924',1826,,395,22,,,0
3019,'1491925',2324,,396,22,,,0
3019,'1491928',1926,,399,22,,,0
3019,'1492021',641,,400,22,,,0
3019,'1496989',726,,647,21,,,0
3019,'1496991',1426,,649,21,,,0
3019,'1496993',826,,651,21,,,0
3019,'1496994',1126,,652,21,,,0
3019,'1496995',2226,,653,21,,,0
3019,'1496996',1826,,654,21,,,0
3019,'1496999',1326,,657,21,,,0
3019,'1497001',1926,,659,21,,,0
3019,'1497003',1626,,661,21,,,0
3019,'1497004',926,,662,21,,,0
3019,'1497005',1226,,663,21,,,0
3019,'1497009',2126,,667,21,,,0
3019,'1497010',1726,,668,21,,,0
3019,'1497011',1026,,669,21,,,0
3019,'1497015',1526,,673,21,,,0
3019,'1497020',2026,,678,21,,,0
3019,'1497023',2324,,681,21,,,0
3019,'1497024',626,,682,21,,,0
