4019,'1491929',705,3,525,48,,,0
4019,'1491930',2342,,526,48,,,0
4019,'1491931',1105,3,527,48,,,0
4019,'1491932',905,3,528,48,,,0
4019,'1491933',2050,3,529,48,,,0
4019,'1491934',1705,3,530,48,,,0
4019,'1491935',1905,3,531,48,,,0
4019,'1491936',2150,3,532,48,,,0
4019,'1491937',1005,3,533,48,,,0
4019,'1491938',1205,3,534,48,,,0
4019,'1491939',1950,3,535,48,,,0
4019,'1491940',805,3,536,48,,,0
4019,'1491941',1605,3,537,48,,,0
4019,'1491942',1805,3,538,48,,,0
4019,'1491943',1405,3,539,48,,,0
4019,'1491944',1505,3,540,48,,,0
4019,'1491945',2250,3,541,48,,,0
4019,'1491946',1305,3,542,48,,,0
4019,'1491947',606,3,543,14,,,0
4019,'1497026',847,,684,48,,,0
4019,'1497027',747,,685,48,,,0
4019,'1497028',1647,,686,48,,,0
4019,'1497029',2247,,687,48,,,0
4019,'1497030',1747,,688,48,,,0
4019,'1497031',1447,,689,48,,,0
4019,'1497032',2147,,690,48,,,0
4019,'1497033',1047,,691,48,,,0
4019,'1497034',1947,,692,48,,,0
4019,'1497035',1547,,693,48,,,0
4019,'1497036',947,,694,48,,,0
4019,'1497037',1847,,695,48,,,0
4019,'1497038',1347,,696,48,,,0
4019,'1497039',647,,697,48,,,0
4019,'1497040',2047,,698,48,,,0
4019,'1497041',1147,,699,48,,,0
4019,'1497042',1247,,700,48,,,0
4019,'1497043',2342,,701,48,,,0
