3019,'1496126',852,,1057,50,0,5,0
3019,'1496127',1052,,1058,50,0,5,0
3019,'1496132',1122,,1063,50,0,5,0
3019,'1496135',1652,,1066,50,0,5,0
3019,'1496137',1452,,1068,50,0,5,0
3019,'1496139',1222,,1070,50,0,5,0
3019,'1496140',752,,1071,50,0,5,0
3019,'1496143',722,,1074,50,0,5,0
3019,'1496145',1752,,1076,50,0,5,0
3019,'1496147',1322,,1078,50,0,5,0
3019,'1496148',1022,,1079,50,0,5,0
3019,'1496149',1252,,1080,50,0,5,0
3019,'1496150',1352,,1081,50,0,5,0
3019,'1496152',822,,1083,50,0,5,0
3019,'1496156',952,,1087,50,0,5,0
3019,'1496157',1622,,1088,50,0,5,0
3019,'1496158',1422,,1089,50,0,5,0
3019,'1496160',1722,,1091,50,0,5,0
3019,'1496161',1152,,1092,50,0,5,0
3019,'1496162',1522,,1093,50,0,5,0
3019,'1496166',1552,,1097,50,0,5,0
3019,'1496169',922,,1100,50,0,5,0
3019,'1496172',622,,1103,19,0,5,0
3019,'1496375',852,,1106,50,0,5,0
3019,'1496376',1052,,1107,50,0,5,0
3019,'1496379',2122,,1110,50,0,5,0
3019,'1496383',2222,,1114,50,0,5,0
3019,'1496384',1122,,1115,50,0,5,0
3019,'1496387',1652,,1118,50,0,5,0
3019,'1496389',2317,,1120,50,0,5,0
3019,'1496390',1452,,1121,50,0,5,0
3019,'1496391',1922,,1122,50,0,5,0
3019,'1496393',1222,,1124,50,0,5,0
3019,'1496394',752,,1125,50,0,5,0
3019,'1496397',2022,,1128,50,0,5,0
3019,'1496399',722,,1130,50,0,5,0
3019,'1496401',1752,,1132,50,0,5,0
3019,'1496403',1322,,1134,50,0,5,0
3019,'1496405',1822,,1136,50,0,5,0
3019,'1496406',1022,,1137,50,0,5,0
3019,'1496407',1252,,1138,50,0,5,0
3019,'1496408',1352,,1139,50,0,5,0
3019,'1496410',822,,1141,50,0,5,0
3019,'1496414',952,,1145,50,0,5,0
3019,'1496415',1622,,1146,50,0,5,0
3019,'1496416',1422,,1147,50,0,5,0
3019,'1496418',1722,,1149,50,0,5,0
3019,'1496419',1152,,1150,50,0,5,0
3019,'1496420',1522,,1151,50,0,5,0
3019,'1496424',1552,,1155,50,0,5,0
3019,'1496428',922,,1159,50,0,5,0
3019,'1496433',622,,1164,19,0,5,0
3019,'1496454',1722,,1167,50,0,5,0
3019,'1496456',2222,,1169,50,0,5,0
3019,'1496461',1922,,1174,50,0,5,0
3019,'1496462',1422,,1175,50,0,5,0
3019,'1496464',2022,,1177,50,0,5,0
3019,'1496466',2318,,1179,50,0,5,0
3019,'1496470',1822,,1183,50,0,5,0
3019,'1496471',722,,1184,50,0,5,0
3019,'1496472',922,,1185,50,0,5,0
3019,'1496476',1022,,1189,50,0,5,0
3019,'1496477',1322,,1190,50,0,5,0
3019,'1496478',1622,,1191,50,0,5,0
3019,'1496480',1122,,1193,50,0,5,0
3019,'1496481',1522,,1194,50,0,5,0
3019,'1496482',2122,,1195,50,0,5,0
3019,'1496483',822,,1196,50,0,5,0
3019,'1496485',1222,,1198,50,0,5,0
3019,'1496628',1722,,1204,50,0,5,0
3019,'1496630',2222,,1206,50,0,5,0
3019,'1496634',1922,,1210,50,0,5,0
3019,'1496635',1422,,1211,50,0,5,0
3019,'1496637',2022,,1213,50,0,5,0
3019,'1496639',2318,,1215,50,0,5,0
3019,'1496643',1822,,1219,50,0,5,0
3019,'1496644',922,,1220,50,0,5,0
3019,'1496648',1022,,1224,50,0,5,0
3019,'1496649',1322,,1225,50,0,5,0
3019,'1496650',1622,,1226,50,0,5,0
3019,'1496652',1122,,1228,50,0,5,0
3019,'1496653',1522,,1229,50,0,5,0
3019,'1496654',2122,,1230,50,0,5,0
3019,'1496655',822,,1231,50,0,5,0
3019,'1496657',1222,,1233,50,0,5,0
