1029,'1491948',1445,,124,42,,,0
1029,'1491949',1545,,125,42,,,0
1029,'1491951',1645,,126,42,,,0
1029,'1491953',745,,127,42,,,0
1029,'1491954',2115,,128,42,,,0
1029,'1491958',1045,,129,42,,,0
1029,'1491963',2015,,130,42,,,0
1029,'1491964',915,,131,42,,,0
1029,'1491965',1715,,132,42,,,0
1029,'1491966',1615,,133,42,,,0
1029,'1491970',1815,,134,42,,,0
1029,'1491971',1215,,135,42,,,0
1029,'1491972',1245,,136,42,,,0
1029,'1491973',1415,,137,42,,,0
1029,'1491974',1015,,138,42,,,0
1029,'1491976',715,,139,42,,,0
1029,'1491978',1845,,140,42,,,0
1029,'1491979',1745,,141,42,,,0
1029,'1491983',1345,,142,42,,,0
1029,'1491986',945,,143,42,,,0
1029,'1491987',2215,,144,42,,,0
1029,'1491989',1145,,145,42,,,0
1029,'1491991',2315,,146,42,,,0
1029,'1491993',845,,147,42,,,0
1029,'1491996',815,,148,42,,,0
1029,'1492000',1515,,149,42,,,0
1029,'1492001',1315,,150,42,,,0
1029,'1492003',1115,,151,42,,,0
1029,'1492008',1915,,153,42,,,0
1029,'1496919',1913,,594,42,,,0
1029,'1496920',2113,,595,42,,,0
1029,'1496925',1813,,596,42,,,0
1029,'1496926',2213,,597,42,,,0
1029,'1496927',1313,,598,42,,,0
1029,'1496929',1113,,599,42,,,0
1029,'1496931',1013,,600,42,,,0
1029,'1496932',2013,,601,42,,,0
1029,'1496934',713,,602,42,,,0
1029,'1496936',2313,,603,42,,,0
1029,'1496937',1513,,604,42,,,0
1029,'1496939',1613,,605,42,,,0
1029,'1496942',813,,606,42,,,0
1029,'1496943',1213,,607,42,,,0
1029,'1496944',913,,608,42,,,0
1029,'1496947',1713,,609,42,,,0
1029,'1496948',1413,,610,42,,,0
4019,'1491929',718,,525,67,,,0
4019,'1491930',2353,,526,67,,,0
4019,'1491931',1118,,527,67,,,0
4019,'1491932',918,,528,67,,,0
4019,'1491933',2103,,529,67,,,0
4019,'1491934',1718,,530,67,,,0
4019,'1491935',1918,,531,67,,,0
4019,'1491936',2203,,532,67,,,0
4019,'1491937',1018,,533,67,,,0
4019,'1491938',1218,,534,67,,,0
4019,'1491939',2003,,535,67,,,0
4019,'1491940',818,,536,67,,,0
4019,'1491941',1618,,537,67,,,0
4019,'1491942',1818,,538,67,,,0
4019,'1491943',1418,,539,67,,,0
4019,'1491944',1518,,540,67,,,0
4019,'1491945',2303,,541,67,,,0
4019,'1491946',1318,,542,67,,,0
4019,'1491947',618,,543,33,,,0
4019,'1497026',903,,684,71,,,0
4019,'1497027',803,,685,71,,,0
4019,'1497028',1703,,686,71,,,0
4019,'1497029',2303,,687,71,,,0
4019,'1497030',1803,,688,71,,,0
4019,'1497031',1503,,689,71,,,0
4019,'1497032',2203,,690,71,,,0
4019,'1497033',1103,,691,71,,,0
4019,'1497034',2003,,692,71,,,0
4019,'1497035',1603,,693,71,,,0
4019,'1497036',1003,,694,71,,,0
4019,'1497037',1903,,695,71,,,0
4019,'1497038',1403,,696,71,,,0
4019,'1497039',703,,697,71,,,0
4019,'1497040',2103,,698,71,,,0
4019,'1497041',1203,,699,71,,,0
4019,'1497042',1303,,700,71,,,0
4019,'1497043',2353,,701,71,,,0
