3019,'1488507',905,,436,73,0,5,0
3019,'1488508',1105,,437,73,0,5,0
3019,'1488511',2135,,438,73,0,5,0
3019,'1488515',2235,,439,73,0,5,0
3019,'1488516',1135,,440,73,0,5,0
3019,'1488519',1705,,441,73,0,5,0
3019,'1488521',2328,,442,73,0,5,0
3019,'1488522',1505,,443,73,0,5,0
3019,'1488523',1935,,444,73,0,5,0
3019,'1488525',1235,,445,73,0,5,0
3019,'1488526',805,,446,73,0,5,0
3019,'1488529',2035,,447,73,0,5,0
3019,'1488531',735,,448,73,0,5,0
3019,'1488533',1805,,449,73,0,5,0
3019,'1488535',1335,,450,73,0,5,0
3019,'1488537',1835,,451,73,0,5,0
3019,'1488538',1035,,452,73,0,5,0
3019,'1488539',1305,,453,73,0,5,0
3019,'1488540',1405,,454,73,0,5,0
3019,'1488542',835,,455,73,0,5,0
3019,'1488546',1005,,456,73,0,5,0
3019,'1488547',1635,,457,73,0,5,0
3019,'1488548',1435,,458,73,0,5,0
3019,'1488550',1735,,459,73,0,5,0
3019,'1488551',1205,,460,73,0,5,0
3019,'1488552',1535,,461,73,0,5,0
3019,'1488556',1605,,463,73,0,5,0
3019,'1488560',935,,464,73,0,5,0
3019,'1488565',635,,465,40,0,5,0
3019,'1496990',1735,,648,71,0,5,0
3019,'1496992',2235,,650,71,0,5,0
3019,'1496997',1935,,655,71,0,5,0
3019,'1496998',1435,,656,71,0,5,0
3019,'1497000',2035,,658,71,0,5,0
3019,'1497002',2328,,660,71,0,5,0
3019,'1497006',1835,,664,71,0,5,0
3019,'1497007',735,,665,71,0,5,0
3019,'1497008',935,,666,71,0,5,0
3019,'1497012',1035,,670,71,0,5,0
3019,'1497013',1335,,671,71,0,5,0
3019,'1497014',1635,,672,71,0,5,0
3019,'1497016',1135,,674,71,0,5,0
3019,'1497017',1535,,675,71,0,5,0
3019,'1497018',2135,,676,71,0,5,0
3019,'1497019',835,,677,71,0,5,0
3019,'1497021',1235,,679,71,0,5,0
