1019,'1496918',1409,,576,74,,,0
1019,'1496921',2009,,577,74,,,0
1019,'1496922',809,,578,74,,,0
1019,'1496923',709,,579,74,,,0
1019,'1496924',2109,,580,74,,,0
1019,'1496928',1109,,581,74,,,0
1019,'1496930',1509,,582,74,,,0
1019,'1496933',1709,,583,74,,,0
1019,'1496935',1209,,584,74,,,0
1019,'1496938',2209,,585,74,,,0
1019,'1496940',1609,,586,74,,,0
1019,'1496941',1809,,587,74,,,0
1019,'1496945',1009,,588,74,,,0
1019,'1496946',909,,589,74,,,0
1019,'1496949',1309,,590,74,,,0
1019,'1496950',1909,,591,74,,,0
1019,'1496951',2359,,592,74,,,0
1019,'1496952',2309,,593,74,,,0
3019,'1488507',939,,436,136,0,5,0
3019,'1488508',1139,,437,136,0,5,0
3019,'1488511',2209,,438,136,0,5,0
3019,'1488515',2309,,439,136,0,5,0
3019,'1488516',1209,,440,136,0,5,0
3019,'1488519',1739,,441,136,0,5,0
3019,'1488521',2359,,442,136,0,5,0
3019,'1488522',1539,,443,136,0,5,0
3019,'1488523',2009,,444,136,0,5,0
3019,'1488525',1309,,445,136,0,5,0
3019,'1488526',839,,446,136,0,5,0
3019,'1488529',2109,,447,136,0,5,0
3019,'1488531',809,,448,136,0,5,0
3019,'1488533',1839,,449,136,0,5,0
3019,'1488535',1409,,450,136,0,5,0
3019,'1488537',1909,,451,136,0,5,0
3019,'1488538',1109,,452,136,0,5,0
3019,'1488539',1339,,453,136,0,5,0
3019,'1488540',1439,,454,136,0,5,0
3019,'1488542',909,,455,136,0,5,0
3019,'1488546',1039,,456,136,0,5,0
3019,'1488547',1709,,457,136,0,5,0
3019,'1488548',1509,,458,136,0,5,0
3019,'1488550',1809,,459,136,0,5,0
3019,'1488551',1239,,460,136,0,5,0
3019,'1488552',1609,,461,136,0,5,0
3019,'1488553',639,,462,56,0,5,0
3019,'1488556',1639,,463,136,0,5,0
3019,'1488560',1009,,464,136,0,5,0
3019,'1488565',709,,465,103,0,5,0
3019,'1496990',1809,,648,133,0,5,0
3019,'1496992',2309,,650,133,0,5,0
3019,'1496997',2009,,655,133,0,5,0
3019,'1496998',1509,,656,133,0,5,0
3019,'1497000',2109,,658,133,0,5,0
3019,'1497002',2359,,660,133,0,5,0
3019,'1497006',1909,,664,133,0,5,0
3019,'1497007',809,,665,133,0,5,0
3019,'1497008',1009,,666,133,0,5,0
3019,'1497012',1109,,670,133,0,5,0
3019,'1497013',1409,,671,133,0,5,0
3019,'1497014',1709,,672,133,0,5,0
3019,'1497016',1209,,674,133,0,5,0
3019,'1497017',1609,,675,133,0,5,0
3019,'1497018',2209,,676,133,0,5,0
3019,'1497019',909,,677,133,0,5,0
3019,'1497021',1309,,679,133,0,5,0
3019,'1497025',639,,683,55,0,5,0
