2029,'1492022',2007,,280,35,,,0
2029,'1492026',907,,281,35,,,0
2029,'1492029',1407,,282,35,,,0
2029,'1492030',1207,,283,35,,,0
2029,'1492031',1807,,284,35,,,0
2029,'1492033',1237,,285,35,,,0
2029,'1492035',1537,,286,35,,,0
2029,'1492039',937,,287,35,,,0
2029,'1492041',2207,,288,35,,,0
2029,'1492044',807,,289,35,,,0
2029,'1492046',1607,,290,35,,,0
2029,'1492047',1437,,291,35,,,0
2029,'1492049',2306,,292,35,,,0
2029,'1492050',1037,,293,35,,,0
2029,'1492051',707,,294,35,,,0
2029,'1492052',1307,,295,35,,,0
2029,'1492054',1907,,296,35,,,0
2029,'1492056',1637,,297,35,,,0
2029,'1492059',1507,,298,35,,,0
2029,'1492060',1337,,299,35,,,0
2029,'1492061',737,,300,35,,,0
2029,'1492063',1707,,301,35,,,0
2029,'1492065',1007,,302,35,,,0
2029,'1492070',837,,303,35,,,0
2029,'1492071',2107,,304,35,,,0
2029,'1492072',1137,,305,35,,,0
2029,'1492073',1107,,306,35,,,0
2029,'1492076',1737,,307,35,,,0
2029,'1496956',1708,,630,36,,,0
2029,'1496959',1108,,631,36,,,0
2029,'1496960',2208,,632,36,,,0
2029,'1496963',2306,,633,36,,,0
2029,'1496964',1008,,634,36,,,0
2029,'1496965',2008,,635,36,,,0
2029,'1496966',908,,636,36,,,0
2029,'1496967',1508,,637,36,,,0
2029,'1496969',2108,,638,36,,,0
2029,'1496971',1808,,639,36,,,0
2029,'1496972',1208,,640,36,,,0
2029,'1496976',1408,,641,36,,,0
2029,'1496977',808,,642,36,,,0
2029,'1496978',1308,,643,36,,,0
2029,'1496980',1908,,644,36,,,0
2029,'1496982',1608,,645,36,,,0
2029,'1496985',708,,646,36,,,0
