1019,'1496067',747,,702,56,,,0
1019,'1496069',847,,703,56,,,0
1019,'1496071',1617,,704,56,,,0
1019,'1496072',1717,,705,56,,,0
1019,'1496074',817,,706,56,,,0
1019,'1496075',1517,,707,56,,,0
1019,'1496076',1317,,708,56,,,0
1019,'1496080',1417,,709,56,,,0
1019,'1496085',1117,,710,56,,,0
1019,'1496087',1347,,711,56,,,0
1019,'1496089',917,,712,56,,,0
1019,'1496090',1217,,713,56,,,0
1019,'1496091',1017,,714,56,,,0
1019,'1496093',1817,,715,56,,,0
1019,'1496095',1047,,716,56,,,0
1019,'1496097',947,,717,56,,,0
1019,'1496099',1447,,718,56,,,0
1019,'1496100',1547,,719,56,,,0
1019,'1496102',717,,720,56,,,0
1019,'1496103',1247,,721,56,,,0
1019,'1496104',1147,,722,56,,,0
1019,'1496107',1747,,723,56,,,0
1019,'1496109',1647,,724,56,,,0
1019,'1496110',617,,725,25,,,0
1019,'1496296',747,,726,56,,,0
1019,'1496298',847,,727,56,,,0
1019,'1496301',1617,,728,56,,,0
1019,'1496302',2202,,729,56,,,0
1019,'1496303',1717,,730,56,,,0
1019,'1496305',817,,731,56,,,0
1019,'1496306',1517,,732,56,,,0
1019,'1496307',1317,,733,56,,,0
1019,'1496308',1847,,734,56,,,0
1019,'1496313',1417,,735,56,,,0
1019,'1496314',2002,,736,56,,,0
1019,'1496315',2102,,737,56,,,0
1019,'1496321',1117,,738,56,,,0
1019,'1496323',1347,,739,56,,,0
1019,'1496326',917,,740,56,,,0
1019,'1496327',1217,,741,56,,,0
1019,'1496328',1017,,742,56,,,0
1019,'1496330',2353,,743,56,,,0
1019,'1496331',1817,,744,56,,,0
1019,'1496334',1047,,745,56,,,0
1019,'1496336',947,,746,56,,,0
1019,'1496338',2302,,747,56,,,0
1019,'1496340',1447,,748,56,,,0
1019,'1496341',1547,,749,56,,,0
1019,'1496343',717,,750,56,,,0
1019,'1496344',1247,,751,56,,,0
1019,'1496345',1147,,752,56,,,0
1019,'1496348',1747,,753,56,,,0
1019,'1496350',1647,,754,56,,,0
1019,'1496351',617,,755,25,,,0
1019,'1496353',1917,,756,56,,,0
1019,'1496526',1402,,757,56,,,0
1019,'1496529',2002,,758,56,,,0
1019,'1496530',802,,759,56,,,0
1019,'1496531',702,,760,56,,,0
1019,'1496532',2102,,761,56,,,0
1019,'1496536',1102,,762,56,,,0
1019,'1496538',1502,,763,56,,,0
1019,'1496541',1702,,764,56,,,0
1019,'1496543',1202,,765,56,,,0
1019,'1496546',2202,,766,56,,,0
1019,'1496548',1602,,767,56,,,0
1019,'1496549',1802,,768,56,,,0
1019,'1496553',1002,,769,56,,,0
1019,'1496554',902,,770,56,,,0
1019,'1496557',1302,,771,56,,,0
1019,'1496558',1902,,772,56,,,0
1019,'1496559',2351,,773,56,,,0
1019,'1496560',2302,,774,56,,,0
1019,'1496561',1402,,775,56,,,0
1019,'1496564',2002,,776,56,,,0
1019,'1496565',802,,777,56,,,0
1019,'1496566',2102,,778,56,,,0
1019,'1496570',1102,,779,56,,,0
1019,'1496572',1502,,780,56,,,0
1019,'1496575',1702,,781,56,,,0
1019,'1496576',1202,,782,56,,,0
1019,'1496579',2202,,783,56,,,0
1019,'1496581',1602,,784,56,,,0
1019,'1496582',1802,,785,56,,,0
1019,'1496586',1002,,786,56,,,0
1019,'1496587',902,,787,56,,,0
1019,'1496590',1302,,788,56,,,0
1019,'1496591',1902,,789,56,,,0
1019,'1496592',2351,,790,56,,,0
1019,'1496593',2302,,791,56,,,0
