3019,'1491899',1536,,370,10,,,0
3019,'1491900',1706,,371,10,,,0
3019,'1491901',2021,,372,10,,,0
3019,'1491902',836,,373,10,,,0
3019,'1491903',706,,374,10,,,0
3019,'1491904',1606,,375,10,,,0
3019,'1491905',1136,,376,10,,,0
3019,'1491906',1106,,377,10,,,0
3019,'1491907',736,,378,10,,,0
3019,'1491908',906,,379,10,,,0
3019,'1491909',2221,,380,10,,,0
3019,'1491910',1336,,381,10,,,0
3019,'1491911',1306,,382,10,,,0
3019,'1491912',1436,,383,10,,,0
3019,'1491913',1236,,384,10,,,0
3019,'1491914',2121,,385,10,,,0
3019,'1491915',806,,386,10,,,0
3019,'1491916',1736,,387,10,,,0
3019,'1491917',1406,,388,10,,,0
3019,'1491918',1006,,389,10,,,0
3019,'1491919',1036,,390,10,,,0
3019,'1491920',1206,,391,10,,,0
3019,'1491921',1636,,392,10,,,0
3019,'1491922',936,,393,10,,,0
3019,'1491923',1506,,394,10,,,0
3019,'1491924',1821,,395,10,,,0
3019,'1491925',2320,,396,10,,,0
3019,'1491928',1921,,399,10,,,0
3019,'1492021',636,,400,10,,,0
3019,'1496989',721,,647,10,,,0
3019,'1496991',1421,,649,10,,,0
3019,'1496993',821,,651,10,,,0
3019,'1496994',1121,,652,10,,,0
3019,'1496995',2221,,653,10,,,0
3019,'1496996',1821,,654,10,,,0
3019,'1496999',1321,,657,10,,,0
3019,'1497001',1921,,659,10,,,0
3019,'1497003',1621,,661,10,,,0
3019,'1497004',921,,662,10,,,0
3019,'1497005',1221,,663,10,,,0
3019,'1497009',2121,,667,10,,,0
3019,'1497010',1721,,668,10,,,0
3019,'1497011',1021,,669,10,,,0
3019,'1497015',1521,,673,10,,,0
3019,'1497020',2021,,678,10,,,0
3019,'1497023',2320,,681,10,,,0
3019,'1497024',621,,682,10,,,0
