2029,'1492022',2056,,280,113,,,0
2029,'1492026',956,,281,113,,,0
2029,'1492029',1456,,282,113,,,0
2029,'1492030',1256,,283,113,,,0
2029,'1492031',1856,,284,113,,,0
2029,'1492033',1326,,285,113,,,0
2029,'1492035',1626,,286,113,,,0
2029,'1492039',1026,,287,113,,,0
2029,'1492041',2256,,288,113,,,0
2029,'1492044',856,,289,113,,,0
2029,'1492046',1656,,290,113,,,0
2029,'1492047',1526,,291,113,,,0
2029,'1492049',2349,,292,113,,,0
2029,'1492050',1126,,293,113,,,0
2029,'1492051',756,,294,113,,,0
2029,'1492052',1356,,295,113,,,0
2029,'1492054',1956,,296,113,,,0
2029,'1492056',1726,,297,113,,,0
2029,'1492059',1556,,298,113,,,0
2029,'1492060',1426,,299,113,,,0
2029,'1492061',826,,300,113,,,0
2029,'1492063',1756,,301,113,,,0
2029,'1492065',1056,,302,113,,,0
2029,'1492070',926,,303,113,,,0
2029,'1492071',2156,,304,113,,,0
2029,'1492072',1226,,305,113,,,0
2029,'1492073',1156,,306,113,,,0
2029,'1492076',1826,,307,113,,,0
2029,'1492081',656,,308,77,,,0
2029,'1496956',1756,,630,114,,,0
2029,'1496959',1156,,631,114,,,0
2029,'1496960',2256,,632,114,,,0
2029,'1496963',2349,,633,114,,,0
2029,'1496964',1056,,634,114,,,0
2029,'1496965',2056,,635,114,,,0
2029,'1496966',956,,636,114,,,0
2029,'1496967',1556,,637,114,,,0
2029,'1496969',2156,,638,114,,,0
2029,'1496971',1856,,639,114,,,0
2029,'1496972',1256,,640,114,,,0
2029,'1496976',1456,,641,114,,,0
2029,'1496977',856,,642,114,,,0
2029,'1496978',1356,,643,114,,,0
2029,'1496980',1956,,644,114,,,0
2029,'1496982',1656,,645,114,,,0
2029,'1496985',756,,646,114,,,0
