2019,'1492023',2324,,191,102,,,0
2019,'1492024',1309,,192,102,,,0
2019,'1492025',1439,,193,102,,,0
2019,'1492027',2224,,194,102,,,0
2019,'1492028',1924,,195,102,,,0
2019,'1492032',1409,,196,102,,,0
2019,'1492034',1539,,197,102,,,0
2019,'1492036',1039,,198,102,,,0
2019,'1492037',1609,,199,102,,,0
2019,'1492038',1009,,200,102,,,0
2019,'1492040',1209,,201,102,,,0
2019,'1492042',939,,202,102,,,0
2019,'1492043',909,,203,102,,,0
2019,'1492045',1109,,204,102,,,0
2019,'1492048',1639,,205,102,,,0
2019,'1492053',2124,,206,102,,,0
2019,'1492055',809,,207,102,,,0
2019,'1492057',1809,,208,102,,,0
2019,'1492062',1509,,210,102,,,0
2019,'1492064',1139,,211,102,,,0
2019,'1492066',1239,,212,102,,,0
2019,'1492067',1709,,213,102,,,0
2019,'1492068',1839,,214,102,,,0
2019,'1492069',1739,,215,102,,,0
2019,'1492074',839,,216,102,,,0
2019,'1492075',1339,,217,102,,,0
2019,'1492077',739,,218,102,,,0
2019,'1492078',609,,219,17,,,0
2019,'1492079',639,,220,80,,,0
2019,'1492080',2024,,221,102,,,0
2019,'1496953',1824,,611,103,,,0
2019,'1496954',2224,,612,103,,,0
2019,'1496955',1424,,613,103,,,0
2019,'1496957',1224,,614,103,,,0
2019,'1496958',1524,,615,103,,,0
2019,'1496961',2124,,616,103,,,0
2019,'1496962',824,,617,103,,,0
2019,'1496968',1324,,618,103,,,0
2019,'1496970',2324,,619,103,,,0
2019,'1496973',1624,,620,103,,,0
2019,'1496974',1924,,621,103,,,0
2019,'1496975',1124,,622,103,,,0
2019,'1496979',1024,,623,103,,,0
2019,'1496981',924,,624,103,,,0
2019,'1496983',1724,,625,103,,,0
2019,'1496984',2024,,626,103,,,0
2019,'1496986',724,,627,103,,,0
2019,'1496987',654,,628,71,,,0
