4019,'1491929',639,,525,16,,,0
4019,'1491930',2323,,526,16,,,0
4019,'1491931',1039,,527,16,,,0
4019,'1491932',839,,528,16,,,0
4019,'1491933',2024,,529,16,,,0
4019,'1491934',1639,,530,16,,,0
4019,'1491935',1839,,531,16,,,0
4019,'1491936',2124,,532,16,,,0
4019,'1491937',939,,533,16,,,0
4019,'1491938',1139,,534,16,,,0
4019,'1491939',1924,,535,16,,,0
4019,'1491940',739,,536,16,,,0
4019,'1491941',1539,,537,16,,,0
4019,'1491942',1739,,538,16,,,0
4019,'1491943',1339,,539,16,,,0
4019,'1491944',1439,,540,16,,,0
4019,'1491945',2224,,541,16,,,0
4019,'1491946',1239,,542,16,,,0
4019,'1497026',824,,684,16,,,0
4019,'1497027',724,,685,16,,,0
4019,'1497028',1624,,686,16,,,0
4019,'1497029',2224,,687,16,,,0
4019,'1497030',1724,,688,16,,,0
4019,'1497031',1424,,689,16,,,0
4019,'1497032',2124,,690,16,,,0
4019,'1497033',1024,,691,16,,,0
4019,'1497034',1924,,692,16,,,0
4019,'1497035',1524,,693,16,,,0
4019,'1497036',924,,694,16,,,0
4019,'1497037',1824,,695,16,,,0
4019,'1497038',1324,,696,16,,,0
4019,'1497039',624,,697,16,,,0
4019,'1497040',2024,,698,16,,,0
4019,'1497041',1124,,699,16,,,0
4019,'1497042',1224,,700,16,,,0
4019,'1497043',2323,,701,16,,,0
