1029,'1491948',1433,,124,26,,,0
1029,'1491949',1533,,125,26,,,0
1029,'1491951',1633,,126,26,,,0
1029,'1491953',733,,127,26,,,0
1029,'1491954',2103,,128,26,,,0
1029,'1491958',1033,,129,26,,,0
1029,'1491963',2003,,130,26,,,0
1029,'1491964',903,,131,26,,,0
1029,'1491965',1703,,132,26,,,0
1029,'1491966',1603,,133,26,,,0
1029,'1491970',1803,,134,26,,,0
1029,'1491971',1203,,135,26,,,0
1029,'1491972',1233,,136,26,,,0
1029,'1491973',1403,,137,26,,,0
1029,'1491974',1003,,138,26,,,0
1029,'1491976',703,,139,26,,,0
1029,'1491978',1833,,140,26,,,0
1029,'1491979',1733,,141,26,,,0
1029,'1491983',1333,,142,26,,,0
1029,'1491986',933,,143,26,,,0
1029,'1491987',2203,,144,26,,,0
1029,'1491989',1133,,145,26,,,0
1029,'1491991',2303,,146,26,,,0
1029,'1491993',833,,147,26,,,0
1029,'1491996',803,,148,26,,,0
1029,'1492000',1503,,149,26,,,0
1029,'1492001',1303,,150,26,,,0
1029,'1492003',1103,,151,26,,,0
1029,'1492008',1903,,153,26,,,0
1029,'1496919',1901,,594,26,,,0
1029,'1496920',2101,,595,26,,,0
1029,'1496925',1801,,596,26,,,0
1029,'1496926',2201,,597,26,,,0
1029,'1496927',1301,,598,26,,,0
1029,'1496929',1101,,599,26,,,0
1029,'1496931',1001,,600,26,,,0
1029,'1496932',2001,,601,26,,,0
1029,'1496934',701,,602,26,,,0
1029,'1496936',2301,,603,26,,,0
1029,'1496937',1501,,604,26,,,0
1029,'1496939',1601,,605,26,,,0
1029,'1496942',801,,606,26,,,0
1029,'1496943',1201,,607,26,,,0
1029,'1496944',901,,608,26,,,0
1029,'1496947',1701,,609,26,,,0
1029,'1496948',1401,,610,26,,,0
