1029,'1491948',1422,,124,10,,,0
1029,'1491949',1522,,125,10,,,0
1029,'1491951',1622,,126,10,,,0
1029,'1491953',722,,127,10,,,0
1029,'1491954',2052,,128,10,,,0
1029,'1491958',1022,,129,10,,,0
1029,'1491963',1952,,130,10,,,0
1029,'1491964',852,,131,10,,,0
1029,'1491965',1652,,132,10,,,0
1029,'1491966',1552,,133,10,,,0
1029,'1491970',1752,,134,10,,,0
1029,'1491971',1152,,135,10,,,0
1029,'1491972',1222,,136,10,,,0
1029,'1491973',1352,,137,10,,,0
1029,'1491974',952,,138,10,,,0
1029,'1491976',652,,139,10,,,0
1029,'1491978',1822,,140,10,,,0
1029,'1491979',1722,,141,10,,,0
1029,'1491983',1322,,142,10,,,0
1029,'1491986',922,,143,10,,,0
1029,'1491987',2152,,144,10,,,0
1029,'1491989',1122,,145,10,,,0
1029,'1491991',2252,,146,10,,,0
1029,'1491993',822,,147,10,,,0
1029,'1491996',752,,148,10,,,0
1029,'1492000',1452,,149,10,,,0
1029,'1492001',1252,,150,10,,,0
1029,'1492003',1052,,151,10,,,0
1029,'1492008',1852,,153,10,,,0
1029,'1496919',1851,,594,10,,,0
1029,'1496920',2051,,595,10,,,0
1029,'1496925',1751,,596,10,,,0
1029,'1496926',2151,,597,10,,,0
1029,'1496927',1251,,598,10,,,0
1029,'1496929',1051,,599,10,,,0
1029,'1496931',951,,600,10,,,0
1029,'1496932',1951,,601,10,,,0
1029,'1496934',651,,602,10,,,0
1029,'1496936',2251,,603,10,,,0
1029,'1496937',1451,,604,10,,,0
1029,'1496939',1551,,605,10,,,0
1029,'1496942',751,,606,10,,,0
1029,'1496943',1151,,607,10,,,0
1029,'1496944',851,,608,10,,,0
1029,'1496947',1651,,609,10,,,0
1029,'1496948',1351,,610,10,,,0
