1019,'1491950',703,,37,7,,,0
1019,'1491952',803,,38,7,,,0
1019,'1491955',1533,,39,7,,,0
1019,'1491956',2118,,40,7,,,0
1019,'1491957',1633,,41,7,,,0
1019,'1491959',733,,42,7,,,0
1019,'1491960',1433,,43,7,,,0
1019,'1491961',1233,,44,7,,,0
1019,'1491962',1803,,45,7,,,0
1019,'1491967',1333,,46,7,,,0
1019,'1491968',1918,,47,7,,,0
1019,'1491969',2018,,48,7,,,0
1019,'1491975',1033,,49,7,,,0
1019,'1491977',1303,,50,7,,,0
1019,'1491980',833,,51,7,,,0
1019,'1491981',1133,,52,7,,,0
1019,'1491982',933,,53,7,,,0
1019,'1491984',2318,,54,7,,,0
1019,'1491985',1733,,55,7,,,0
1019,'1491988',1003,,56,7,,,0
1019,'1491990',903,,57,7,,,0
1019,'1491992',2218,,58,7,,,0
1019,'1491994',1403,,59,7,,,0
1019,'1491995',1503,,60,7,,,0
1019,'1491997',633,,61,7,,,0
1019,'1491998',1203,,62,7,,,0
1019,'1491999',1103,,63,7,,,0
1019,'1492002',1703,,64,7,,,0
1019,'1492004',1603,,65,7,,,0
1019,'1492007',1833,,67,7,,,0
1019,'1496918',1318,,576,7,,,0
1019,'1496921',1918,,577,7,,,0
1019,'1496922',718,,578,7,,,0
1019,'1496923',618,,579,7,,,0
1019,'1496924',2018,,580,7,,,0
1019,'1496928',1018,,581,7,,,0
1019,'1496930',1418,,582,7,,,0
1019,'1496933',1618,,583,7,,,0
1019,'1496935',1118,,584,7,,,0
1019,'1496938',2118,,585,7,,,0
1019,'1496940',1518,,586,7,,,0
1019,'1496941',1718,,587,7,,,0
1019,'1496945',918,,588,7,,,0
1019,'1496946',818,,589,7,,,0
1019,'1496949',1218,,590,7,,,0
1019,'1496950',1818,,591,7,,,0
1019,'1496951',2318,,592,7,,,0
1019,'1496952',2218,,593,7,,,0
