1019,'1491950',706,,37,11,,,0
1019,'1491952',806,,38,11,,,0
1019,'1491955',1536,,39,11,,,0
1019,'1491956',2121,,40,11,,,0
1019,'1491957',1636,,41,11,,,0
1019,'1491959',736,,42,11,,,0
1019,'1491960',1436,,43,11,,,0
1019,'1491961',1236,,44,11,,,0
1019,'1491962',1806,,45,11,,,0
1019,'1491967',1336,,46,11,,,0
1019,'1491968',1921,,47,11,,,0
1019,'1491969',2021,,48,11,,,0
1019,'1491975',1036,,49,11,,,0
1019,'1491977',1306,,50,11,,,0
1019,'1491980',836,,51,11,,,0
1019,'1491981',1136,,52,11,,,0
1019,'1491982',936,,53,11,,,0
1019,'1491984',2321,,54,11,,,0
1019,'1491985',1736,,55,11,,,0
1019,'1491988',1006,,56,11,,,0
1019,'1491990',906,,57,11,,,0
1019,'1491992',2221,,58,11,,,0
1019,'1491994',1406,,59,11,,,0
1019,'1491995',1506,,60,11,,,0
1019,'1491997',636,,61,11,,,0
1019,'1491998',1206,,62,11,,,0
1019,'1491999',1106,,63,11,,,0
1019,'1492002',1706,,64,11,,,0
1019,'1492004',1606,,65,11,,,0
1019,'1492007',1836,,67,11,,,0
1019,'1496918',1321,,576,11,,,0
1019,'1496921',1921,,577,11,,,0
1019,'1496922',721,,578,11,,,0
1019,'1496923',621,,579,11,,,0
1019,'1496924',2021,,580,11,,,0
1019,'1496928',1021,,581,11,,,0
1019,'1496930',1421,,582,11,,,0
1019,'1496933',1621,,583,11,,,0
1019,'1496935',1121,,584,11,,,0
1019,'1496938',2121,,585,11,,,0
1019,'1496940',1521,,586,11,,,0
1019,'1496941',1721,,587,11,,,0
1019,'1496945',921,,588,11,,,0
1019,'1496946',821,,589,11,,,0
1019,'1496949',1221,,590,11,,,0
1019,'1496950',1821,,591,11,,,0
1019,'1496951',2321,,592,11,,,0
1019,'1496952',2221,,593,11,,,0
