4019,'1496112',654,,1237,36,,,0
4019,'1496113',1054,,1238,36,,,0
4019,'1496114',854,,1239,36,,,0
4019,'1496115',1654,,1240,36,,,0
4019,'1496116',954,,1241,36,,,0
4019,'1496117',1154,,1242,36,,,0
4019,'1496118',754,,1243,36,,,0
4019,'1496119',1554,,1244,36,,,0
4019,'1496120',1754,,1245,36,,,0
4019,'1496121',1354,,1246,36,,,0
4019,'1496122',1454,,1247,36,,,0
4019,'1496123',1254,,1248,36,,,0
4019,'1496124',555,,1249,2,,,0
4019,'1496355',654,,1250,36,,,0
4019,'1496356',2335,,1251,36,,,0
4019,'1496357',1054,,1252,36,,,0
4019,'1496358',854,,1253,36,,,0
4019,'1496359',2039,,1254,36,,,0
4019,'1496360',1654,,1255,36,,,0
4019,'1496361',1854,,1256,36,,,0
4019,'1496362',2139,,1257,36,,,0
4019,'1496363',954,,1258,36,,,0
4019,'1496364',1154,,1259,36,,,0
4019,'1496365',1939,,1260,36,,,0
4019,'1496366',754,,1261,36,,,0
4019,'1496367',1554,,1262,36,,,0
4019,'1496368',1754,,1263,36,,,0
4019,'1496369',1354,,1264,36,,,0
4019,'1496370',1454,,1265,36,,,0
4019,'1496371',2239,,1266,36,,,0
4019,'1496372',1254,,1267,36,,,0
4019,'1496373',555,,1268,2,,,0
4019,'1496435',839,,1269,36,,,0
4019,'1496436',739,,1270,36,,,0
4019,'1496437',1639,,1271,36,,,0
4019,'1496438',2239,,1272,36,,,0
4019,'1496439',1739,,1273,36,,,0
4019,'1496440',1439,,1274,36,,,0
4019,'1496441',2139,,1275,36,,,0
4019,'1496442',1039,,1276,36,,,0
4019,'1496443',1939,,1277,36,,,0
4019,'1496444',1539,,1278,36,,,0
4019,'1496445',939,,1279,36,,,0
4019,'1496446',1839,,1280,36,,,0
4019,'1496447',1339,,1281,36,,,0
4019,'1496448',639,,1282,36,,,0
4019,'1496449',2039,,1283,36,,,0
4019,'1496450',1139,,1284,36,,,0
4019,'1496451',1239,,1285,36,,,0
4019,'1496452',2335,,1286,36,,,0
4019,'1496661',839,,1287,36,,,0
4019,'1496662',739,,1288,36,,,0
4019,'1496663',1639,,1289,36,,,0
4019,'1496664',2239,,1290,36,,,0
4019,'1496665',1739,,1291,36,,,0
4019,'1496666',1439,,1292,36,,,0
4019,'1496667',2139,,1293,36,,,0
4019,'1496668',1039,,1294,36,,,0
4019,'1496669',1939,,1295,36,,,0
4019,'1496670',1539,,1296,36,,,0
4019,'1496671',939,,1297,36,,,0
4019,'1496672',1839,,1298,36,,,0
4019,'1496673',1339,,1299,36,,,0
4019,'1496674',2039,,1300,36,,,0
4019,'1496675',1139,,1301,36,,,0
4019,'1496676',1239,,1302,36,,,0
4019,'1496677',2335,,1303,36,,,0
