3019,'1488507',918,,436,95,0,5,0
3019,'1488508',1118,,437,95,0,5,0
3019,'1488511',2148,,438,95,0,5,0
3019,'1488515',2248,,439,95,0,5,0
3019,'1488516',1148,,440,95,0,5,0
3019,'1488519',1718,,441,95,0,5,0
3019,'1488521',2339,,442,95,0,5,0
3019,'1488522',1518,,443,95,0,5,0
3019,'1488523',1948,,444,95,0,5,0
3019,'1488525',1248,,445,95,0,5,0
3019,'1488526',818,,446,95,0,5,0
3019,'1488529',2048,,447,95,0,5,0
3019,'1488531',748,,448,95,0,5,0
3019,'1488533',1818,,449,95,0,5,0
3019,'1488535',1348,,450,95,0,5,0
3019,'1488537',1848,,451,95,0,5,0
3019,'1488538',1048,,452,95,0,5,0
3019,'1488539',1318,,453,95,0,5,0
3019,'1488540',1418,,454,95,0,5,0
3019,'1488542',848,,455,95,0,5,0
3019,'1488546',1018,,456,95,0,5,0
3019,'1488547',1648,,457,95,0,5,0
3019,'1488548',1448,,458,95,0,5,0
3019,'1488550',1748,,459,95,0,5,0
3019,'1488551',1218,,460,95,0,5,0
3019,'1488552',1548,,461,95,0,5,0
3019,'1488553',618,,462,15,0,5,0
3019,'1488556',1618,,463,95,0,5,0
3019,'1488560',948,,464,95,0,5,0
3019,'1488565',648,,465,62,0,5,0
3019,'1496990',1748,,648,93,0,5,0
3019,'1496992',2248,,650,93,0,5,0
3019,'1496997',1948,,655,93,0,5,0
3019,'1496998',1448,,656,93,0,5,0
3019,'1497000',2048,,658,93,0,5,0
3019,'1497002',2339,,660,93,0,5,0
3019,'1497006',1848,,664,93,0,5,0
3019,'1497007',748,,665,93,0,5,0
3019,'1497008',948,,666,93,0,5,0
3019,'1497012',1048,,670,93,0,5,0
3019,'1497013',1348,,671,93,0,5,0
3019,'1497014',1648,,672,93,0,5,0
3019,'1497016',1148,,674,93,0,5,0
3019,'1497017',1548,,675,93,0,5,0
3019,'1497018',2148,,676,93,0,5,0
3019,'1497019',848,,677,93,0,5,0
3019,'1497021',1248,,679,93,0,5,0
3019,'1497025',621,,683,15,0,5,0
