1019,'1491950',711,,37,17,,,0
1019,'1491952',811,,38,17,,,0
1019,'1491955',1541,,39,17,,,0
1019,'1491956',2126,,40,17,,,0
1019,'1491957',1641,,41,17,,,0
1019,'1491959',741,,42,17,,,0
1019,'1491960',1441,,43,17,,,0
1019,'1491961',1241,,44,17,,,0
1019,'1491962',1811,,45,17,,,0
1019,'1491967',1341,,46,17,,,0
1019,'1491968',1926,,47,17,,,0
1019,'1491969',2026,,48,17,,,0
1019,'1491975',1041,,49,17,,,0
1019,'1491977',1311,,50,17,,,0
1019,'1491980',841,,51,17,,,0
1019,'1491981',1141,,52,17,,,0
1019,'1491982',941,,53,17,,,0
1019,'1491984',2326,,54,17,,,0
1019,'1491985',1741,,55,17,,,0
1019,'1491988',1011,,56,17,,,0
1019,'1491990',911,,57,17,,,0
1019,'1491992',2226,,58,17,,,0
1019,'1491994',1411,,59,17,,,0
1019,'1491995',1511,,60,17,,,0
1019,'1491997',641,,61,17,,,0
1019,'1491998',1211,,62,17,,,0
1019,'1491999',1111,,63,17,,,0
1019,'1492002',1711,,64,17,,,0
1019,'1492004',1611,,65,17,,,0
1019,'1492007',1841,,67,17,,,0
1019,'1496918',1327,,576,18,,,0
1019,'1496921',1927,,577,18,,,0
1019,'1496922',727,,578,18,,,0
1019,'1496923',627,,579,18,,,0
1019,'1496924',2027,,580,18,,,0
1019,'1496928',1027,,581,18,,,0
1019,'1496930',1427,,582,18,,,0
1019,'1496933',1627,,583,18,,,0
1019,'1496935',1127,,584,18,,,0
1019,'1496938',2127,,585,18,,,0
1019,'1496940',1527,,586,18,,,0
1019,'1496941',1727,,587,18,,,0
1019,'1496945',927,,588,18,,,0
1019,'1496946',827,,589,18,,,0
1019,'1496949',1227,,590,18,,,0
1019,'1496950',1827,,591,18,,,0
1019,'1496951',2327,,592,18,,,0
1019,'1496952',2227,,593,18,,,0
