2019,'1492023',2224,,191,12,,,0
2019,'1492024',1209,,192,12,,,0
2019,'1492025',1339,,193,12,,,0
2019,'1492027',2124,,194,12,,,0
2019,'1492028',1824,,195,12,,,0
2019,'1492032',1309,,196,12,,,0
2019,'1492034',1439,,197,12,,,0
2019,'1492036',939,,198,12,,,0
2019,'1492037',1509,,199,12,,,0
2019,'1492038',909,,200,12,,,0
2019,'1492040',1109,,201,12,,,0
2019,'1492042',839,,202,12,,,0
2019,'1492043',809,,203,12,,,0
2019,'1492045',1009,,204,12,,,0
2019,'1492048',1539,,205,12,,,0
2019,'1492053',2024,,206,12,,,0
2019,'1492055',709,,207,12,,,0
2019,'1492057',1709,,208,12,,,0
2019,'1492058',2323,,209,12,,,0
2019,'1492062',1409,,210,12,,,0
2019,'1492064',1039,,211,12,,,0
2019,'1492066',1139,,212,12,,,0
2019,'1492067',1609,,213,12,,,0
2019,'1492068',1739,,214,12,,,0
2019,'1492069',1639,,215,12,,,0
2019,'1492074',739,,216,12,,,0
2019,'1492075',1239,,217,12,,,0
2019,'1492077',639,,218,12,,,0
2019,'1492080',1924,,221,12,,,0
2019,'1496953',1724,,611,12,,,0
2019,'1496954',2124,,612,12,,,0
2019,'1496955',1324,,613,12,,,0
2019,'1496957',1124,,614,12,,,0
2019,'1496958',1424,,615,12,,,0
2019,'1496961',2024,,616,12,,,0
2019,'1496962',724,,617,12,,,0
2019,'1496968',1224,,618,12,,,0
2019,'1496970',2224,,619,12,,,0
2019,'1496973',1524,,620,12,,,0
2019,'1496974',1824,,621,12,,,0
2019,'1496975',1024,,622,12,,,0
2019,'1496979',924,,623,12,,,0
2019,'1496981',824,,624,12,,,0
2019,'1496983',1624,,625,12,,,0
2019,'1496984',1924,,626,12,,,0
2019,'1496986',624,,627,12,,,0
2019,'1496988',2322,,629,12,,,0
