4019,'1491929',653,,525,34,,,0
4019,'1491930',2334,,526,34,,,0
4019,'1491931',1053,,527,34,,,0
4019,'1491932',853,,528,34,,,0
4019,'1491933',2038,,529,34,,,0
4019,'1491934',1653,,530,34,,,0
4019,'1491935',1853,,531,34,,,0
4019,'1491936',2138,,532,34,,,0
4019,'1491937',953,,533,34,,,0
4019,'1491938',1153,,534,34,,,0
4019,'1491939',1938,,535,34,,,0
4019,'1491940',753,,536,34,,,0
4019,'1491941',1553,,537,34,,,0
4019,'1491942',1753,,538,34,,,0
4019,'1491943',1353,,539,34,,,0
4019,'1491944',1453,,540,34,,,0
4019,'1491945',2238,,541,34,,,0
4019,'1491946',1253,,542,34,,,0
4019,'1497026',838,,684,34,,,0
4019,'1497027',738,,685,34,,,0
4019,'1497028',1638,,686,34,,,0
4019,'1497029',2238,,687,34,,,0
4019,'1497030',1738,,688,34,,,0
4019,'1497031',1438,,689,34,,,0
4019,'1497032',2138,,690,34,,,0
4019,'1497033',1038,,691,34,,,0
4019,'1497034',1938,,692,34,,,0
4019,'1497035',1538,,693,34,,,0
4019,'1497036',938,,694,34,,,0
4019,'1497037',1838,,695,34,,,0
4019,'1497038',1338,,696,34,,,0
4019,'1497039',638,,697,34,,,0
4019,'1497040',2038,,698,34,,,0
4019,'1497041',1138,,699,34,,,0
4019,'1497042',1238,,700,34,,,0
4019,'1497043',2334,,701,34,,,0
