2029,'1497044',905,,973,30,,,0
2029,'1497045',1405,,974,30,,,0
2029,'1497046',1205,,975,30,,,0
2029,'1497047',1235,,976,30,,,0
2029,'1497048',1535,,977,30,,,0
2029,'1497049',935,,978,30,,,0
2029,'1497050',805,,979,30,,,0
2029,'1497051',1605,,980,30,,,0
2029,'1497052',1435,,981,30,,,0
2029,'1497053',1035,,982,30,,,0
2029,'1497054',705,,983,30,,,0
2029,'1497055',1305,,984,30,,,0
2029,'1497056',1635,,985,30,,,0
2029,'1497057',1505,,986,30,,,0
2029,'1497058',1335,,987,30,,,0
2029,'1497059',735,,988,30,,,0
2029,'1497060',1705,,989,30,,,0
2029,'1497061',1005,,990,30,,,0
2029,'1497062',835,,991,30,,,0
2029,'1497063',1135,,992,30,,,0
2029,'1497064',1105,,993,30,,,0
2029,'1497065',1735,,994,30,,,0
2029,'1497066',2005,,995,30,,,0
2029,'1497067',905,,996,30,,,0
2029,'1497068',1405,,997,30,,,0
2029,'1497069',1205,,998,30,,,0
2029,'1497070',1805,,999,30,,,0
2029,'1497071',1235,,1000,30,,,0
2029,'1497072',1535,,1001,30,,,0
2029,'1497073',935,,1002,30,,,0
2029,'1497074',2205,,1003,30,,,0
2029,'1497075',805,,1004,30,,,0
2029,'1497076',1605,,1005,30,,,0
2029,'1497077',1435,,1006,30,,,0
2029,'1497078',2302,,1007,30,,,0
2029,'1497079',1035,,1008,30,,,0
2029,'1497080',705,,1009,30,,,0
2029,'1497081',1305,,1010,30,,,0
2029,'1497082',1905,,1011,30,,,0
2029,'1497083',1635,,1012,30,,,0
2029,'1497084',1505,,1013,30,,,0
2029,'1497085',1335,,1014,30,,,0
2029,'1497086',735,,1015,30,,,0
2029,'1497087',1705,,1016,30,,,0
2029,'1497088',1005,,1017,30,,,0
2029,'1497089',835,,1018,30,,,0
2029,'1497090',2105,,1019,30,,,0
2029,'1497091',1135,,1020,30,,,0
2029,'1497092',1105,,1021,30,,,0
2029,'1497093',1735,,1022,30,,,0
2029,'1497094',1705,,1023,30,,,0
2029,'1497095',1105,,1024,30,,,0
2029,'1497096',2205,,1025,30,,,0
2029,'1497097',2302,,1026,30,,,0
2029,'1497098',1005,,1027,30,,,0
2029,'1497099',2005,,1028,30,,,0
2029,'1497100',905,,1029,30,,,0
2029,'1497101',1505,,1030,30,,,0
2029,'1497102',2105,,1031,30,,,0
2029,'1497103',1805,,1032,30,,,0
2029,'1497104',1205,,1033,30,,,0
2029,'1497105',1405,,1034,30,,,0
2029,'1497106',805,,1035,30,,,0
2029,'1497107',1305,,1036,30,,,0
2029,'1497108',1905,,1037,30,,,0
2029,'1497109',1605,,1038,30,,,0
2029,'1497110',705,,1039,30,,,0
2029,'1497111',1705,,1040,30,,,0
2029,'1497112',1105,,1041,30,,,0
2029,'1497113',2205,,1042,30,,,0
2029,'1497114',2302,,1043,30,,,0
2029,'1497115',1005,,1044,30,,,0
2029,'1497116',2005,,1045,30,,,0
2029,'1497117',905,,1046,30,,,0
2029,'1497118',1505,,1047,30,,,0
2029,'1497119',2105,,1048,30,,,0
2029,'1497120',1805,,1049,30,,,0
2029,'1497121',1205,,1050,30,,,0
2029,'1497122',1405,,1051,30,,,0
2029,'1497123',805,,1052,30,,,0
2029,'1497124',1305,,1053,30,,,0
2029,'1497125',1905,,1054,30,,,0
2029,'1497126',1605,,1055,30,,,0
