4019,'1496112',700,,1237,43,,,0
4019,'1496113',1100,,1238,43,,,0
4019,'1496114',900,,1239,43,,,0
4019,'1496115',1700,,1240,43,,,0
4019,'1496116',1000,,1241,43,,,0
4019,'1496117',1200,,1242,43,,,0
4019,'1496118',800,,1243,43,,,0
4019,'1496119',1600,,1244,43,,,0
4019,'1496120',1800,,1245,43,,,0
4019,'1496121',1400,,1246,43,,,0
4019,'1496122',1500,,1247,43,,,0
4019,'1496123',1300,,1248,43,,,0
4019,'1496124',601,,1249,9,,,0
4019,'1496355',700,,1250,43,,,0
4019,'1496356',2340,,1251,43,,,0
4019,'1496357',1100,,1252,43,,,0
4019,'1496358',900,,1253,43,,,0
4019,'1496359',2045,,1254,43,,,0
4019,'1496360',1700,,1255,43,,,0
4019,'1496361',1900,,1256,43,,,0
4019,'1496362',2145,,1257,43,,,0
4019,'1496363',1000,,1258,43,,,0
4019,'1496364',1200,,1259,43,,,0
4019,'1496365',1945,,1260,43,,,0
4019,'1496366',800,,1261,43,,,0
4019,'1496367',1600,,1262,43,,,0
4019,'1496368',1800,,1263,43,,,0
4019,'1496369',1400,,1264,43,,,0
4019,'1496370',1500,,1265,43,,,0
4019,'1496371',2245,,1266,43,,,0
4019,'1496372',1300,,1267,43,,,0
4019,'1496373',601,,1268,9,,,0
4019,'1496435',845,,1269,43,,,0
4019,'1496436',745,,1270,43,,,0
4019,'1496437',1645,,1271,43,,,0
4019,'1496438',2245,,1272,43,,,0
4019,'1496439',1745,,1273,43,,,0
4019,'1496440',1445,,1274,43,,,0
4019,'1496441',2145,,1275,43,,,0
4019,'1496442',1045,,1276,43,,,0
4019,'1496443',1945,,1277,43,,,0
4019,'1496444',1545,,1278,43,,,0
4019,'1496445',945,,1279,43,,,0
4019,'1496446',1845,,1280,43,,,0
4019,'1496447',1345,,1281,43,,,0
4019,'1496448',645,,1282,43,,,0
4019,'1496449',2045,,1283,43,,,0
4019,'1496450',1145,,1284,43,,,0
4019,'1496451',1245,,1285,43,,,0
4019,'1496452',2340,,1286,43,,,0
4019,'1496661',845,,1287,43,,,0
4019,'1496662',745,,1288,43,,,0
4019,'1496663',1645,,1289,43,,,0
4019,'1496664',2245,,1290,43,,,0
4019,'1496665',1745,,1291,43,,,0
4019,'1496666',1445,,1292,43,,,0
4019,'1496667',2145,,1293,43,,,0
4019,'1496668',1045,,1294,43,,,0
4019,'1496669',1945,,1295,43,,,0
4019,'1496670',1545,,1296,43,,,0
4019,'1496671',945,,1297,43,,,0
4019,'1496672',1845,,1298,43,,,0
4019,'1496673',1345,,1299,43,,,0
4019,'1496674',2045,,1300,43,,,0
4019,'1496675',1145,,1301,43,,,0
4019,'1496676',1245,,1302,43,,,0
4019,'1496677',2340,,1303,43,,,0
