1029,'1491948',1422,,124,11,,,0
1029,'1491949',1522,,125,11,,,0
1029,'1491951',1622,,126,11,,,0
1029,'1491953',722,,127,11,,,0
1029,'1491954',2052,,128,11,,,0
1029,'1491958',1022,,129,11,,,0
1029,'1491963',1952,,130,11,,,0
1029,'1491964',852,,131,11,,,0
1029,'1491965',1652,,132,11,,,0
1029,'1491966',1552,,133,11,,,0
1029,'1491970',1752,,134,11,,,0
1029,'1491971',1152,,135,11,,,0
1029,'1491972',1222,,136,11,,,0
1029,'1491973',1352,,137,11,,,0
1029,'1491974',952,,138,11,,,0
1029,'1491976',652,,139,11,,,0
1029,'1491978',1822,,140,11,,,0
1029,'1491979',1722,,141,11,,,0
1029,'1491983',1322,,142,11,,,0
1029,'1491986',922,,143,11,,,0
1029,'1491987',2152,,144,11,,,0
1029,'1491989',1122,,145,11,,,0
1029,'1491991',2252,,146,11,,,0
1029,'1491993',822,,147,11,,,0
1029,'1491996',752,,148,11,,,0
1029,'1492000',1452,,149,11,,,0
1029,'1492001',1252,,150,11,,,0
1029,'1492003',1052,,151,11,,,0
1029,'1492008',1852,,153,11,,,0
1029,'1496919',1852,,594,11,,,0
1029,'1496920',2052,,595,11,,,0
1029,'1496925',1752,,596,11,,,0
1029,'1496926',2152,,597,11,,,0
1029,'1496927',1252,,598,11,,,0
1029,'1496929',1052,,599,11,,,0
1029,'1496931',952,,600,11,,,0
1029,'1496932',1952,,601,11,,,0
1029,'1496934',652,,602,11,,,0
1029,'1496936',2252,,603,11,,,0
1029,'1496937',1452,,604,11,,,0
1029,'1496939',1552,,605,11,,,0
1029,'1496942',752,,606,11,,,0
1029,'1496943',1152,,607,11,,,0
1029,'1496944',852,,608,11,,,0
1029,'1496947',1652,,609,11,,,0
1029,'1496948',1352,,610,11,,,0
