2019,'1496174',1246,,878,66,,,0
2019,'1496175',1416,,879,66,,,0
2019,'1496179',1346,,880,66,,,0
2019,'1496181',1516,,881,66,,,0
2019,'1496183',1016,,882,66,,,0
2019,'1496184',1546,,883,66,,,0
2019,'1496185',946,,884,66,,,0
2019,'1496187',1146,,885,66,,,0
2019,'1496188',916,,886,66,,,0
2019,'1496189',846,,887,66,,,0
2019,'1496191',1046,,888,66,,,0
2019,'1496194',1616,,889,66,,,0
2019,'1496198',746,,890,66,,,0
2019,'1496200',1746,,891,66,,,0
2019,'1496204',1446,,892,66,,,0
2019,'1496206',1116,,893,66,,,0
2019,'1496208',1216,,894,66,,,0
2019,'1496209',1646,,895,66,,,0
2019,'1496210',1816,,896,66,,,0
2019,'1496211',1716,,897,66,,,0
2019,'1496215',816,,898,66,,,0
2019,'1496216',1316,,899,66,,,0
2019,'1496218',716,,900,66,,,0
2019,'1496220',616,,902,34,,,0
2019,'1496223',2301,,903,66,,,0
2019,'1496224',1246,,904,66,,,0
2019,'1496225',1416,,905,66,,,0
2019,'1496227',2201,,906,66,,,0
2019,'1496228',1901,,907,66,,,0
2019,'1496232',1346,,908,66,,,0
2019,'1496234',1516,,909,66,,,0
2019,'1496236',1016,,910,66,,,0
2019,'1496237',1546,,911,66,,,0
2019,'1496238',946,,912,66,,,0
2019,'1496240',1146,,913,66,,,0
2019,'1496242',916,,914,66,,,0
2019,'1496243',846,,915,66,,,0
2019,'1496245',1046,,916,66,,,0
2019,'1496248',1616,,917,66,,,0
2019,'1496253',2101,,918,66,,,0
2019,'1496255',746,,919,66,,,0
2019,'1496257',1746,,920,66,,,0
2019,'1496262',1446,,922,66,,,0
2019,'1496264',1116,,923,66,,,0
2019,'1496266',1216,,924,66,,,0
2019,'1496267',1646,,925,66,,,0
2019,'1496268',1816,,926,66,,,0
2019,'1496269',1716,,927,66,,,0
2019,'1496274',816,,928,66,,,0
2019,'1496275',1316,,929,66,,,0
2019,'1496277',716,,930,66,,,0
2019,'1496279',616,,932,44,,,0
2019,'1496280',2001,,933,66,,,0
2019,'1496490',1801,,934,66,,,0
2019,'1496491',2201,,935,66,,,0
2019,'1496492',1401,,936,66,,,0
2019,'1496494',1201,,937,66,,,0
2019,'1496495',1501,,938,66,,,0
2019,'1496498',2101,,939,66,,,0
2019,'1496499',801,,940,66,,,0
2019,'1496505',1301,,941,66,,,0
2019,'1496507',2301,,942,66,,,0
2019,'1496510',1601,,943,66,,,0
2019,'1496511',1901,,944,66,,,0
2019,'1496512',1101,,945,66,,,0
2019,'1496516',1001,,946,66,,,0
2019,'1496518',901,,947,66,,,0
2019,'1496520',1701,,948,66,,,0
2019,'1496521',2001,,949,66,,,0
2019,'1496523',701,,950,66,,,0
2019,'1496524',631,,951,34,,,0
2019,'1496594',1801,,953,66,,,0
2019,'1496595',2201,,954,66,,,0
2019,'1496596',1401,,955,66,,,0
2019,'1496598',1201,,956,66,,,0
2019,'1496599',1501,,957,66,,,0
2019,'1496602',2101,,958,66,,,0
2019,'1496603',801,,959,66,,,0
2019,'1496609',1301,,960,66,,,0
2019,'1496613',1601,,961,66,,,0
2019,'1496614',1901,,962,66,,,0
2019,'1496615',1101,,963,66,,,0
2019,'1496619',1001,,964,66,,,0
2019,'1496621',901,,965,66,,,0
2019,'1496623',1701,,966,66,,,0
2019,'1496624',2001,,967,66,,,0
2019,'1496625',731,,968,34,,,0
4019,'1496112',647,,1237,28,,,0
4019,'1496113',1047,,1238,28,,,0
4019,'1496114',847,,1239,28,,,0
4019,'1496115',1647,,1240,28,,,0
4019,'1496116',947,,1241,28,,,0
4019,'1496117',1147,,1242,28,,,0
4019,'1496118',747,,1243,28,,,0
4019,'1496119',1547,,1244,28,,,0
4019,'1496120',1747,,1245,28,,,0
4019,'1496121',1347,,1246,28,,,0
4019,'1496122',1447,,1247,28,,,0
4019,'1496123',1247,,1248,28,,,0
4019,'1496355',647,,1250,28,,,0
4019,'1496356',2329,,1251,28,,,0
4019,'1496357',1047,,1252,28,,,0
4019,'1496358',847,,1253,28,,,0
4019,'1496359',2032,,1254,28,,,0
4019,'1496360',1647,,1255,28,,,0
4019,'1496361',1847,,1256,28,,,0
4019,'1496362',2132,,1257,28,,,0
4019,'1496363',947,,1258,28,,,0
4019,'1496364',1147,,1259,28,,,0
4019,'1496365',1932,,1260,28,,,0
4019,'1496366',747,,1261,28,,,0
4019,'1496367',1547,,1262,28,,,0
4019,'1496368',1747,,1263,28,,,0
4019,'1496369',1347,,1264,28,,,0
4019,'1496370',1447,,1265,28,,,0
4019,'1496371',2232,,1266,28,,,0
4019,'1496372',1247,,1267,28,,,0
4019,'1496435',832,,1269,28,,,0
4019,'1496436',732,,1270,28,,,0
4019,'1496437',1632,,1271,28,,,0
4019,'1496438',2232,,1272,28,,,0
4019,'1496439',1732,,1273,28,,,0
4019,'1496440',1432,,1274,28,,,0
4019,'1496441',2132,,1275,28,,,0
4019,'1496442',1032,,1276,28,,,0
4019,'1496443',1932,,1277,28,,,0
4019,'1496444',1532,,1278,28,,,0
4019,'1496445',932,,1279,28,,,0
4019,'1496446',1832,,1280,28,,,0
4019,'1496447',1332,,1281,28,,,0
4019,'1496448',632,,1282,28,,,0
4019,'1496449',2032,,1283,28,,,0
4019,'1496450',1132,,1284,28,,,0
4019,'1496451',1232,,1285,28,,,0
4019,'1496452',2329,,1286,28,,,0
4019,'1496661',832,,1287,28,,,0
4019,'1496662',732,,1288,28,,,0
4019,'1496663',1632,,1289,28,,,0
4019,'1496664',2232,,1290,28,,,0
4019,'1496665',1732,,1291,28,,,0
4019,'1496666',1432,,1292,28,,,0
4019,'1496667',2132,,1293,28,,,0
4019,'1496668',1032,,1294,28,,,0
4019,'1496669',1932,,1295,28,,,0
4019,'1496670',1532,,1296,28,,,0
4019,'1496671',932,,1297,28,,,0
4019,'1496672',1832,,1298,28,,,0
4019,'1496673',1332,,1299,28,,,0
4019,'1496674',2032,,1300,28,,,0
4019,'1496675',1132,,1301,28,,,0
4019,'1496676',1232,,1302,28,,,0
4019,'1496677',2329,,1303,28,,,0
