1019,'1491950',716,,37,20,,,0
1019,'1491952',816,,38,20,,,0
1019,'1491955',1546,,39,20,,,0
1019,'1491956',2131,,40,20,,,0
1019,'1491957',1646,,41,20,,,0
1019,'1491959',746,,42,20,,,0
1019,'1491960',1446,,43,20,,,0
1019,'1491961',1246,,44,20,,,0
1019,'1491962',1816,,45,20,,,0
1019,'1491967',1346,,46,20,,,0
1019,'1491968',1931,,47,20,,,0
1019,'1491969',2031,,48,20,,,0
1019,'1491975',1046,,49,20,,,0
1019,'1491977',1316,,50,20,,,0
1019,'1491980',846,,51,20,,,0
1019,'1491981',1146,,52,20,,,0
1019,'1491982',946,,53,20,,,0
1019,'1491984',2331,,54,20,,,0
1019,'1491985',1746,,55,20,,,0
1019,'1491988',1016,,56,20,,,0
1019,'1491990',916,,57,20,,,0
1019,'1491992',2231,,58,20,,,0
1019,'1491994',1416,,59,20,,,0
1019,'1491995',1516,,60,20,,,0
1019,'1491997',646,,61,20,,,0
1019,'1491998',1216,,62,20,,,0
1019,'1491999',1116,,63,20,,,0
1019,'1492002',1716,,64,20,,,0
1019,'1492004',1616,,65,20,,,0
1019,'1492007',1846,,67,20,,,0
1019,'1496918',1331,,576,21,,,0
1019,'1496921',1931,,577,21,,,0
1019,'1496922',731,,578,21,,,0
1019,'1496923',631,,579,21,,,0
1019,'1496924',2031,,580,21,,,0
1019,'1496928',1031,,581,21,,,0
1019,'1496930',1431,,582,21,,,0
1019,'1496933',1631,,583,21,,,0
1019,'1496935',1131,,584,21,,,0
1019,'1496938',2131,,585,21,,,0
1019,'1496940',1531,,586,21,,,0
1019,'1496941',1731,,587,21,,,0
1019,'1496945',931,,588,21,,,0
1019,'1496946',831,,589,21,,,0
1019,'1496949',1231,,590,21,,,0
1019,'1496950',1831,,591,21,,,0
1019,'1496951',2331,,592,21,,,0
1019,'1496952',2231,,593,21,,,0
1029,'1491948',1454,,124,52,,,0
1029,'1491949',1554,,125,52,,,0
1029,'1491951',1654,,126,52,,,0
1029,'1491953',754,,127,52,,,0
1029,'1491954',2124,,128,52,,,0
1029,'1491958',1054,,129,52,,,0
1029,'1491963',2024,,130,52,,,0
1029,'1491964',924,,131,52,,,0
1029,'1491965',1724,,132,52,,,0
1029,'1491966',1624,,133,52,,,0
1029,'1491970',1824,,134,52,,,0
1029,'1491971',1224,,135,52,,,0
1029,'1491972',1254,,136,52,,,0
1029,'1491973',1424,,137,52,,,0
1029,'1491974',1024,,138,52,,,0
1029,'1491976',724,,139,52,,,0
1029,'1491978',1854,,140,52,,,0
1029,'1491979',1754,,141,52,,,0
1029,'1491983',1354,,142,52,,,0
1029,'1491986',954,,143,52,,,0
1029,'1491987',2224,,144,52,,,0
1029,'1491989',1154,,145,52,,,0
1029,'1491991',2324,,146,52,,,0
1029,'1491993',854,,147,52,,,0
1029,'1491996',824,,148,52,,,0
1029,'1492000',1524,,149,52,,,0
1029,'1492001',1324,,150,52,,,0
1029,'1492003',1124,,151,52,,,0
1029,'1492006',624,,152,7,,,0
1029,'1492008',1924,,153,52,,,0
1029,'1496919',1922,,594,52,,,0
1029,'1496920',2122,,595,52,,,0
1029,'1496925',1822,,596,52,,,0
1029,'1496926',2222,,597,52,,,0
1029,'1496927',1322,,598,52,,,0
1029,'1496929',1122,,599,52,,,0
1029,'1496931',1022,,600,52,,,0
1029,'1496932',2022,,601,52,,,0
1029,'1496934',722,,602,52,,,0
1029,'1496936',2322,,603,52,,,0
1029,'1496937',1522,,604,52,,,0
1029,'1496939',1622,,605,52,,,0
1029,'1496942',822,,606,52,,,0
1029,'1496943',1222,,607,52,,,0
1029,'1496944',922,,608,52,,,0
1029,'1496947',1722,,609,52,,,0
1029,'1496948',1422,,610,52,,,0
3019,'1488507',832,,436,26,0,5,0
3019,'1488508',1032,,437,26,0,5,0
3019,'1488511',2102,,438,26,0,5,0
3019,'1488515',2202,,439,26,0,5,0
3019,'1488516',1102,,440,26,0,5,0
3019,'1488519',1632,,441,26,0,5,0
3019,'1488521',2302,,442,26,0,5,0
3019,'1488522',1432,,443,26,0,5,0
3019,'1488523',1902,,444,26,0,5,0
3019,'1488525',1202,,445,26,0,5,0
3019,'1488526',732,,446,26,0,5,0
3019,'1488529',2002,,447,26,0,5,0
3019,'1488531',702,,448,26,0,5,0
3019,'1488533',1732,,449,26,0,5,0
3019,'1488535',1302,,450,26,0,5,0
3019,'1488537',1802,,451,26,0,5,0
3019,'1488538',1002,,452,26,0,5,0
3019,'1488539',1232,,453,26,0,5,0
3019,'1488540',1332,,454,26,0,5,0
3019,'1488542',802,,455,26,0,5,0
3019,'1488546',932,,456,26,0,5,0
3019,'1488547',1602,,457,26,0,5,0
3019,'1488548',1402,,458,26,0,5,0
3019,'1488550',1702,,459,26,0,5,0
3019,'1488551',1132,,460,26,0,5,0
3019,'1488552',1502,,461,26,0,5,0
3019,'1488556',1532,,463,26,0,5,0
3019,'1488560',902,,464,26,0,5,0
3019,'1496990',1702,,648,25,0,5,0
3019,'1496992',2202,,650,25,0,5,0
3019,'1496997',1902,,655,25,0,5,0
3019,'1496998',1402,,656,25,0,5,0
3019,'1497000',2002,,658,25,0,5,0
3019,'1497002',2302,,660,25,0,5,0
3019,'1497006',1802,,664,25,0,5,0
3019,'1497007',702,,665,25,0,5,0
3019,'1497008',902,,666,25,0,5,0
3019,'1497012',1002,,670,25,0,5,0
3019,'1497013',1302,,671,25,0,5,0
3019,'1497014',1602,,672,25,0,5,0
3019,'1497016',1102,,674,25,0,5,0
3019,'1497017',1502,,675,25,0,5,0
3019,'1497018',2102,,676,25,0,5,0
3019,'1497019',802,,677,25,0,5,0
3019,'1497021',1202,,679,25,0,5,0
