3019,'1491899',1648,,370,117,,,0
3019,'1491900',1818,,371,117,,,0
3019,'1491901',2133,,372,117,,,0
3019,'1491902',948,,373,117,,,0
3019,'1491903',818,,374,117,,,0
3019,'1491904',1718,,375,117,,,0
3019,'1491905',1248,,376,117,,,0
3019,'1491906',1218,,377,117,,,0
3019,'1491907',848,,378,117,,,0
3019,'1491908',1018,,379,117,,,0
3019,'1491909',2333,,380,117,,,0
3019,'1491910',1448,,381,117,,,0
3019,'1491911',1418,,382,117,,,0
3019,'1491912',1548,,383,117,,,0
3019,'1491913',1348,,384,117,,,0
3019,'1491914',2233,,385,117,,,0
3019,'1491915',918,,386,117,,,0
3019,'1491916',1848,,387,117,,,0
3019,'1491917',1518,,388,117,,,0
3019,'1491918',1118,,389,117,,,0
3019,'1491919',1148,,390,117,,,0
3019,'1491920',1318,,391,117,,,0
3019,'1491921',1748,,392,117,,,0
3019,'1491922',1048,,393,117,,,0
3019,'1491923',1618,,394,117,,,0
3019,'1491924',1933,,395,117,,,0
3019,'1491926',618,,397,26,,,0
3019,'1491927',648,,398,60,,,0
3019,'1491928',2033,,399,117,,,0
3019,'1492021',748,,400,117,,,0
3019,'1496989',833,,647,117,,,0
3019,'1496991',1533,,649,117,,,0
3019,'1496993',933,,651,117,,,0
3019,'1496994',1233,,652,117,,,0
3019,'1496995',2333,,653,117,,,0
3019,'1496996',1933,,654,117,,,0
3019,'1496999',1433,,657,117,,,0
3019,'1497001',2033,,659,117,,,0
3019,'1497003',1733,,661,117,,,0
3019,'1497004',1033,,662,117,,,0
3019,'1497005',1333,,663,117,,,0
3019,'1497009',2233,,667,117,,,0
3019,'1497010',1833,,668,117,,,0
3019,'1497011',1133,,669,117,,,0
3019,'1497015',1633,,673,117,,,0
3019,'1497020',2133,,678,117,,,0
3019,'1497022',703,,680,61,,,0
3019,'1497024',733,,682,117,,,0
