2029,'1492022',2016,,280,54,,,0
2029,'1492026',916,,281,54,,,0
2029,'1492029',1416,,282,54,,,0
2029,'1492030',1216,,283,54,,,0
2029,'1492031',1816,,284,54,,,0
2029,'1492033',1246,,285,54,,,0
2029,'1492035',1546,,286,54,,,0
2029,'1492039',946,,287,54,,,0
2029,'1492041',2216,,288,54,,,0
2029,'1492044',816,,289,54,,,0
2029,'1492046',1616,,290,54,,,0
2029,'1492047',1446,,291,54,,,0
2029,'1492049',2313,,292,54,,,0
2029,'1492050',1046,,293,54,,,0
2029,'1492051',716,,294,54,,,0
2029,'1492052',1316,,295,54,,,0
2029,'1492054',1916,,296,54,,,0
2029,'1492056',1646,,297,54,,,0
2029,'1492059',1516,,298,54,,,0
2029,'1492060',1346,,299,54,,,0
2029,'1492061',746,,300,54,,,0
2029,'1492063',1716,,301,54,,,0
2029,'1492065',1016,,302,54,,,0
2029,'1492070',846,,303,54,,,0
2029,'1492071',2116,,304,54,,,0
2029,'1492072',1146,,305,54,,,0
2029,'1492073',1116,,306,54,,,0
2029,'1492076',1746,,307,54,,,0
2029,'1492081',616,,308,18,,,0
2029,'1496956',1716,,630,55,,,0
2029,'1496959',1116,,631,55,,,0
2029,'1496960',2216,,632,55,,,0
2029,'1496963',2313,,633,55,,,0
2029,'1496964',1016,,634,55,,,0
2029,'1496965',2016,,635,55,,,0
2029,'1496966',916,,636,55,,,0
2029,'1496967',1516,,637,55,,,0
2029,'1496969',2116,,638,55,,,0
2029,'1496971',1816,,639,55,,,0
2029,'1496972',1216,,640,55,,,0
2029,'1496976',1416,,641,55,,,0
2029,'1496977',816,,642,55,,,0
2029,'1496978',1316,,643,55,,,0
2029,'1496980',1916,,644,55,,,0
2029,'1496982',1616,,645,55,,,0
2029,'1496985',716,,646,55,,,0
