3019,'1488507',909,,436,80,0,5,0
3019,'1488508',1109,,437,80,0,5,0
3019,'1488511',2139,,438,80,0,5,0
3019,'1488515',2239,,439,80,0,5,0
3019,'1488516',1139,,440,80,0,5,0
3019,'1488519',1709,,441,80,0,5,0
3019,'1488521',2332,,442,80,0,5,0
3019,'1488522',1509,,443,80,0,5,0
3019,'1488523',1939,,444,80,0,5,0
3019,'1488525',1239,,445,80,0,5,0
3019,'1488526',809,,446,80,0,5,0
3019,'1488529',2039,,447,80,0,5,0
3019,'1488531',739,,448,80,0,5,0
3019,'1488533',1809,,449,80,0,5,0
3019,'1488535',1339,,450,80,0,5,0
3019,'1488537',1839,,451,80,0,5,0
3019,'1488538',1039,,452,80,0,5,0
3019,'1488539',1309,,453,80,0,5,0
3019,'1488540',1409,,454,80,0,5,0
3019,'1488542',839,,455,80,0,5,0
3019,'1488546',1009,,456,80,0,5,0
3019,'1488547',1639,,457,80,0,5,0
3019,'1488548',1439,,458,80,0,5,0
3019,'1488550',1739,,459,80,0,5,0
3019,'1488551',1209,,460,80,0,5,0
3019,'1488552',1539,,461,80,0,5,0
3019,'1488556',1609,,463,80,0,5,0
3019,'1488560',939,,464,80,0,5,0
3019,'1488565',639,,465,47,0,5,0
3019,'1496990',1739,,648,78,0,5,0
3019,'1496992',2239,,650,78,0,5,0
3019,'1496997',1939,,655,78,0,5,0
3019,'1496998',1439,,656,78,0,5,0
3019,'1497000',2039,,658,78,0,5,0
3019,'1497002',2332,,660,78,0,5,0
3019,'1497006',1839,,664,78,0,5,0
3019,'1497007',739,,665,78,0,5,0
3019,'1497008',939,,666,78,0,5,0
3019,'1497012',1039,,670,78,0,5,0
3019,'1497013',1339,,671,78,0,5,0
3019,'1497014',1639,,672,78,0,5,0
3019,'1497016',1139,,674,78,0,5,0
3019,'1497017',1539,,675,78,0,5,0
3019,'1497018',2139,,676,78,0,5,0
3019,'1497019',839,,677,78,0,5,0
3019,'1497021',1239,,679,78,0,5,0
