3019,'1488507',904,,436,71,0,5,0
3019,'1488508',1104,,437,71,0,5,0
3019,'1488511',2134,,438,71,0,5,0
3019,'1488515',2234,,439,71,0,5,0
3019,'1488516',1134,,440,71,0,5,0
3019,'1488519',1704,,441,71,0,5,0
3019,'1488521',2327,,442,71,0,5,0
3019,'1488522',1504,,443,71,0,5,0
3019,'1488523',1934,,444,71,0,5,0
3019,'1488525',1234,,445,71,0,5,0
3019,'1488526',804,,446,71,0,5,0
3019,'1488529',2034,,447,71,0,5,0
3019,'1488531',734,,448,71,0,5,0
3019,'1488533',1804,,449,71,0,5,0
3019,'1488535',1334,,450,71,0,5,0
3019,'1488537',1834,,451,71,0,5,0
3019,'1488538',1034,,452,71,0,5,0
3019,'1488539',1304,,453,71,0,5,0
3019,'1488540',1404,,454,71,0,5,0
3019,'1488542',834,,455,71,0,5,0
3019,'1488546',1004,,456,71,0,5,0
3019,'1488547',1634,,457,71,0,5,0
3019,'1488548',1434,,458,71,0,5,0
3019,'1488550',1734,,459,71,0,5,0
3019,'1488551',1204,,460,71,0,5,0
3019,'1488552',1534,,461,71,0,5,0
3019,'1488556',1604,,463,71,0,5,0
3019,'1488560',934,,464,71,0,5,0
3019,'1488565',634,,465,38,0,5,0
3019,'1496990',1734,,648,69,0,5,0
3019,'1496992',2234,,650,69,0,5,0
3019,'1496997',1934,,655,69,0,5,0
3019,'1496998',1434,,656,69,0,5,0
3019,'1497000',2034,,658,69,0,5,0
3019,'1497002',2327,,660,69,0,5,0
3019,'1497006',1834,,664,69,0,5,0
3019,'1497007',734,,665,69,0,5,0
3019,'1497008',934,,666,69,0,5,0
3019,'1497012',1034,,670,69,0,5,0
3019,'1497013',1334,,671,69,0,5,0
3019,'1497014',1634,,672,69,0,5,0
3019,'1497016',1134,,674,69,0,5,0
3019,'1497017',1534,,675,69,0,5,0
3019,'1497018',2134,,676,69,0,5,0
3019,'1497019',834,,677,69,0,5,0
3019,'1497021',1234,,679,69,0,5,0
