1019,'1496067',728,,702,33,,,0
1019,'1496069',828,,703,33,,,0
1019,'1496071',1558,,704,33,,,0
1019,'1496072',1658,,705,33,,,0
1019,'1496074',758,,706,33,,,0
1019,'1496075',1458,,707,33,,,0
1019,'1496076',1258,,708,33,,,0
1019,'1496080',1358,,709,33,,,0
1019,'1496085',1058,,710,33,,,0
1019,'1496087',1328,,711,33,,,0
1019,'1496089',858,,712,33,,,0
1019,'1496090',1158,,713,33,,,0
1019,'1496091',958,,714,33,,,0
1019,'1496093',1758,,715,33,,,0
1019,'1496095',1028,,716,33,,,0
1019,'1496097',928,,717,33,,,0
1019,'1496099',1428,,718,33,,,0
1019,'1496100',1528,,719,33,,,0
1019,'1496102',658,,720,33,,,0
1019,'1496103',1228,,721,33,,,0
1019,'1496104',1128,,722,33,,,0
1019,'1496107',1728,,723,33,,,0
1019,'1496109',1628,,724,33,,,0
1019,'1496110',558,,725,2,,,0
1019,'1496296',728,,726,33,,,0
1019,'1496298',828,,727,33,,,0
1019,'1496301',1558,,728,33,,,0
1019,'1496302',2143,,729,33,,,0
1019,'1496303',1658,,730,33,,,0
1019,'1496305',758,,731,33,,,0
1019,'1496306',1458,,732,33,,,0
1019,'1496307',1258,,733,33,,,0
1019,'1496308',1828,,734,33,,,0
1019,'1496313',1358,,735,33,,,0
1019,'1496314',1943,,736,33,,,0
1019,'1496315',2043,,737,33,,,0
1019,'1496321',1058,,738,33,,,0
1019,'1496323',1328,,739,33,,,0
1019,'1496326',858,,740,33,,,0
1019,'1496327',1158,,741,33,,,0
1019,'1496328',958,,742,33,,,0
1019,'1496330',2339,,743,33,,,0
1019,'1496331',1758,,744,33,,,0
1019,'1496334',1028,,745,33,,,0
1019,'1496336',928,,746,33,,,0
1019,'1496338',2243,,747,33,,,0
1019,'1496340',1428,,748,33,,,0
1019,'1496341',1528,,749,33,,,0
1019,'1496343',658,,750,33,,,0
1019,'1496344',1228,,751,33,,,0
1019,'1496345',1128,,752,33,,,0
1019,'1496348',1728,,753,33,,,0
1019,'1496350',1628,,754,33,,,0
1019,'1496351',558,,755,2,,,0
1019,'1496353',1858,,756,33,,,0
1019,'1496526',1343,,757,33,,,0
1019,'1496529',1943,,758,33,,,0
1019,'1496530',743,,759,33,,,0
1019,'1496531',643,,760,33,,,0
1019,'1496532',2043,,761,33,,,0
1019,'1496536',1043,,762,33,,,0
1019,'1496538',1443,,763,33,,,0
1019,'1496541',1643,,764,33,,,0
1019,'1496543',1143,,765,33,,,0
1019,'1496546',2143,,766,33,,,0
1019,'1496548',1543,,767,33,,,0
1019,'1496549',1743,,768,33,,,0
1019,'1496553',943,,769,33,,,0
1019,'1496554',843,,770,33,,,0
1019,'1496557',1243,,771,33,,,0
1019,'1496558',1843,,772,33,,,0
1019,'1496559',2339,,773,33,,,0
1019,'1496560',2243,,774,33,,,0
1019,'1496561',1343,,775,33,,,0
1019,'1496564',1943,,776,33,,,0
1019,'1496565',743,,777,33,,,0
1019,'1496566',2043,,778,33,,,0
1019,'1496570',1043,,779,33,,,0
1019,'1496572',1443,,780,33,,,0
1019,'1496575',1643,,781,33,,,0
1019,'1496576',1143,,782,33,,,0
1019,'1496579',2143,,783,33,,,0
1019,'1496581',1543,,784,33,,,0
1019,'1496582',1743,,785,33,,,0
1019,'1496586',943,,786,33,,,0
1019,'1496587',843,,787,33,,,0
1019,'1496590',1243,,788,33,,,0
1019,'1496591',1843,,789,33,,,0
1019,'1496592',2339,,790,33,,,0
1019,'1496593',2243,,791,33,,,0
