1019,'1496067',726,,702,31,,,0
1019,'1496069',826,,703,31,,,0
1019,'1496071',1556,,704,31,,,0
1019,'1496072',1656,,705,31,,,0
1019,'1496074',756,,706,31,,,0
1019,'1496075',1456,,707,31,,,0
1019,'1496076',1256,,708,31,,,0
1019,'1496080',1356,,709,31,,,0
1019,'1496085',1056,,710,31,,,0
1019,'1496087',1326,,711,31,,,0
1019,'1496089',856,,712,31,,,0
1019,'1496090',1156,,713,31,,,0
1019,'1496091',956,,714,31,,,0
1019,'1496093',1756,,715,31,,,0
1019,'1496095',1026,,716,31,,,0
1019,'1496097',926,,717,31,,,0
1019,'1496099',1426,,718,31,,,0
1019,'1496100',1526,,719,31,,,0
1019,'1496102',656,,720,31,,,0
1019,'1496103',1226,,721,31,,,0
1019,'1496104',1126,,722,31,,,0
1019,'1496107',1726,,723,31,,,0
1019,'1496109',1626,,724,31,,,0
1019,'1496296',726,,726,31,,,0
1019,'1496298',826,,727,31,,,0
1019,'1496301',1556,,728,31,,,0
1019,'1496302',2141,,729,31,,,0
1019,'1496303',1656,,730,31,,,0
1019,'1496305',756,,731,31,,,0
1019,'1496306',1456,,732,31,,,0
1019,'1496307',1256,,733,31,,,0
1019,'1496308',1826,,734,31,,,0
1019,'1496313',1356,,735,31,,,0
1019,'1496314',1941,,736,31,,,0
1019,'1496315',2041,,737,31,,,0
1019,'1496321',1056,,738,31,,,0
1019,'1496323',1326,,739,31,,,0
1019,'1496326',856,,740,31,,,0
1019,'1496327',1156,,741,31,,,0
1019,'1496328',956,,742,31,,,0
1019,'1496330',2339,,743,31,,,0
1019,'1496331',1756,,744,31,,,0
1019,'1496334',1026,,745,31,,,0
1019,'1496336',926,,746,31,,,0
1019,'1496338',2241,,747,31,,,0
1019,'1496340',1426,,748,31,,,0
1019,'1496341',1526,,749,31,,,0
1019,'1496343',656,,750,31,,,0
1019,'1496344',1226,,751,31,,,0
1019,'1496345',1126,,752,31,,,0
1019,'1496348',1726,,753,31,,,0
1019,'1496350',1626,,754,31,,,0
1019,'1496353',1856,,756,31,,,0
1019,'1496526',1341,,757,31,,,0
1019,'1496529',1941,,758,31,,,0
1019,'1496530',741,,759,31,,,0
1019,'1496531',641,,760,31,,,0
1019,'1496532',2041,,761,31,,,0
1019,'1496536',1041,,762,31,,,0
1019,'1496538',1441,,763,31,,,0
1019,'1496541',1641,,764,31,,,0
1019,'1496543',1141,,765,31,,,0
1019,'1496546',2141,,766,31,,,0
1019,'1496548',1541,,767,31,,,0
1019,'1496549',1741,,768,31,,,0
1019,'1496553',941,,769,31,,,0
1019,'1496554',841,,770,31,,,0
1019,'1496557',1241,,771,31,,,0
1019,'1496558',1841,,772,31,,,0
1019,'1496559',2339,,773,31,,,0
1019,'1496560',2241,,774,31,,,0
1019,'1496561',1341,,775,31,,,0
1019,'1496564',1941,,776,31,,,0
1019,'1496565',741,,777,31,,,0
1019,'1496566',2041,,778,31,,,0
1019,'1496570',1041,,779,31,,,0
1019,'1496572',1441,,780,31,,,0
1019,'1496575',1641,,781,31,,,0
1019,'1496576',1141,,782,31,,,0
1019,'1496579',2141,,783,31,,,0
1019,'1496581',1541,,784,31,,,0
1019,'1496582',1741,,785,31,,,0
1019,'1496586',941,,786,31,,,0
1019,'1496587',841,,787,31,,,0
1019,'1496590',1241,,788,31,,,0
1019,'1496591',1841,,789,31,,,0
1019,'1496592',2339,,790,31,,,0
1019,'1496593',2241,,791,31,,,0
4019,'1496112',645,,1237,25,,,0
4019,'1496113',1045,,1238,25,,,0
4019,'1496114',845,,1239,25,,,0
4019,'1496115',1645,,1240,25,,,0
4019,'1496116',945,,1241,25,,,0
4019,'1496117',1145,,1242,25,,,0
4019,'1496118',745,,1243,25,,,0
4019,'1496119',1545,,1244,25,,,0
4019,'1496120',1745,,1245,25,,,0
4019,'1496121',1345,,1246,25,,,0
4019,'1496122',1445,,1247,25,,,0
4019,'1496123',1245,,1248,25,,,0
4019,'1496355',645,,1250,25,,,0
4019,'1496356',2328,,1251,25,,,0
4019,'1496357',1045,,1252,25,,,0
4019,'1496358',845,,1253,25,,,0
4019,'1496359',2030,,1254,25,,,0
4019,'1496360',1645,,1255,25,,,0
4019,'1496361',1845,,1256,25,,,0
4019,'1496362',2130,,1257,25,,,0
4019,'1496363',945,,1258,25,,,0
4019,'1496364',1145,,1259,25,,,0
4019,'1496365',1930,,1260,25,,,0
4019,'1496366',745,,1261,25,,,0
4019,'1496367',1545,,1262,25,,,0
4019,'1496368',1745,,1263,25,,,0
4019,'1496369',1345,,1264,25,,,0
4019,'1496370',1445,,1265,25,,,0
4019,'1496371',2230,,1266,25,,,0
4019,'1496372',1245,,1267,25,,,0
4019,'1496435',830,,1269,25,,,0
4019,'1496436',730,,1270,25,,,0
4019,'1496437',1630,,1271,25,,,0
4019,'1496438',2230,,1272,25,,,0
4019,'1496439',1730,,1273,25,,,0
4019,'1496440',1430,,1274,25,,,0
4019,'1496441',2130,,1275,25,,,0
4019,'1496442',1030,,1276,25,,,0
4019,'1496443',1930,,1277,25,,,0
4019,'1496444',1530,,1278,25,,,0
4019,'1496445',930,,1279,25,,,0
4019,'1496446',1830,,1280,25,,,0
4019,'1496447',1330,,1281,25,,,0
4019,'1496448',630,,1282,25,,,0
4019,'1496449',2030,,1283,25,,,0
4019,'1496450',1130,,1284,25,,,0
4019,'1496451',1230,,1285,25,,,0
4019,'1496452',2328,,1286,25,,,0
4019,'1496661',830,,1287,25,,,0
4019,'1496662',730,,1288,25,,,0
4019,'1496663',1630,,1289,25,,,0
4019,'1496664',2230,,1290,25,,,0
4019,'1496665',1730,,1291,25,,,0
4019,'1496666',1430,,1292,25,,,0
4019,'1496667',2130,,1293,25,,,0
4019,'1496668',1030,,1294,25,,,0
4019,'1496669',1930,,1295,25,,,0
4019,'1496670',1530,,1296,25,,,0
4019,'1496671',930,,1297,25,,,0
4019,'1496672',1830,,1298,25,,,0
4019,'1496673',1330,,1299,25,,,0
4019,'1496674',2030,,1300,25,,,0
4019,'1496675',1130,,1301,25,,,0
4019,'1496676',1230,,1302,25,,,0
4019,'1496677',2328,,1303,25,,,0
