1019,'1496067',733,,702,41,,,0
1019,'1496069',833,,703,41,,,0
1019,'1496071',1603,,704,41,,,0
1019,'1496072',1703,,705,41,,,0
1019,'1496074',803,,706,41,,,0
1019,'1496075',1503,,707,41,,,0
1019,'1496076',1303,,708,41,,,0
1019,'1496080',1403,,709,41,,,0
1019,'1496085',1103,,710,41,,,0
1019,'1496087',1333,,711,41,,,0
1019,'1496089',903,,712,41,,,0
1019,'1496090',1203,,713,41,,,0
1019,'1496091',1003,,714,41,,,0
1019,'1496093',1803,,715,41,,,0
1019,'1496095',1033,,716,41,,,0
1019,'1496097',933,,717,41,,,0
1019,'1496099',1433,,718,41,,,0
1019,'1496100',1533,,719,41,,,0
1019,'1496102',703,,720,41,,,0
1019,'1496103',1233,,721,41,,,0
1019,'1496104',1133,,722,41,,,0
1019,'1496107',1733,,723,41,,,0
1019,'1496109',1633,,724,41,,,0
1019,'1496110',603,,725,10,,,0
1019,'1496296',733,,726,41,,,0
1019,'1496298',833,,727,41,,,0
1019,'1496301',1603,,728,41,,,0
1019,'1496302',2148,,729,41,,,0
1019,'1496303',1703,,730,41,,,0
1019,'1496305',803,,731,41,,,0
1019,'1496306',1503,,732,41,,,0
1019,'1496307',1303,,733,41,,,0
1019,'1496308',1833,,734,41,,,0
1019,'1496313',1403,,735,41,,,0
1019,'1496314',1948,,736,41,,,0
1019,'1496315',2048,,737,41,,,0
1019,'1496321',1103,,738,41,,,0
1019,'1496323',1333,,739,41,,,0
1019,'1496326',903,,740,41,,,0
1019,'1496327',1203,,741,41,,,0
1019,'1496328',1003,,742,41,,,0
1019,'1496330',2342,,743,41,,,0
1019,'1496331',1803,,744,41,,,0
1019,'1496334',1033,,745,41,,,0
1019,'1496336',933,,746,41,,,0
1019,'1496338',2248,,747,41,,,0
1019,'1496340',1433,,748,41,,,0
1019,'1496341',1533,,749,41,,,0
1019,'1496343',703,,750,41,,,0
1019,'1496344',1233,,751,41,,,0
1019,'1496345',1133,,752,41,,,0
1019,'1496348',1733,,753,41,,,0
1019,'1496350',1633,,754,41,,,0
1019,'1496351',603,,755,10,,,0
1019,'1496353',1903,,756,41,,,0
1019,'1496526',1348,,757,41,,,0
1019,'1496529',1948,,758,41,,,0
1019,'1496530',748,,759,41,,,0
1019,'1496531',648,,760,41,,,0
1019,'1496532',2048,,761,41,,,0
1019,'1496536',1048,,762,41,,,0
1019,'1496538',1448,,763,41,,,0
1019,'1496541',1648,,764,41,,,0
1019,'1496543',1148,,765,41,,,0
1019,'1496546',2148,,766,41,,,0
1019,'1496548',1548,,767,41,,,0
1019,'1496549',1748,,768,41,,,0
1019,'1496553',948,,769,41,,,0
1019,'1496554',848,,770,41,,,0
1019,'1496557',1248,,771,41,,,0
1019,'1496558',1848,,772,41,,,0
1019,'1496559',2342,,773,41,,,0
1019,'1496560',2248,,774,41,,,0
1019,'1496561',1348,,775,41,,,0
1019,'1496564',1948,,776,41,,,0
1019,'1496565',748,,777,41,,,0
1019,'1496566',2048,,778,41,,,0
1019,'1496570',1048,,779,41,,,0
1019,'1496572',1448,,780,41,,,0
1019,'1496575',1648,,781,41,,,0
1019,'1496576',1148,,782,41,,,0
1019,'1496579',2148,,783,41,,,0
1019,'1496581',1548,,784,41,,,0
1019,'1496582',1748,,785,41,,,0
1019,'1496586',948,,786,41,,,0
1019,'1496587',848,,787,41,,,0
1019,'1496590',1248,,788,41,,,0
1019,'1496591',1848,,789,41,,,0
1019,'1496592',2342,,790,41,,,0
1019,'1496593',2248,,791,41,,,0
