1019,'1496918',1410,,576,75,,,0
1019,'1496921',2010,,577,75,,,0
1019,'1496922',810,,578,75,,,0
1019,'1496923',710,,579,75,,,0
1019,'1496924',2110,,580,75,,,0
1019,'1496928',1110,,581,75,,,0
1019,'1496930',1510,,582,75,,,0
1019,'1496933',1710,,583,75,,,0
1019,'1496935',1210,,584,75,,,0
1019,'1496938',2210,,585,75,,,0
1019,'1496940',1610,,586,75,,,0
1019,'1496941',1810,,587,75,,,0
1019,'1496945',1010,,588,75,,,0
1019,'1496946',910,,589,75,,,0
1019,'1496949',1310,,590,75,,,0
1019,'1496950',1910,,591,75,,,0
1019,'1496951',2359,,592,75,,,0
1019,'1496952',2310,,593,75,,,0
3019,'1488507',939,,436,137,0,5,0
3019,'1488508',1139,,437,137,0,5,0
3019,'1488511',2209,,438,137,0,5,0
3019,'1488515',2309,,439,137,0,5,0
3019,'1488516',1209,,440,137,0,5,0
3019,'1488519',1739,,441,137,0,5,0
3019,'1488521',2359,,442,137,0,5,0
3019,'1488522',1539,,443,137,0,5,0
3019,'1488523',2009,,444,137,0,5,0
3019,'1488525',1309,,445,137,0,5,0
3019,'1488526',839,,446,137,0,5,0
3019,'1488529',2109,,447,137,0,5,0
3019,'1488531',809,,448,137,0,5,0
3019,'1488533',1839,,449,137,0,5,0
3019,'1488535',1409,,450,137,0,5,0
3019,'1488537',1909,,451,137,0,5,0
3019,'1488538',1109,,452,137,0,5,0
3019,'1488539',1339,,453,137,0,5,0
3019,'1488540',1439,,454,137,0,5,0
3019,'1488542',909,,455,137,0,5,0
3019,'1488546',1039,,456,137,0,5,0
3019,'1488547',1709,,457,137,0,5,0
3019,'1488548',1509,,458,137,0,5,0
3019,'1488550',1809,,459,137,0,5,0
3019,'1488551',1239,,460,137,0,5,0
3019,'1488552',1609,,461,137,0,5,0
3019,'1488553',639,,462,57,0,5,0
3019,'1488556',1639,,463,137,0,5,0
3019,'1488560',1009,,464,137,0,5,0
3019,'1488565',709,,465,104,0,5,0
3019,'1496990',1809,,648,134,0,5,0
3019,'1496992',2309,,650,134,0,5,0
3019,'1496997',2009,,655,134,0,5,0
3019,'1496998',1509,,656,134,0,5,0
3019,'1497000',2109,,658,134,0,5,0
3019,'1497002',2359,,660,134,0,5,0
3019,'1497006',1909,,664,134,0,5,0
3019,'1497007',809,,665,134,0,5,0
3019,'1497008',1009,,666,134,0,5,0
3019,'1497012',1109,,670,134,0,5,0
3019,'1497013',1409,,671,134,0,5,0
3019,'1497014',1709,,672,134,0,5,0
3019,'1497016',1209,,674,134,0,5,0
3019,'1497017',1609,,675,134,0,5,0
3019,'1497018',2209,,676,134,0,5,0
3019,'1497019',909,,677,134,0,5,0
3019,'1497021',1309,,679,134,0,5,0
3019,'1497025',639,,683,56,0,5,0
8019,'1492009',1731,,556,2,,,0
8019,'1492010',1031,,557,2,,,0
8019,'1492011',1331,,558,2,,,0
8019,'1492012',931,,559,2,,,0
8019,'1492013',1431,,560,2,,,0
8019,'1492014',731,,561,2,,,0
8019,'1492015',1631,,562,2,,,0
8019,'1492016',831,,563,2,,,0
8019,'1492017',631,,564,2,,,0
8019,'1492018',1531,,565,2,,,0
8019,'1492019',1231,,566,2,,,0
8019,'1492020',1131,,567,2,,,0
