1029,'1491948',1432,,124,25,,,0
1029,'1491949',1532,,125,25,,,0
1029,'1491951',1632,,126,25,,,0
1029,'1491953',732,,127,25,,,0
1029,'1491954',2102,,128,25,,,0
1029,'1491958',1032,,129,25,,,0
1029,'1491963',2002,,130,25,,,0
1029,'1491964',902,,131,25,,,0
1029,'1491965',1702,,132,25,,,0
1029,'1491966',1602,,133,25,,,0
1029,'1491970',1802,,134,25,,,0
1029,'1491971',1202,,135,25,,,0
1029,'1491972',1232,,136,25,,,0
1029,'1491973',1402,,137,25,,,0
1029,'1491974',1002,,138,25,,,0
1029,'1491976',702,,139,25,,,0
1029,'1491978',1832,,140,25,,,0
1029,'1491979',1732,,141,25,,,0
1029,'1491983',1332,,142,25,,,0
1029,'1491986',932,,143,25,,,0
1029,'1491987',2202,,144,25,,,0
1029,'1491989',1132,,145,25,,,0
1029,'1491991',2302,,146,25,,,0
1029,'1491993',832,,147,25,,,0
1029,'1491996',802,,148,25,,,0
1029,'1492000',1502,,149,25,,,0
1029,'1492001',1302,,150,25,,,0
1029,'1492003',1102,,151,25,,,0
1029,'1492008',1902,,153,25,,,0
1029,'1496919',1900,,594,25,,,0
1029,'1496920',2100,,595,25,,,0
1029,'1496925',1800,,596,25,,,0
1029,'1496926',2200,,597,25,,,0
1029,'1496927',1300,,598,25,,,0
1029,'1496929',1100,,599,25,,,0
1029,'1496931',1000,,600,25,,,0
1029,'1496932',2000,,601,25,,,0
1029,'1496934',700,,602,25,,,0
1029,'1496936',2300,,603,25,,,0
1029,'1496937',1500,,604,25,,,0
1029,'1496939',1600,,605,25,,,0
1029,'1496942',800,,606,25,,,0
1029,'1496943',1200,,607,25,,,0
1029,'1496944',900,,608,25,,,0
1029,'1496947',1700,,609,25,,,0
1029,'1496948',1400,,610,25,,,0
