3019,'1491899',1542,,370,23,,,0
3019,'1491900',1712,,371,23,,,0
3019,'1491901',2027,,372,23,,,0
3019,'1491902',842,,373,23,,,0
3019,'1491903',712,,374,23,,,0
3019,'1491904',1612,,375,23,,,0
3019,'1491905',1142,,376,23,,,0
3019,'1491906',1112,,377,23,,,0
3019,'1491907',742,,378,23,,,0
3019,'1491908',912,,379,23,,,0
3019,'1491909',2227,,380,23,,,0
3019,'1491910',1342,,381,23,,,0
3019,'1491911',1312,,382,23,,,0
3019,'1491912',1442,,383,23,,,0
3019,'1491913',1242,,384,23,,,0
3019,'1491914',2127,,385,23,,,0
3019,'1491915',812,,386,23,,,0
3019,'1491916',1742,,387,23,,,0
3019,'1491917',1412,,388,23,,,0
3019,'1491918',1012,,389,23,,,0
3019,'1491919',1042,,390,23,,,0
3019,'1491920',1212,,391,23,,,0
3019,'1491921',1642,,392,23,,,0
3019,'1491922',942,,393,23,,,0
3019,'1491923',1512,,394,23,,,0
3019,'1491924',1827,,395,23,,,0
3019,'1491925',2325,,396,23,,,0
3019,'1491928',1927,,399,23,,,0
3019,'1492021',642,,400,23,,,0
3019,'1496989',727,,647,22,,,0
3019,'1496991',1427,,649,22,,,0
3019,'1496993',827,,651,22,,,0
3019,'1496994',1127,,652,22,,,0
3019,'1496995',2227,,653,22,,,0
3019,'1496996',1827,,654,22,,,0
3019,'1496999',1327,,657,22,,,0
3019,'1497001',1927,,659,22,,,0
3019,'1497003',1627,,661,22,,,0
3019,'1497004',927,,662,22,,,0
3019,'1497005',1227,,663,22,,,0
3019,'1497009',2127,,667,22,,,0
3019,'1497010',1727,,668,22,,,0
3019,'1497011',1027,,669,22,,,0
3019,'1497015',1527,,673,22,,,0
3019,'1497020',2027,,678,22,,,0
3019,'1497023',2325,,681,22,,,0
3019,'1497024',627,,682,22,,,0
