3019,'1491899',1609,,370,69,,,0
3019,'1491900',1739,,371,69,,,0
3019,'1491901',2054,,372,69,,,0
3019,'1491902',909,,373,69,,,0
3019,'1491903',739,,374,69,,,0
3019,'1491904',1639,,375,69,,,0
3019,'1491905',1209,,376,69,,,0
3019,'1491906',1139,,377,69,,,0
3019,'1491907',809,,378,69,,,0
3019,'1491908',939,,379,69,,,0
3019,'1491909',2254,,380,69,,,0
3019,'1491910',1409,,381,69,,,0
3019,'1491911',1339,,382,69,,,0
3019,'1491912',1509,,383,69,,,0
3019,'1491913',1309,,384,69,,,0
3019,'1491914',2154,,385,69,,,0
3019,'1491915',839,,386,69,,,0
3019,'1491916',1809,,387,69,,,0
3019,'1491917',1439,,388,69,,,0
3019,'1491918',1039,,389,69,,,0
3019,'1491919',1109,,390,69,,,0
3019,'1491920',1239,,391,69,,,0
3019,'1491921',1709,,392,69,,,0
3019,'1491922',1009,,393,69,,,0
3019,'1491923',1539,,394,69,,,0
3019,'1491924',1854,,395,69,,,0
3019,'1491925',2348,,396,69,,,0
3019,'1491927',609,,398,12,,,0
3019,'1491928',1954,,399,69,,,0
3019,'1492021',709,,400,69,,,0
3019,'1496989',754,,647,68,,,0
3019,'1496991',1454,,649,68,,,0
3019,'1496993',854,,651,68,,,0
3019,'1496994',1154,,652,68,,,0
3019,'1496995',2254,,653,68,,,0
3019,'1496996',1854,,654,68,,,0
3019,'1496999',1354,,657,68,,,0
3019,'1497001',1954,,659,68,,,0
3019,'1497003',1654,,661,68,,,0
3019,'1497004',954,,662,68,,,0
3019,'1497005',1254,,663,68,,,0
3019,'1497009',2154,,667,68,,,0
3019,'1497010',1754,,668,68,,,0
3019,'1497011',1054,,669,68,,,0
3019,'1497015',1554,,673,68,,,0
3019,'1497020',2054,,678,68,,,0
3019,'1497022',624,,680,12,,,0
3019,'1497023',2348,,681,68,,,0
3019,'1497024',654,,682,68,,,0
