2029,'1492022',2001,,280,26,,,0
2029,'1492026',901,,281,26,,,0
2029,'1492029',1401,,282,26,,,0
2029,'1492030',1201,,283,26,,,0
2029,'1492031',1801,,284,26,,,0
2029,'1492033',1231,,285,26,,,0
2029,'1492035',1531,,286,26,,,0
2029,'1492039',931,,287,26,,,0
2029,'1492041',2201,,288,26,,,0
2029,'1492044',801,,289,26,,,0
2029,'1492046',1601,,290,26,,,0
2029,'1492047',1431,,291,26,,,0
2029,'1492049',2300,,292,26,,,0
2029,'1492050',1031,,293,26,,,0
2029,'1492051',701,,294,26,,,0
2029,'1492052',1301,,295,26,,,0
2029,'1492054',1901,,296,26,,,0
2029,'1492056',1631,,297,26,,,0
2029,'1492059',1501,,298,26,,,0
2029,'1492060',1331,,299,26,,,0
2029,'1492061',731,,300,26,,,0
2029,'1492063',1701,,301,26,,,0
2029,'1492065',1001,,302,26,,,0
2029,'1492070',831,,303,26,,,0
2029,'1492071',2101,,304,26,,,0
2029,'1492072',1131,,305,26,,,0
2029,'1492073',1101,,306,26,,,0
2029,'1492076',1731,,307,26,,,0
2029,'1496956',1703,,630,27,,,0
2029,'1496959',1103,,631,27,,,0
2029,'1496960',2203,,632,27,,,0
2029,'1496963',2300,,633,27,,,0
2029,'1496964',1003,,634,27,,,0
2029,'1496965',2003,,635,27,,,0
2029,'1496966',903,,636,27,,,0
2029,'1496967',1503,,637,27,,,0
2029,'1496969',2103,,638,27,,,0
2029,'1496971',1803,,639,27,,,0
2029,'1496972',1203,,640,27,,,0
2029,'1496976',1403,,641,27,,,0
2029,'1496977',803,,642,27,,,0
2029,'1496978',1303,,643,27,,,0
2029,'1496980',1903,,644,27,,,0
2029,'1496982',1603,,645,27,,,0
2029,'1496985',703,,646,27,,,0
