1019,'1491950',747,,37,56,,,0
1019,'1491952',847,,38,56,,,0
1019,'1491955',1617,,39,56,,,0
1019,'1491956',2202,,40,56,,,0
1019,'1491957',1717,,41,56,,,0
1019,'1491959',817,,42,56,,,0
1019,'1491960',1517,,43,56,,,0
1019,'1491961',1317,,44,56,,,0
1019,'1491962',1847,,45,56,,,0
1019,'1491967',1417,,46,56,,,0
1019,'1491968',2002,,47,56,,,0
1019,'1491969',2102,,48,56,,,0
1019,'1491975',1117,,49,56,,,0
1019,'1491977',1347,,50,56,,,0
1019,'1491980',917,,51,56,,,0
1019,'1491981',1217,,52,56,,,0
1019,'1491982',1017,,53,56,,,0
1019,'1491984',2353,,54,56,,,0
1019,'1491985',1817,,55,56,,,0
1019,'1491988',1047,,56,56,,,0
1019,'1491990',947,,57,56,,,0
1019,'1491992',2302,,58,56,,,0
1019,'1491994',1447,,59,56,,,0
1019,'1491995',1547,,60,56,,,0
1019,'1491997',717,,61,56,,,0
1019,'1491998',1247,,62,56,,,0
1019,'1491999',1147,,63,56,,,0
1019,'1492002',1747,,64,56,,,0
1019,'1492004',1647,,65,56,,,0
1019,'1492005',617,,66,26,,,0
1019,'1492007',1917,,67,56,,,0
1019,'1496918',1402,,576,57,,,0
1019,'1496921',2002,,577,57,,,0
1019,'1496922',802,,578,57,,,0
1019,'1496923',702,,579,57,,,0
1019,'1496924',2102,,580,57,,,0
1019,'1496928',1102,,581,57,,,0
1019,'1496930',1502,,582,57,,,0
1019,'1496933',1702,,583,57,,,0
1019,'1496935',1202,,584,57,,,0
1019,'1496938',2202,,585,57,,,0
1019,'1496940',1602,,586,57,,,0
1019,'1496941',1802,,587,57,,,0
1019,'1496945',1002,,588,57,,,0
1019,'1496946',902,,589,57,,,0
1019,'1496949',1302,,590,57,,,0
1019,'1496950',1902,,591,57,,,0
1019,'1496951',2351,,592,57,,,0
1019,'1496952',2302,,593,57,,,0
