4019,'1491929',650,,525,31,,,0
4019,'1491930',2332,,526,31,,,0
4019,'1491931',1050,,527,31,,,0
4019,'1491932',850,,528,31,,,0
4019,'1491933',2035,,529,31,,,0
4019,'1491934',1650,,530,31,,,0
4019,'1491935',1850,,531,31,,,0
4019,'1491936',2135,,532,31,,,0
4019,'1491937',950,,533,31,,,0
4019,'1491938',1150,,534,31,,,0
4019,'1491939',1935,,535,31,,,0
4019,'1491940',750,,536,31,,,0
4019,'1491941',1550,,537,31,,,0
4019,'1491942',1750,,538,31,,,0
4019,'1491943',1350,,539,31,,,0
4019,'1491944',1450,,540,31,,,0
4019,'1491945',2235,,541,31,,,0
4019,'1491946',1250,,542,31,,,0
4019,'1497026',835,,684,31,,,0
4019,'1497027',735,,685,31,,,0
4019,'1497028',1635,,686,31,,,0
4019,'1497029',2235,,687,31,,,0
4019,'1497030',1735,,688,31,,,0
4019,'1497031',1435,,689,31,,,0
4019,'1497032',2135,,690,31,,,0
4019,'1497033',1035,,691,31,,,0
4019,'1497034',1935,,692,31,,,0
4019,'1497035',1535,,693,31,,,0
4019,'1497036',935,,694,31,,,0
4019,'1497037',1835,,695,31,,,0
4019,'1497038',1335,,696,31,,,0
4019,'1497039',635,,697,31,,,0
4019,'1497040',2035,,698,31,,,0
4019,'1497041',1135,,699,31,,,0
4019,'1497042',1235,,700,31,,,0
4019,'1497043',2332,,701,31,,,0
