4019,'1496112',703,,1237,51,,,0
4019,'1496113',1103,,1238,51,,,0
4019,'1496114',903,,1239,51,,,0
4019,'1496115',1703,,1240,51,,,0
4019,'1496116',1003,,1241,51,,,0
4019,'1496117',1203,,1242,51,,,0
4019,'1496118',803,,1243,51,,,0
4019,'1496119',1603,,1244,51,,,0
4019,'1496120',1803,,1245,51,,,0
4019,'1496121',1403,,1246,51,,,0
4019,'1496122',1503,,1247,51,,,0
4019,'1496123',1303,,1248,51,,,0
4019,'1496124',604,,1249,17,,,0
4019,'1496355',703,,1250,51,,,0
4019,'1496356',2343,,1251,51,,,0
4019,'1496357',1103,,1252,51,,,0
4019,'1496358',903,,1253,51,,,0
4019,'1496359',2048,,1254,51,,,0
4019,'1496360',1703,,1255,51,,,0
4019,'1496361',1903,,1256,51,,,0
4019,'1496362',2148,,1257,51,,,0
4019,'1496363',1003,,1258,51,,,0
4019,'1496364',1203,,1259,51,,,0
4019,'1496365',1948,,1260,51,,,0
4019,'1496366',803,,1261,51,,,0
4019,'1496367',1603,,1262,51,,,0
4019,'1496368',1803,,1263,51,,,0
4019,'1496369',1403,,1264,51,,,0
4019,'1496370',1503,,1265,51,,,0
4019,'1496371',2248,,1266,51,,,0
4019,'1496372',1303,,1267,51,,,0
4019,'1496373',604,,1268,17,,,0
4019,'1496435',849,,1269,51,,,0
4019,'1496436',749,,1270,51,,,0
4019,'1496437',1649,,1271,51,,,0
4019,'1496438',2249,,1272,51,,,0
4019,'1496439',1749,,1273,51,,,0
4019,'1496440',1449,,1274,51,,,0
4019,'1496441',2149,,1275,51,,,0
4019,'1496442',1049,,1276,51,,,0
4019,'1496443',1949,,1277,51,,,0
4019,'1496444',1549,,1278,51,,,0
4019,'1496445',949,,1279,51,,,0
4019,'1496446',1849,,1280,51,,,0
4019,'1496447',1349,,1281,51,,,0
4019,'1496448',649,,1282,51,,,0
4019,'1496449',2049,,1283,51,,,0
4019,'1496450',1149,,1284,51,,,0
4019,'1496451',1249,,1285,51,,,0
4019,'1496452',2343,,1286,51,,,0
4019,'1496661',849,,1287,51,,,0
4019,'1496662',749,,1288,51,,,0
4019,'1496663',1649,,1289,51,,,0
4019,'1496664',2249,,1290,51,,,0
4019,'1496665',1749,,1291,51,,,0
4019,'1496666',1449,,1292,51,,,0
4019,'1496667',2149,,1293,51,,,0
4019,'1496668',1049,,1294,51,,,0
4019,'1496669',1949,,1295,51,,,0
4019,'1496670',1549,,1296,51,,,0
4019,'1496671',949,,1297,51,,,0
4019,'1496672',1849,,1298,51,,,0
4019,'1496673',1349,,1299,51,,,0
4019,'1496674',2049,,1300,51,,,0
4019,'1496675',1149,,1301,51,,,0
4019,'1496676',1249,,1302,51,,,0
4019,'1496677',2343,,1303,51,,,0
