3019,'1496125',1616,,1056,78,,,0
3019,'1496128',1746,,1059,78,,,0
3019,'1496129',916,,1060,78,,,0
3019,'1496130',746,,1061,78,,,0
3019,'1496131',1646,,1062,78,,,0
3019,'1496133',1216,,1064,78,,,0
3019,'1496134',1146,,1065,78,,,0
3019,'1496136',816,,1067,78,,,0
3019,'1496138',946,,1069,78,,,0
3019,'1496141',1416,,1072,78,,,0
3019,'1496142',1346,,1073,78,,,0
3019,'1496144',1516,,1075,78,,,0
3019,'1496146',1316,,1077,78,,,0
3019,'1496151',846,,1082,78,,,0
3019,'1496153',1816,,1084,78,,,0
3019,'1496154',1446,,1085,78,,,0
3019,'1496155',1046,,1086,78,,,0
3019,'1496159',1116,,1090,78,,,0
3019,'1496164',1246,,1095,78,,,0
3019,'1496165',1716,,1096,78,,,0
3019,'1496167',1016,,1098,78,,,0
3019,'1496168',1546,,1099,78,,,0
3019,'1496171',616,,1102,22,,,0
3019,'1496173',716,,1104,78,,,0
3019,'1496374',1616,,1105,78,,,0
3019,'1496377',1746,,1108,78,,,0
3019,'1496378',2101,,1109,78,,,0
3019,'1496380',916,,1111,78,,,0
3019,'1496381',746,,1112,78,,,0
3019,'1496382',1646,,1113,78,,,0
3019,'1496385',1216,,1116,78,,,0
3019,'1496386',1146,,1117,78,,,0
3019,'1496388',816,,1119,78,,,0
3019,'1496392',946,,1123,78,,,0
3019,'1496395',2301,,1126,78,,,0
3019,'1496396',1416,,1127,78,,,0
3019,'1496398',1346,,1129,78,,,0
3019,'1496400',1516,,1131,78,,,0
3019,'1496402',1316,,1133,78,,,0
3019,'1496404',2201,,1135,78,,,0
3019,'1496409',846,,1140,78,,,0
3019,'1496411',1816,,1142,78,,,0
3019,'1496412',1446,,1143,78,,,0
3019,'1496413',1046,,1144,78,,,0
3019,'1496417',1116,,1148,78,,,0
3019,'1496422',1246,,1153,78,,,0
3019,'1496423',1716,,1154,78,,,0
3019,'1496425',1016,,1156,78,,,0
3019,'1496426',1546,,1157,78,,,0
3019,'1496427',1901,,1158,78,,,0
3019,'1496431',616,,1162,22,,,0
3019,'1496432',2001,,1163,78,,,0
3019,'1496434',716,,1165,78,,,0
3019,'1496453',801,,1166,78,,,0
3019,'1496455',1501,,1168,78,,,0
3019,'1496457',901,,1170,78,,,0
3019,'1496458',1201,,1171,78,,,0
3019,'1496459',2301,,1172,78,,,0
3019,'1496460',1901,,1173,78,,,0
3019,'1496463',1401,,1176,78,,,0
3019,'1496465',2001,,1178,78,,,0
3019,'1496467',1701,,1180,78,,,0
3019,'1496468',1001,,1181,78,,,0
3019,'1496469',1301,,1182,78,,,0
3019,'1496473',2201,,1186,78,,,0
3019,'1496474',1801,,1187,78,,,0
3019,'1496475',1101,,1188,78,,,0
3019,'1496479',1601,,1192,78,,,0
3019,'1496484',2101,,1197,78,,,0
3019,'1496486',631,,1199,22,,,0
3019,'1496488',701,,1201,78,,,0
3019,'1496627',801,,1203,78,,,0
3019,'1496629',1501,,1205,78,,,0
3019,'1496631',901,,1207,78,,,0
3019,'1496632',1201,,1208,78,,,0
3019,'1496633',1901,,1209,78,,,0
3019,'1496636',1401,,1212,78,,,0
3019,'1496638',2001,,1214,78,,,0
3019,'1496640',1701,,1216,78,,,0
3019,'1496641',1001,,1217,78,,,0
3019,'1496642',1301,,1218,78,,,0
3019,'1496645',2201,,1221,78,,,0
3019,'1496646',1801,,1222,78,,,0
3019,'1496647',1101,,1223,78,,,0
3019,'1496651',1601,,1227,78,,,0
3019,'1496656',2101,,1232,78,,,0
3019,'1496658',731,,1234,22,,,0
