4019,'1496112',707,,1237,60,,,0
4019,'1496113',1107,,1238,60,,,0
4019,'1496114',907,,1239,60,,,0
4019,'1496115',1707,,1240,60,,,0
4019,'1496116',1007,,1241,60,,,0
4019,'1496117',1207,,1242,60,,,0
4019,'1496118',807,,1243,60,,,0
4019,'1496119',1607,,1244,60,,,0
4019,'1496120',1807,,1245,60,,,0
4019,'1496121',1407,,1246,60,,,0
4019,'1496122',1507,,1247,60,,,0
4019,'1496123',1307,,1248,60,,,0
4019,'1496124',607,,1249,26,,,0
4019,'1496355',707,,1250,60,,,0
4019,'1496356',2346,,1251,60,,,0
4019,'1496357',1107,,1252,60,,,0
4019,'1496358',907,,1253,60,,,0
4019,'1496359',2052,,1254,60,,,0
4019,'1496360',1707,,1255,60,,,0
4019,'1496361',1907,,1256,60,,,0
4019,'1496362',2152,,1257,60,,,0
4019,'1496363',1007,,1258,60,,,0
4019,'1496364',1207,,1259,60,,,0
4019,'1496365',1952,,1260,60,,,0
4019,'1496366',807,,1261,60,,,0
4019,'1496367',1607,,1262,60,,,0
4019,'1496368',1807,,1263,60,,,0
4019,'1496369',1407,,1264,60,,,0
4019,'1496370',1507,,1265,60,,,0
4019,'1496371',2252,,1266,60,,,0
4019,'1496372',1307,,1267,60,,,0
4019,'1496373',607,,1268,26,,,0
4019,'1496435',853,,1269,60,,,0
4019,'1496436',753,,1270,60,,,0
4019,'1496437',1653,,1271,60,,,0
4019,'1496438',2253,,1272,60,,,0
4019,'1496439',1753,,1273,60,,,0
4019,'1496440',1453,,1274,60,,,0
4019,'1496441',2153,,1275,60,,,0
4019,'1496442',1053,,1276,60,,,0
4019,'1496443',1953,,1277,60,,,0
4019,'1496444',1553,,1278,60,,,0
4019,'1496445',953,,1279,60,,,0
4019,'1496446',1853,,1280,60,,,0
4019,'1496447',1353,,1281,60,,,0
4019,'1496448',653,,1282,60,,,0
4019,'1496449',2053,,1283,60,,,0
4019,'1496450',1153,,1284,60,,,0
4019,'1496451',1253,,1285,60,,,0
4019,'1496452',2346,,1286,60,,,0
4019,'1496661',853,,1287,60,,,0
4019,'1496662',753,,1288,60,,,0
4019,'1496663',1653,,1289,60,,,0
4019,'1496664',2253,,1290,60,,,0
4019,'1496665',1753,,1291,60,,,0
4019,'1496666',1453,,1292,60,,,0
4019,'1496667',2153,,1293,60,,,0
4019,'1496668',1053,,1294,60,,,0
4019,'1496669',1953,,1295,60,,,0
4019,'1496670',1553,,1296,60,,,0
4019,'1496671',953,,1297,60,,,0
4019,'1496672',1853,,1298,60,,,0
4019,'1496673',1353,,1299,60,,,0
4019,'1496674',2053,,1300,60,,,0
4019,'1496675',1153,,1301,60,,,0
4019,'1496676',1253,,1302,60,,,0
4019,'1496677',2346,,1303,60,,,0
