1029,'1491948',1508,,124,70,,,0
1029,'1491949',1608,,125,70,,,0
1029,'1491951',1708,,126,70,,,0
1029,'1491953',808,,127,70,,,0
1029,'1491954',2138,,128,70,,,0
1029,'1491958',1108,,129,70,,,0
1029,'1491963',2038,,130,70,,,0
1029,'1491964',938,,131,70,,,0
1029,'1491965',1738,,132,70,,,0
1029,'1491966',1638,,133,70,,,0
1029,'1491970',1838,,134,70,,,0
1029,'1491971',1238,,135,70,,,0
1029,'1491972',1308,,136,70,,,0
1029,'1491973',1438,,137,70,,,0
1029,'1491974',1038,,138,70,,,0
1029,'1491976',738,,139,70,,,0
1029,'1491978',1908,,140,70,,,0
1029,'1491979',1808,,141,70,,,0
1029,'1491983',1408,,142,70,,,0
1029,'1491986',1008,,143,70,,,0
1029,'1491987',2238,,144,70,,,0
1029,'1491989',1208,,145,70,,,0
1029,'1491991',2338,,146,70,,,0
1029,'1491993',908,,147,70,,,0
1029,'1491996',838,,148,70,,,0
1029,'1492000',1538,,149,70,,,0
1029,'1492001',1338,,150,70,,,0
1029,'1492003',1138,,151,70,,,0
1029,'1492006',638,,152,25,,,0
1029,'1492008',1938,,153,70,,,0
1029,'1496919',1938,,594,70,,,0
1029,'1496920',2138,,595,70,,,0
1029,'1496925',1838,,596,70,,,0
1029,'1496926',2238,,597,70,,,0
1029,'1496927',1338,,598,70,,,0
1029,'1496929',1138,,599,70,,,0
1029,'1496931',1038,,600,70,,,0
1029,'1496932',2038,,601,70,,,0
1029,'1496934',738,,602,70,,,0
1029,'1496936',2338,,603,70,,,0
1029,'1496937',1538,,604,70,,,0
1029,'1496939',1638,,605,70,,,0
1029,'1496942',838,,606,70,,,0
1029,'1496943',1238,,607,70,,,0
1029,'1496944',938,,608,70,,,0
1029,'1496947',1738,,609,70,,,0
1029,'1496948',1438,,610,70,,,0
