1029,'1496065',1425,,792,18,,,0
1029,'1496066',1525,,793,18,,,0
1029,'1496068',1625,,794,18,,,0
1029,'1496070',725,,795,18,,,0
1029,'1496073',1025,,796,18,,,0
1029,'1496077',855,,797,18,,,0
1029,'1496078',1655,,798,18,,,0
1029,'1496079',1555,,799,18,,,0
1029,'1496081',1155,,800,18,,,0
1029,'1496082',1225,,801,18,,,0
1029,'1496083',1355,,802,18,,,0
1029,'1496084',955,,803,18,,,0
1029,'1496086',655,,804,18,,,0
1029,'1496088',1725,,805,18,,,0
1029,'1496092',1325,,806,18,,,0
1029,'1496094',925,,807,18,,,0
1029,'1496096',1125,,808,18,,,0
1029,'1496098',825,,809,18,,,0
1029,'1496101',755,,810,18,,,0
1029,'1496105',1455,,811,18,,,0
1029,'1496106',1255,,812,18,,,0
1029,'1496108',1055,,813,18,,,0
1029,'1496294',1425,,815,18,,,0
1029,'1496295',1525,,816,18,,,0
1029,'1496297',1625,,817,18,,,0
1029,'1496299',725,,818,18,,,0
1029,'1496300',2055,,819,18,,,0
1029,'1496304',1025,,820,18,,,0
1029,'1496309',1955,,821,18,,,0
1029,'1496310',855,,822,18,,,0
1029,'1496311',1655,,823,18,,,0
1029,'1496312',1555,,824,18,,,0
1029,'1496316',1755,,825,18,,,0
1029,'1496317',1155,,826,18,,,0
1029,'1496318',1225,,827,18,,,0
1029,'1496319',1355,,828,18,,,0
1029,'1496320',955,,829,18,,,0
1029,'1496322',655,,830,18,,,0
1029,'1496324',1825,,831,18,,,0
1029,'1496325',1725,,832,18,,,0
1029,'1496329',1325,,833,18,,,0
1029,'1496332',925,,834,18,,,0
1029,'1496333',2155,,835,18,,,0
1029,'1496335',1125,,836,18,,,0
1029,'1496337',2255,,837,18,,,0
1029,'1496339',825,,838,18,,,0
1029,'1496342',755,,839,18,,,0
1029,'1496346',1455,,840,18,,,0
1029,'1496347',1255,,841,18,,,0
1029,'1496349',1055,,842,18,,,0
1029,'1496354',1855,,844,18,,,0
1029,'1496527',1855,,845,18,,,0
1029,'1496528',2055,,846,18,,,0
1029,'1496533',1755,,847,18,,,0
1029,'1496534',2155,,848,18,,,0
1029,'1496535',1255,,849,18,,,0
1029,'1496537',1055,,850,18,,,0
1029,'1496539',955,,851,18,,,0
1029,'1496540',1955,,852,18,,,0
1029,'1496542',655,,853,18,,,0
1029,'1496544',2255,,854,18,,,0
1029,'1496545',1455,,855,18,,,0
1029,'1496547',1555,,856,18,,,0
1029,'1496550',755,,857,18,,,0
1029,'1496551',1155,,858,18,,,0
1029,'1496552',855,,859,18,,,0
1029,'1496555',1655,,860,18,,,0
1029,'1496556',1355,,861,18,,,0
1029,'1496562',1855,,862,18,,,0
1029,'1496563',2055,,863,18,,,0
1029,'1496567',1755,,864,18,,,0
1029,'1496568',2155,,865,18,,,0
1029,'1496569',1255,,866,18,,,0
1029,'1496571',1055,,867,18,,,0
1029,'1496573',955,,868,18,,,0
1029,'1496574',1955,,869,18,,,0
1029,'1496577',2255,,870,18,,,0
1029,'1496578',1455,,871,18,,,0
1029,'1496580',1555,,872,18,,,0
1029,'1496583',755,,873,18,,,0
1029,'1496584',1155,,874,18,,,0
1029,'1496585',855,,875,18,,,0
1029,'1496588',1655,,876,18,,,0
1029,'1496589',1355,,877,18,,,0
