3019,'1488507',907,,436,77,0,5,0
3019,'1488508',1107,,437,77,0,5,0
3019,'1488511',2137,,438,77,0,5,0
3019,'1488515',2237,,439,77,0,5,0
3019,'1488516',1137,,440,77,0,5,0
3019,'1488519',1707,,441,77,0,5,0
3019,'1488521',2330,,442,77,0,5,0
3019,'1488522',1507,,443,77,0,5,0
3019,'1488523',1937,,444,77,0,5,0
3019,'1488525',1237,,445,77,0,5,0
3019,'1488526',807,,446,77,0,5,0
3019,'1488529',2037,,447,77,0,5,0
3019,'1488531',737,,448,77,0,5,0
3019,'1488533',1807,,449,77,0,5,0
3019,'1488535',1337,,450,77,0,5,0
3019,'1488537',1837,,451,77,0,5,0
3019,'1488538',1037,,452,77,0,5,0
3019,'1488539',1307,,453,77,0,5,0
3019,'1488540',1407,,454,77,0,5,0
3019,'1488542',837,,455,77,0,5,0
3019,'1488546',1007,,456,77,0,5,0
3019,'1488547',1637,,457,77,0,5,0
3019,'1488548',1437,,458,77,0,5,0
3019,'1488550',1737,,459,77,0,5,0
3019,'1488551',1207,,460,77,0,5,0
3019,'1488552',1537,,461,77,0,5,0
3019,'1488556',1607,,463,77,0,5,0
3019,'1488560',937,,464,77,0,5,0
3019,'1488565',637,,465,44,0,5,0
3019,'1496990',1737,,648,75,0,5,0
3019,'1496992',2237,,650,75,0,5,0
3019,'1496997',1937,,655,75,0,5,0
3019,'1496998',1437,,656,75,0,5,0
3019,'1497000',2037,,658,75,0,5,0
3019,'1497002',2330,,660,75,0,5,0
3019,'1497006',1837,,664,75,0,5,0
3019,'1497007',737,,665,75,0,5,0
3019,'1497008',937,,666,75,0,5,0
3019,'1497012',1037,,670,75,0,5,0
3019,'1497013',1337,,671,75,0,5,0
3019,'1497014',1637,,672,75,0,5,0
3019,'1497016',1137,,674,75,0,5,0
3019,'1497017',1537,,675,75,0,5,0
3019,'1497018',2137,,676,75,0,5,0
3019,'1497019',837,,677,75,0,5,0
3019,'1497021',1237,,679,75,0,5,0
