3019,'1496125',1535,,1056,9,,,0
3019,'1496128',1705,,1059,9,,,0
3019,'1496129',835,,1060,9,,,0
3019,'1496130',705,,1061,9,,,0
3019,'1496131',1605,,1062,9,,,0
3019,'1496133',1135,,1064,9,,,0
3019,'1496134',1105,,1065,9,,,0
3019,'1496136',735,,1067,9,,,0
3019,'1496138',905,,1069,9,,,0
3019,'1496141',1335,,1072,9,,,0
3019,'1496142',1305,,1073,9,,,0
3019,'1496144',1435,,1075,9,,,0
3019,'1496146',1235,,1077,9,,,0
3019,'1496151',805,,1082,9,,,0
3019,'1496153',1735,,1084,9,,,0
3019,'1496154',1405,,1085,9,,,0
3019,'1496155',1005,,1086,9,,,0
3019,'1496159',1035,,1090,9,,,0
3019,'1496164',1205,,1095,9,,,0
3019,'1496165',1635,,1096,9,,,0
3019,'1496167',935,,1098,9,,,0
3019,'1496168',1505,,1099,9,,,0
3019,'1496173',635,,1104,9,,,0
3019,'1496374',1535,,1105,9,,,0
3019,'1496377',1705,,1108,9,,,0
3019,'1496378',2020,,1109,9,,,0
3019,'1496380',835,,1111,9,,,0
3019,'1496381',705,,1112,9,,,0
3019,'1496382',1605,,1113,9,,,0
3019,'1496385',1135,,1116,9,,,0
3019,'1496386',1105,,1117,9,,,0
3019,'1496388',735,,1119,9,,,0
3019,'1496392',905,,1123,9,,,0
3019,'1496395',2220,,1126,9,,,0
3019,'1496396',1335,,1127,9,,,0
3019,'1496398',1305,,1129,9,,,0
3019,'1496400',1435,,1131,9,,,0
3019,'1496402',1235,,1133,9,,,0
3019,'1496404',2120,,1135,9,,,0
3019,'1496409',805,,1140,9,,,0
3019,'1496411',1735,,1142,9,,,0
3019,'1496412',1405,,1143,9,,,0
3019,'1496413',1005,,1144,9,,,0
3019,'1496417',1035,,1148,9,,,0
3019,'1496422',1205,,1153,9,,,0
3019,'1496423',1635,,1154,9,,,0
3019,'1496425',935,,1156,9,,,0
3019,'1496426',1505,,1157,9,,,0
3019,'1496427',1820,,1158,9,,,0
3019,'1496429',2319,,1160,9,,,0
3019,'1496432',1920,,1163,9,,,0
3019,'1496434',635,,1165,9,,,0
3019,'1496453',720,,1166,9,,,0
3019,'1496455',1420,,1168,9,,,0
3019,'1496457',820,,1170,9,,,0
3019,'1496458',1120,,1171,9,,,0
3019,'1496459',2220,,1172,9,,,0
3019,'1496460',1820,,1173,9,,,0
3019,'1496463',1320,,1176,9,,,0
3019,'1496465',1920,,1178,9,,,0
3019,'1496467',1620,,1180,9,,,0
3019,'1496468',920,,1181,9,,,0
3019,'1496469',1220,,1182,9,,,0
3019,'1496473',2120,,1186,9,,,0
3019,'1496474',1720,,1187,9,,,0
3019,'1496475',1020,,1188,9,,,0
3019,'1496479',1520,,1192,9,,,0
3019,'1496484',2020,,1197,9,,,0
3019,'1496487',2319,,1200,9,,,0
3019,'1496488',620,,1201,9,,,0
3019,'1496627',720,,1203,9,,,0
3019,'1496629',1420,,1205,9,,,0
3019,'1496631',820,,1207,9,,,0
3019,'1496632',1120,,1208,9,,,0
3019,'1496633',1820,,1209,9,,,0
3019,'1496636',1320,,1212,9,,,0
3019,'1496638',1920,,1214,9,,,0
3019,'1496640',1620,,1216,9,,,0
3019,'1496641',920,,1217,9,,,0
3019,'1496642',1220,,1218,9,,,0
3019,'1496645',2120,,1221,9,,,0
3019,'1496646',1720,,1222,9,,,0
3019,'1496647',1020,,1223,9,,,0
3019,'1496651',1520,,1227,9,,,0
3019,'1496656',2020,,1232,9,,,0
3019,'1496659',2319,,1235,9,,,0
