2029,'1497044',858,,973,20,,,0
2029,'1497045',1358,,974,20,,,0
2029,'1497046',1158,,975,20,,,0
2029,'1497047',1228,,976,20,,,0
2029,'1497048',1528,,977,20,,,0
2029,'1497049',928,,978,20,,,0
2029,'1497050',758,,979,20,,,0
2029,'1497051',1558,,980,20,,,0
2029,'1497052',1428,,981,20,,,0
2029,'1497053',1028,,982,20,,,0
2029,'1497054',658,,983,20,,,0
2029,'1497055',1258,,984,20,,,0
2029,'1497056',1628,,985,20,,,0
2029,'1497057',1458,,986,20,,,0
2029,'1497058',1328,,987,20,,,0
2029,'1497059',728,,988,20,,,0
2029,'1497060',1658,,989,20,,,0
2029,'1497061',958,,990,20,,,0
2029,'1497062',828,,991,20,,,0
2029,'1497063',1128,,992,20,,,0
2029,'1497064',1058,,993,20,,,0
2029,'1497065',1728,,994,20,,,0
2029,'1497066',1958,,995,20,,,0
2029,'1497067',858,,996,20,,,0
2029,'1497068',1358,,997,20,,,0
2029,'1497069',1158,,998,20,,,0
2029,'1497070',1758,,999,20,,,0
2029,'1497071',1228,,1000,20,,,0
2029,'1497072',1528,,1001,20,,,0
2029,'1497073',928,,1002,20,,,0
2029,'1497074',2158,,1003,20,,,0
2029,'1497075',758,,1004,20,,,0
2029,'1497076',1558,,1005,20,,,0
2029,'1497077',1428,,1006,20,,,0
2029,'1497078',2255,,1007,20,,,0
2029,'1497079',1028,,1008,20,,,0
2029,'1497080',658,,1009,20,,,0
2029,'1497081',1258,,1010,20,,,0
2029,'1497082',1858,,1011,20,,,0
2029,'1497083',1628,,1012,20,,,0
2029,'1497084',1458,,1013,20,,,0
2029,'1497085',1328,,1014,20,,,0
2029,'1497086',728,,1015,20,,,0
2029,'1497087',1658,,1016,20,,,0
2029,'1497088',958,,1017,20,,,0
2029,'1497089',828,,1018,20,,,0
2029,'1497090',2058,,1019,20,,,0
2029,'1497091',1128,,1020,20,,,0
2029,'1497092',1058,,1021,20,,,0
2029,'1497093',1728,,1022,20,,,0
2029,'1497094',1658,,1023,20,,,0
2029,'1497095',1058,,1024,20,,,0
2029,'1497096',2158,,1025,20,,,0
2029,'1497097',2254,,1026,20,,,0
2029,'1497098',958,,1027,20,,,0
2029,'1497099',1958,,1028,20,,,0
2029,'1497100',858,,1029,20,,,0
2029,'1497101',1458,,1030,20,,,0
2029,'1497102',2058,,1031,20,,,0
2029,'1497103',1758,,1032,20,,,0
2029,'1497104',1158,,1033,20,,,0
2029,'1497105',1358,,1034,20,,,0
2029,'1497106',758,,1035,20,,,0
2029,'1497107',1258,,1036,20,,,0
2029,'1497108',1858,,1037,20,,,0
2029,'1497109',1558,,1038,20,,,0
2029,'1497110',658,,1039,20,,,0
2029,'1497111',1658,,1040,20,,,0
2029,'1497112',1058,,1041,20,,,0
2029,'1497113',2158,,1042,20,,,0
2029,'1497114',2254,,1043,20,,,0
2029,'1497115',958,,1044,20,,,0
2029,'1497116',1958,,1045,20,,,0
2029,'1497117',858,,1046,20,,,0
2029,'1497118',1458,,1047,20,,,0
2029,'1497119',2058,,1048,20,,,0
2029,'1497120',1758,,1049,20,,,0
2029,'1497121',1158,,1050,20,,,0
2029,'1497122',1358,,1051,20,,,0
2029,'1497123',758,,1052,20,,,0
2029,'1497124',1258,,1053,20,,,0
2029,'1497125',1858,,1054,20,,,0
2029,'1497126',1558,,1055,20,,,0
