4019,'1491929',654,,525,35,,,0
4019,'1491930',2335,,526,35,,,0
4019,'1491931',1054,,527,35,,,0
4019,'1491932',854,,528,35,,,0
4019,'1491933',2039,,529,35,,,0
4019,'1491934',1654,,530,35,,,0
4019,'1491935',1854,,531,35,,,0
4019,'1491936',2139,,532,35,,,0
4019,'1491937',954,,533,35,,,0
4019,'1491938',1154,,534,35,,,0
4019,'1491939',1939,,535,35,,,0
4019,'1491940',754,,536,35,,,0
4019,'1491941',1554,,537,35,,,0
4019,'1491942',1754,,538,35,,,0
4019,'1491943',1354,,539,35,,,0
4019,'1491944',1454,,540,35,,,0
4019,'1491945',2239,,541,35,,,0
4019,'1491946',1254,,542,35,,,0
4019,'1491947',555,,543,1,,,0
4019,'1497026',839,,684,35,,,0
4019,'1497027',739,,685,35,,,0
4019,'1497028',1639,,686,35,,,0
4019,'1497029',2239,,687,35,,,0
4019,'1497030',1739,,688,35,,,0
4019,'1497031',1439,,689,35,,,0
4019,'1497032',2139,,690,35,,,0
4019,'1497033',1039,,691,35,,,0
4019,'1497034',1939,,692,35,,,0
4019,'1497035',1539,,693,35,,,0
4019,'1497036',939,,694,35,,,0
4019,'1497037',1839,,695,35,,,0
4019,'1497038',1339,,696,35,,,0
4019,'1497039',639,,697,35,,,0
4019,'1497040',2039,,698,35,,,0
4019,'1497041',1139,,699,35,,,0
4019,'1497042',1239,,700,35,,,0
4019,'1497043',2335,,701,35,,,0
