3019,'1488507',926,,436,107,0,5,0
3019,'1488508',1126,,437,107,0,5,0
3019,'1488511',2156,,438,107,0,5,0
3019,'1488515',2256,,439,107,0,5,0
3019,'1488516',1156,,440,107,0,5,0
3019,'1488519',1726,,441,107,0,5,0
3019,'1488521',2346,,442,107,0,5,0
3019,'1488522',1526,,443,107,0,5,0
3019,'1488523',1956,,444,107,0,5,0
3019,'1488525',1256,,445,107,0,5,0
3019,'1488526',826,,446,107,0,5,0
3019,'1488529',2056,,447,107,0,5,0
3019,'1488531',756,,448,107,0,5,0
3019,'1488533',1826,,449,107,0,5,0
3019,'1488535',1356,,450,107,0,5,0
3019,'1488537',1856,,451,107,0,5,0
3019,'1488538',1056,,452,107,0,5,0
3019,'1488539',1326,,453,107,0,5,0
3019,'1488540',1426,,454,107,0,5,0
3019,'1488542',856,,455,107,0,5,0
3019,'1488546',1026,,456,107,0,5,0
3019,'1488547',1656,,457,107,0,5,0
3019,'1488548',1456,,458,107,0,5,0
3019,'1488550',1756,,459,107,0,5,0
3019,'1488551',1226,,460,107,0,5,0
3019,'1488552',1556,,461,107,0,5,0
3019,'1488553',626,,462,27,0,5,0
3019,'1488556',1626,,463,107,0,5,0
3019,'1488560',956,,464,107,0,5,0
3019,'1488565',656,,465,74,0,5,0
3019,'1491899',1548,,370,35,,,0
3019,'1491900',1718,,371,35,,,0
3019,'1491901',2033,,372,35,,,0
3019,'1491902',848,,373,35,,,0
3019,'1491903',718,,374,35,,,0
3019,'1491904',1618,,375,35,,,0
3019,'1491905',1148,,376,35,,,0
3019,'1491906',1118,,377,35,,,0
3019,'1491907',748,,378,35,,,0
3019,'1491908',918,,379,35,,,0
3019,'1491909',2233,,380,35,,,0
3019,'1491910',1348,,381,35,,,0
3019,'1491911',1318,,382,35,,,0
3019,'1491912',1448,,383,35,,,0
3019,'1491913',1248,,384,35,,,0
3019,'1491914',2133,,385,35,,,0
3019,'1491915',818,,386,35,,,0
3019,'1491916',1748,,387,35,,,0
3019,'1491917',1418,,388,35,,,0
3019,'1491918',1018,,389,35,,,0
3019,'1491919',1048,,390,35,,,0
3019,'1491920',1218,,391,35,,,0
3019,'1491921',1648,,392,35,,,0
3019,'1491922',948,,393,35,,,0
3019,'1491923',1518,,394,35,,,0
3019,'1491924',1833,,395,35,,,0
3019,'1491925',2331,,396,35,,,0
3019,'1491928',1933,,399,35,,,0
3019,'1492021',648,,400,35,,,0
3019,'1496989',733,,647,34,,,0
3019,'1496990',1756,,648,105,0,5,0
3019,'1496991',1433,,649,34,,,0
3019,'1496992',2256,,650,105,0,5,0
3019,'1496993',833,,651,34,,,0
3019,'1496994',1133,,652,34,,,0
3019,'1496995',2233,,653,34,,,0
3019,'1496996',1833,,654,34,,,0
3019,'1496997',1956,,655,105,0,5,0
3019,'1496998',1456,,656,105,0,5,0
3019,'1496999',1333,,657,34,,,0
3019,'1497000',2056,,658,105,0,5,0
3019,'1497001',1933,,659,34,,,0
3019,'1497002',2346,,660,105,0,5,0
3019,'1497003',1633,,661,34,,,0
3019,'1497004',933,,662,34,,,0
3019,'1497005',1233,,663,34,,,0
3019,'1497006',1856,,664,105,0,5,0
3019,'1497007',756,,665,105,0,5,0
3019,'1497008',956,,666,105,0,5,0
3019,'1497009',2133,,667,34,,,0
3019,'1497010',1733,,668,34,,,0
3019,'1497011',1033,,669,34,,,0
3019,'1497012',1056,,670,105,0,5,0
3019,'1497013',1356,,671,105,0,5,0
3019,'1497014',1656,,672,105,0,5,0
3019,'1497015',1533,,673,34,,,0
3019,'1497016',1156,,674,105,0,5,0
3019,'1497017',1556,,675,105,0,5,0
3019,'1497018',2156,,676,105,0,5,0
3019,'1497019',856,,677,105,0,5,0
3019,'1497020',2033,,678,34,,,0
3019,'1497021',1256,,679,105,0,5,0
3019,'1497023',2331,,681,34,,,0
3019,'1497024',633,,682,34,,,0
3019,'1497025',626,,683,27,0,5,0
