1029,'1496065',1444,,792,44,,,0
1029,'1496066',1544,,793,44,,,0
1029,'1496068',1644,,794,44,,,0
1029,'1496070',744,,795,44,,,0
1029,'1496073',1044,,796,44,,,0
1029,'1496077',914,,797,44,,,0
1029,'1496078',1714,,798,44,,,0
1029,'1496079',1614,,799,44,,,0
1029,'1496081',1214,,800,44,,,0
1029,'1496082',1244,,801,44,,,0
1029,'1496083',1414,,802,44,,,0
1029,'1496084',1014,,803,44,,,0
1029,'1496086',714,,804,44,,,0
1029,'1496088',1744,,805,44,,,0
1029,'1496092',1344,,806,44,,,0
1029,'1496094',944,,807,44,,,0
1029,'1496096',1144,,808,44,,,0
1029,'1496098',844,,809,44,,,0
1029,'1496101',814,,810,44,,,0
1029,'1496105',1514,,811,44,,,0
1029,'1496106',1314,,812,44,,,0
1029,'1496108',1114,,813,44,,,0
1029,'1496294',1444,,815,44,,,0
1029,'1496295',1544,,816,44,,,0
1029,'1496297',1644,,817,44,,,0
1029,'1496299',744,,818,44,,,0
1029,'1496300',2114,,819,44,,,0
1029,'1496304',1044,,820,44,,,0
1029,'1496309',2014,,821,44,,,0
1029,'1496310',914,,822,44,,,0
1029,'1496311',1714,,823,44,,,0
1029,'1496312',1614,,824,44,,,0
1029,'1496316',1814,,825,44,,,0
1029,'1496317',1214,,826,44,,,0
1029,'1496318',1244,,827,44,,,0
1029,'1496319',1414,,828,44,,,0
1029,'1496320',1014,,829,44,,,0
1029,'1496322',714,,830,44,,,0
1029,'1496324',1844,,831,44,,,0
1029,'1496325',1744,,832,44,,,0
1029,'1496329',1344,,833,44,,,0
1029,'1496332',944,,834,44,,,0
1029,'1496333',2214,,835,44,,,0
1029,'1496335',1144,,836,44,,,0
1029,'1496337',2314,,837,44,,,0
1029,'1496339',844,,838,44,,,0
1029,'1496342',814,,839,44,,,0
1029,'1496346',1514,,840,44,,,0
1029,'1496347',1314,,841,44,,,0
1029,'1496349',1114,,842,44,,,0
1029,'1496354',1914,,844,44,,,0
1029,'1496527',1914,,845,44,,,0
1029,'1496528',2114,,846,44,,,0
1029,'1496533',1814,,847,44,,,0
1029,'1496534',2214,,848,44,,,0
1029,'1496535',1314,,849,44,,,0
1029,'1496537',1114,,850,44,,,0
1029,'1496539',1014,,851,44,,,0
1029,'1496540',2014,,852,44,,,0
1029,'1496542',714,,853,44,,,0
1029,'1496544',2314,,854,44,,,0
1029,'1496545',1514,,855,44,,,0
1029,'1496547',1614,,856,44,,,0
1029,'1496550',814,,857,44,,,0
1029,'1496551',1214,,858,44,,,0
1029,'1496552',914,,859,44,,,0
1029,'1496555',1714,,860,44,,,0
1029,'1496556',1414,,861,44,,,0
1029,'1496562',1914,,862,44,,,0
1029,'1496563',2114,,863,44,,,0
1029,'1496567',1814,,864,44,,,0
1029,'1496568',2214,,865,44,,,0
1029,'1496569',1314,,866,44,,,0
1029,'1496571',1114,,867,44,,,0
1029,'1496573',1014,,868,44,,,0
1029,'1496574',2014,,869,44,,,0
1029,'1496577',2314,,870,44,,,0
1029,'1496578',1514,,871,44,,,0
1029,'1496580',1614,,872,44,,,0
1029,'1496583',814,,873,44,,,0
1029,'1496584',1214,,874,44,,,0
1029,'1496585',914,,875,44,,,0
1029,'1496588',1714,,876,44,,,0
1029,'1496589',1414,,877,44,,,0
4019,'1496112',719,,1237,73,,,0
4019,'1496113',1119,,1238,73,,,0
4019,'1496114',919,,1239,73,,,0
4019,'1496115',1719,,1240,73,,,0
4019,'1496116',1019,,1241,73,,,0
4019,'1496117',1219,,1242,73,,,0
4019,'1496118',819,,1243,73,,,0
4019,'1496119',1619,,1244,73,,,0
4019,'1496120',1819,,1245,73,,,0
4019,'1496121',1419,,1246,73,,,0
4019,'1496122',1519,,1247,73,,,0
4019,'1496123',1319,,1248,73,,,0
4019,'1496124',619,,1249,39,,,0
4019,'1496355',719,,1250,73,,,0
4019,'1496356',2354,,1251,73,,,0
4019,'1496357',1119,,1252,73,,,0
4019,'1496358',919,,1253,73,,,0
4019,'1496359',2104,,1254,73,,,0
4019,'1496360',1719,,1255,73,,,0
4019,'1496361',1919,,1256,73,,,0
4019,'1496362',2204,,1257,73,,,0
4019,'1496363',1019,,1258,73,,,0
4019,'1496364',1219,,1259,73,,,0
4019,'1496365',2004,,1260,73,,,0
4019,'1496366',819,,1261,73,,,0
4019,'1496367',1619,,1262,73,,,0
4019,'1496368',1819,,1263,73,,,0
4019,'1496369',1419,,1264,73,,,0
4019,'1496370',1519,,1265,73,,,0
4019,'1496371',2304,,1266,73,,,0
4019,'1496372',1319,,1267,73,,,0
4019,'1496373',619,,1268,39,,,0
4019,'1496435',904,,1269,73,,,0
4019,'1496436',804,,1270,73,,,0
4019,'1496437',1704,,1271,73,,,0
4019,'1496438',2304,,1272,73,,,0
4019,'1496439',1804,,1273,73,,,0
4019,'1496440',1504,,1274,73,,,0
4019,'1496441',2204,,1275,73,,,0
4019,'1496442',1104,,1276,73,,,0
4019,'1496443',2004,,1277,73,,,0
4019,'1496444',1604,,1278,73,,,0
4019,'1496445',1004,,1279,73,,,0
4019,'1496446',1904,,1280,73,,,0
4019,'1496447',1404,,1281,73,,,0
4019,'1496448',704,,1282,73,,,0
4019,'1496449',2104,,1283,73,,,0
4019,'1496450',1204,,1284,73,,,0
4019,'1496451',1304,,1285,73,,,0
4019,'1496452',2354,,1286,73,,,0
4019,'1496661',904,,1287,73,,,0
4019,'1496662',804,,1288,73,,,0
4019,'1496663',1704,,1289,73,,,0
4019,'1496664',2304,,1290,73,,,0
4019,'1496665',1804,,1291,73,,,0
4019,'1496666',1504,,1292,73,,,0
4019,'1496667',2204,,1293,73,,,0
4019,'1496668',1104,,1294,73,,,0
4019,'1496669',2004,,1295,73,,,0
4019,'1496670',1604,,1296,73,,,0
4019,'1496671',1004,,1297,73,,,0
4019,'1496672',1904,,1298,73,,,0
4019,'1496673',1404,,1299,73,,,0
4019,'1496674',2104,,1300,73,,,0
4019,'1496675',1204,,1301,73,,,0
4019,'1496676',1304,,1302,73,,,0
4019,'1496677',2354,,1303,73,,,0
8019,'1496053',1820,,1304,20,,,0
8019,'1496054',1120,,1305,20,,,0
8019,'1496055',1420,,1306,20,,,0
8019,'1496056',1020,,1307,20,,,0
8019,'1496057',1520,,1308,20,,,0
8019,'1496058',820,,1309,20,,,0
8019,'1496059',1720,,1310,20,,,0
8019,'1496060',920,,1311,20,,,0
8019,'1496061',720,,1312,20,,,0
8019,'1496062',1620,,1313,20,,,0
8019,'1496063',1320,,1314,20,,,0
8019,'1496064',1220,,1315,20,,,0
8019,'1496282',1820,,1316,20,,,0
8019,'1496283',1120,,1317,20,,,0
8019,'1496284',1420,,1318,20,,,0
8019,'1496285',1020,,1319,20,,,0
8019,'1496286',1520,,1320,20,,,0
8019,'1496287',820,,1321,20,,,0
8019,'1496288',1720,,1322,20,,,0
8019,'1496289',920,,1323,20,,,0
8019,'1496290',720,,1324,20,,,0
8019,'1496291',1620,,1325,20,,,0
8019,'1496292',1320,,1326,20,,,0
8019,'1496293',1220,,1327,20,,,0
