3019,'1488507',908,,436,78,0,5,0
3019,'1488508',1108,,437,78,0,5,0
3019,'1488511',2138,,438,78,0,5,0
3019,'1488515',2238,,439,78,0,5,0
3019,'1488516',1138,,440,78,0,5,0
3019,'1488519',1708,,441,78,0,5,0
3019,'1488521',2331,,442,78,0,5,0
3019,'1488522',1508,,443,78,0,5,0
3019,'1488523',1938,,444,78,0,5,0
3019,'1488525',1238,,445,78,0,5,0
3019,'1488526',808,,446,78,0,5,0
3019,'1488529',2038,,447,78,0,5,0
3019,'1488531',738,,448,78,0,5,0
3019,'1488533',1808,,449,78,0,5,0
3019,'1488535',1338,,450,78,0,5,0
3019,'1488537',1838,,451,78,0,5,0
3019,'1488538',1038,,452,78,0,5,0
3019,'1488539',1308,,453,78,0,5,0
3019,'1488540',1408,,454,78,0,5,0
3019,'1488542',838,,455,78,0,5,0
3019,'1488546',1008,,456,78,0,5,0
3019,'1488547',1638,,457,78,0,5,0
3019,'1488548',1438,,458,78,0,5,0
3019,'1488550',1738,,459,78,0,5,0
3019,'1488551',1208,,460,78,0,5,0
3019,'1488552',1538,,461,78,0,5,0
3019,'1488556',1608,,463,78,0,5,0
3019,'1488560',938,,464,78,0,5,0
3019,'1488565',638,,465,45,0,5,0
3019,'1496990',1738,,648,76,0,5,0
3019,'1496992',2238,,650,76,0,5,0
3019,'1496997',1938,,655,76,0,5,0
3019,'1496998',1438,,656,76,0,5,0
3019,'1497000',2038,,658,76,0,5,0
3019,'1497002',2331,,660,76,0,5,0
3019,'1497006',1838,,664,76,0,5,0
3019,'1497007',738,,665,76,0,5,0
3019,'1497008',938,,666,76,0,5,0
3019,'1497012',1038,,670,76,0,5,0
3019,'1497013',1338,,671,76,0,5,0
3019,'1497014',1638,,672,76,0,5,0
3019,'1497016',1138,,674,76,0,5,0
3019,'1497017',1538,,675,76,0,5,0
3019,'1497018',2138,,676,76,0,5,0
3019,'1497019',838,,677,76,0,5,0
3019,'1497021',1238,,679,76,0,5,0
