3019,'1488507',823,,436,15,0,5,0
3019,'1488508',1023,,437,15,0,5,0
3019,'1488511',2053,,438,15,0,5,0
3019,'1488515',2153,,439,15,0,5,0
3019,'1488516',1053,,440,15,0,5,0
3019,'1488519',1623,,441,15,0,5,0
3019,'1488521',2253,,442,15,0,5,0
3019,'1488522',1423,,443,15,0,5,0
3019,'1488523',1853,,444,15,0,5,0
3019,'1488525',1153,,445,15,0,5,0
3019,'1488526',723,,446,15,0,5,0
3019,'1488529',1953,,447,15,0,5,0
3019,'1488531',653,,448,15,0,5,0
3019,'1488533',1723,,449,15,0,5,0
3019,'1488535',1253,,450,15,0,5,0
3019,'1488537',1753,,451,15,0,5,0
3019,'1488538',953,,452,15,0,5,0
3019,'1488539',1223,,453,15,0,5,0
3019,'1488540',1323,,454,15,0,5,0
3019,'1488542',753,,455,15,0,5,0
3019,'1488546',923,,456,15,0,5,0
3019,'1488547',1553,,457,15,0,5,0
3019,'1488548',1353,,458,15,0,5,0
3019,'1488550',1653,,459,15,0,5,0
3019,'1488551',1123,,460,15,0,5,0
3019,'1488552',1453,,461,15,0,5,0
3019,'1488556',1523,,463,15,0,5,0
3019,'1488560',853,,464,15,0,5,0
3019,'1496990',1653,,648,14,0,5,0
3019,'1496992',2153,,650,14,0,5,0
3019,'1496997',1853,,655,14,0,5,0
3019,'1496998',1353,,656,14,0,5,0
3019,'1497000',1953,,658,14,0,5,0
3019,'1497002',2253,,660,14,0,5,0
3019,'1497006',1753,,664,14,0,5,0
3019,'1497007',653,,665,14,0,5,0
3019,'1497008',853,,666,14,0,5,0
3019,'1497012',953,,670,14,0,5,0
3019,'1497013',1253,,671,14,0,5,0
3019,'1497014',1553,,672,14,0,5,0
3019,'1497016',1053,,674,14,0,5,0
3019,'1497017',1453,,675,14,0,5,0
3019,'1497018',2053,,676,14,0,5,0
3019,'1497019',753,,677,14,0,5,0
3019,'1497021',1153,,679,14,0,5,0
