1019,'1491950',705,,37,10,,,0
1019,'1491952',805,,38,10,,,0
1019,'1491955',1535,,39,10,,,0
1019,'1491956',2120,,40,10,,,0
1019,'1491957',1635,,41,10,,,0
1019,'1491959',735,,42,10,,,0
1019,'1491960',1435,,43,10,,,0
1019,'1491961',1235,,44,10,,,0
1019,'1491962',1805,,45,10,,,0
1019,'1491967',1335,,46,10,,,0
1019,'1491968',1920,,47,10,,,0
1019,'1491969',2020,,48,10,,,0
1019,'1491975',1035,,49,10,,,0
1019,'1491977',1305,,50,10,,,0
1019,'1491980',835,,51,10,,,0
1019,'1491981',1135,,52,10,,,0
1019,'1491982',935,,53,10,,,0
1019,'1491984',2320,,54,10,,,0
1019,'1491985',1735,,55,10,,,0
1019,'1491988',1005,,56,10,,,0
1019,'1491990',905,,57,10,,,0
1019,'1491992',2220,,58,10,,,0
1019,'1491994',1405,,59,10,,,0
1019,'1491995',1505,,60,10,,,0
1019,'1491997',635,,61,10,,,0
1019,'1491998',1205,,62,10,,,0
1019,'1491999',1105,,63,10,,,0
1019,'1492002',1705,,64,10,,,0
1019,'1492004',1605,,65,10,,,0
1019,'1492007',1835,,67,10,,,0
1019,'1496918',1320,,576,10,,,0
1019,'1496921',1920,,577,10,,,0
1019,'1496922',720,,578,10,,,0
1019,'1496923',620,,579,10,,,0
1019,'1496924',2020,,580,10,,,0
1019,'1496928',1020,,581,10,,,0
1019,'1496930',1420,,582,10,,,0
1019,'1496933',1620,,583,10,,,0
1019,'1496935',1120,,584,10,,,0
1019,'1496938',2120,,585,10,,,0
1019,'1496940',1520,,586,10,,,0
1019,'1496941',1720,,587,10,,,0
1019,'1496945',920,,588,10,,,0
1019,'1496946',820,,589,10,,,0
1019,'1496949',1220,,590,10,,,0
1019,'1496950',1820,,591,10,,,0
1019,'1496951',2320,,592,10,,,0
1019,'1496952',2220,,593,10,,,0
