4019,'1496112',709,,1237,63,,,0
4019,'1496113',1109,,1238,63,,,0
4019,'1496114',909,,1239,63,,,0
4019,'1496115',1709,,1240,63,,,0
4019,'1496116',1009,,1241,63,,,0
4019,'1496117',1209,,1242,63,,,0
4019,'1496118',809,,1243,63,,,0
4019,'1496119',1609,,1244,63,,,0
4019,'1496120',1809,,1245,63,,,0
4019,'1496121',1409,,1246,63,,,0
4019,'1496122',1509,,1247,63,,,0
4019,'1496123',1309,,1248,63,,,0
4019,'1496124',609,,1249,29,,,0
4019,'1496355',709,,1250,63,,,0
4019,'1496356',2347,,1251,63,,,0
4019,'1496357',1109,,1252,63,,,0
4019,'1496358',909,,1253,63,,,0
4019,'1496359',2054,,1254,63,,,0
4019,'1496360',1709,,1255,63,,,0
4019,'1496361',1909,,1256,63,,,0
4019,'1496362',2154,,1257,63,,,0
4019,'1496363',1009,,1258,63,,,0
4019,'1496364',1209,,1259,63,,,0
4019,'1496365',1954,,1260,63,,,0
4019,'1496366',809,,1261,63,,,0
4019,'1496367',1609,,1262,63,,,0
4019,'1496368',1809,,1263,63,,,0
4019,'1496369',1409,,1264,63,,,0
4019,'1496370',1509,,1265,63,,,0
4019,'1496371',2254,,1266,63,,,0
4019,'1496372',1309,,1267,63,,,0
4019,'1496373',609,,1268,29,,,0
4019,'1496435',854,,1269,63,,,0
4019,'1496436',754,,1270,63,,,0
4019,'1496437',1654,,1271,63,,,0
4019,'1496438',2254,,1272,63,,,0
4019,'1496439',1754,,1273,63,,,0
4019,'1496440',1454,,1274,63,,,0
4019,'1496441',2154,,1275,63,,,0
4019,'1496442',1054,,1276,63,,,0
4019,'1496443',1954,,1277,63,,,0
4019,'1496444',1554,,1278,63,,,0
4019,'1496445',954,,1279,63,,,0
4019,'1496446',1854,,1280,63,,,0
4019,'1496447',1354,,1281,63,,,0
4019,'1496448',654,,1282,63,,,0
4019,'1496449',2054,,1283,63,,,0
4019,'1496450',1154,,1284,63,,,0
4019,'1496451',1254,,1285,63,,,0
4019,'1496452',2347,,1286,63,,,0
4019,'1496661',854,,1287,63,,,0
4019,'1496662',754,,1288,63,,,0
4019,'1496663',1654,,1289,63,,,0
4019,'1496664',2254,,1290,63,,,0
4019,'1496665',1754,,1291,63,,,0
4019,'1496666',1454,,1292,63,,,0
4019,'1496667',2154,,1293,63,,,0
4019,'1496668',1054,,1294,63,,,0
4019,'1496669',1954,,1295,63,,,0
4019,'1496670',1554,,1296,63,,,0
4019,'1496671',954,,1297,63,,,0
4019,'1496672',1854,,1298,63,,,0
4019,'1496673',1354,,1299,63,,,0
4019,'1496674',2054,,1300,63,,,0
4019,'1496675',1154,,1301,63,,,0
4019,'1496676',1254,,1302,63,,,0
4019,'1496677',2347,,1303,63,,,0
